user_id,session_duration,total_page_clicks,num_trips,num_flights,num_hotels,flight_discount,hotel_discount,hotel_price_per_room_night_usd,checked_bags,seats,nights,rooms,rebooking_ratio,co_booking_ratio,flight_only_ratio,hotel_only_ratio,log_money_spent_hotel,log_money_spent_flight,cluster_k7
23557,-1.3245822483982044,-0.9565486648353788,-0.5,-1.0,0.0,0.0,2.0,-0.0705419845212851,-0.658683161076804,-3.801784016923932,1.3100019998680503,1.8945304820059297,0.0,-1.945257774202184,0.0,3.10628371950539,0.6815935544669849,-5.846818380501243,3
94883,-1.4030956819889788,-1.209990462642304,-0.5,0.0,0.0,0.0,0.0,-0.638133760600969,0.1350614931535953,1.223901085741545,-1.2169959899404237,1.8945304820059297,0.0,0.4641630654510255,0.0,0.0,-1.6295773359961658,-0.078116915116086,6
101486,0.6346203868037256,0.0679485038398385,-0.5,-0.5,0.0,0.0,0.0,0.0257958432947767,-0.658683161076804,-1.577882931182386,0.3100019998680502,1.8945304820059297,0.0,-0.5358369345489745,0.0,1.8170594925112875,0.326479947814694,-1.3670277232130856,2
101961,-0.5779753101425147,0.0,1.0,1.5,1.5,0.6000000000000001,0.0,0.4783641258236343,0.0,0.0,0.2582274885597975,0.0,0.0,0.4641630654510255,0.0,0.0,0.3954261876129282,0.2280899350178239,5
106907,0.2590848559368502,1.3972450735495368,-1.0,0.0,0.0,1.5,2.0,-0.3362046060884055,1.491976942010319,3.801784016923932,1.4203584774198996,5.8849491923617165,1.0986122886681096,1.8735839051042344,0.0,0.0,1.2648913958801744,1.083623071418565,6
118043,0.0505079689189982,0.5606834135017086,1.0,0.5,1.0,0.6000000000000001,2.4,0.7226184836916358,0.2614030824062447,0.5227586988632229,0.6427584400467276,1.0,0.0,-0.7756602606914664,1.18274896353532,1.5078734502500786,0.9764757546235624,0.7707864262134573,5
120851,-0.8846402569883903,-1.825432057876876,-1.0,-0.5,-0.5,0.0,0.0,-0.6288743442949367,-0.658683161076804,0.0,1.4203584774198996,0.0,0.0,0.4641630654510255,0.0,0.0,0.2614323449824804,-0.7671926301977898,0
125845,0.5335710669900959,0.5064929114075749,0.0,0.5,0.5,1.0,0.0,-0.0311285469557203,0.341316838923196,0.8454879529219202,-0.4872619880436798,1.3087681003312956,0.0,0.4641630654510255,0.0,0.0,-0.4775176648449313,0.4715042672243974,6
133058,-0.9250648120180158,-1.209990462642304,-1.0,-0.5,-1.0,0.0,0.0,-5.01837906474446,-0.658683161076804,0.0,-1.7312471447788258,-5.8849491923617165,0.0,-1.945257774202184,4.496556105601924,0.0,-5.009979129451652,-0.6853663648040964,4
149058,-1.1422605445110343,0.2446949798295298,1.0,1.5,1.5,0.6000000000000001,0.0,0.6591774762217456,0.0,0.5227586988632229,0.5412403216331251,0.8092012510390698,0.0,0.4641630654510255,0.0,0.0,0.9457549953858814,0.6019929830981741,5
152583,0.8955165749326622,0.3502240363019069,-1.0,-0.5,-0.5,0.0,0.0,-0.4970162361072746,1.491976942010319,0.0,-0.3378778341536493,0.0,0.0,0.4641630654510255,0.0,0.0,-0.8102796745285253,-0.8052980264149877,0
153982,-0.436621875182693,0.3648961975046188,0.0,0.5,0.5,0.0,0.0,0.4020059933952999,-0.0955123664504794,0.0,-0.6566197736857983,0.0,0.0,0.4641630654510255,0.0,0.0,-0.4856039102674839,-0.3116908475677428,0
160754,-0.1921956818600621,-0.8526164401574539,-1.0,-0.5,-0.5,0.0,0.0,-0.4930880313027384,0.69823228777992,0.0,-0.3378778341536493,0.0,0.0,0.4641630654510255,0.0,0.0,-0.8070395392561132,-1.965777240942916,0
164522,-0.1598698250689396,-0.7777566563817965,-1.0,-0.5,-0.5,3.0,0.0,-0.421734197117816,0.69823228777992,0.0,1.6158676927261533,0.0,0.0,0.4641630654510255,0.0,0.0,0.548436992917099,-0.9455758463642832,0
167852,-0.3934761774586333,-1.5305744279146267,-1.5,-1.0,-1.0,0.0,0.0,-5.01837906474446,-0.658683161076804,-3.801784016923932,-1.7312471447788258,-5.8849491923617165,0.0,-1.945257774202184,0.0,0.0,,,1
171470,-0.614071367385121,1.7205513337595983,-1.0,0.0,-0.5,3.0,2.0,-5.01837906474446,-0.658683161076804,0.0,-1.7312471447788258,-5.8849491923617165,1.0986122886681096,0.4641630654510255,4.496556105601924,0.0,-5.009979129451652,1.039882087773098,4
174997,0.0888223684153056,1.1348704085285175,-0.5,0.0,0.0,0.0,0.0,-0.4547815074426213,-0.658683161076804,0.0,-0.3378778341536493,0.0,0.0,0.4641630654510255,0.0,0.0,-0.7754446575541669,-0.4025047183064898,0
175032,-0.9572994030547236,0.0171841500464987,0.0,0.0,0.5,0.0,1.3333333333333333,0.0671079604591404,-0.0955123664504794,0.8454879529219202,0.3918561677430946,3.4424745961808574,0.0,-0.1695975135107168,0.0,1.2892242269941023,0.595885135433356,0.134712674317675,6
181157,0.1857616720748111,0.4083366568994223,0.0,0.5,0.5,1.0,1.3333333333333333,0.1975708193421089,0.69823228777992,1.577882931182386,0.1285072852083251,2.4424745961808583,0.0,0.4641630654510255,0.0,0.0,0.7128517350898034,0.010706884628094,6
182191,-0.1107262136248662,0.3354537328232688,-1.5,-1.0,-1.0,0.0,0.0,-5.01837906474446,-0.658683161076804,-3.801784016923932,-1.7312471447788258,-5.8849491923617165,0.0,-1.945257774202184,0.0,0.0,,,1
187212,1.259320029366666,0.0171841500464987,0.0,0.5,0.5,0.0,0.0,0.3951097236179296,0.341316838923196,0.0,-0.3378778341536493,0.0,0.0,0.4641630654510255,0.0,0.0,-0.3176425919331672,0.2314438532804496,5
189676,-0.2134663218814831,-0.6817349135302966,-0.5,-0.5,0.0,0.0,0.0,-0.0540890522040309,0.69823228777992,1.223901085741545,1.189120155654825,3.4424745961808574,0.0,-0.5358369345489745,0.0,1.8170594925112875,0.8960150531431272,0.2326365354399117,6
190866,0.2442635414416244,0.8370626750721992,1.0,1.5,1.5,0.0,0.0,0.6621671839277242,0.0,0.0,-0.4253814519207233,0.0,0.0,0.4641630654510255,0.0,0.0,-0.0070205726284137,0.6710315109739489,5
195192,1.9295837878953084,1.029197033103319,-1.0,-0.5,-0.5,0.0,0.0,-0.7367958543838122,-0.658683161076804,2.2239010857415447,-0.8521289889920516,3.4424745961808574,0.0,0.4641630654510255,0.0,0.0,-1.0081329209702,-0.7461988657720127,6
204943,1.161423898001422,1.664442816125154,1.5,2.5,2.5,0.8571428571428571,0.5714285714285712,1.0499441334744015,0.5531573958679379,1.0649098102007617,0.8832544627967224,1.6484208728274092,0.2876820724517809,0.7423962796077841,0.0,0.0,1.586753751257162,1.0654675700977798,5
204997,0.152640391233466,2.2211866172761154,0.0,1.0,0.5,1.5,2.0,-0.4074525263263,-0.2218539557031286,1.223901085741545,-0.0833673107571263,2.4424745961808583,0.5108256237659907,0.4641630654510255,1.8662394014360388,0.0,-0.2812151712739625,0.29207500256016,6
205044,-0.4029739392015439,0.1338683882105274,0.0,0.5,0.5,1.0,0.0,0.5585598423156307,-0.0955123664504794,2.2239010857415447,0.4687463394429643,3.4424745961808574,0.0,0.4641630654510255,0.0,0.0,0.979622358142012,0.805876270443701,6
206011,-0.4077419345842769,0.4509389841865806,0.5,1.0,0.5,0.75,1.0,-0.1044441943771978,-0.2218539557031286,0.0,-0.0833673107571263,0.0,0.0,0.0,1.4475677406305645,0.0,-0.1824452405001465,0.0672047819115872,5
216796,-0.5384822060047242,-0.0173189290703666,-1.0,0.0,0.0,3.0,2.0,0.1888931071699577,1.491976942010319,2.2239010857415447,1.3100019998680503,0.0,1.0986122886681096,1.8735839051042344,0.0,0.0,0.8704592396669688,0.9697553448137372,5
217114,-1.0330582884749464,-1.6365860878501548,-1.5,-1.0,-1.0,0.0,0.0,-5.01837906474446,-0.658683161076804,-3.801784016923932,-1.7312471447788258,-5.8849491923617165,0.0,-1.945257774202184,0.0,0.0,,,1
217136,-0.0839247720505603,-0.3957040193861091,-0.5,-0.5,0.0,0.0,0.0,0.1730443940735816,-0.658683161076804,-1.577882931182386,-0.3378778341536493,0.0,0.0,-0.5358369345489745,0.0,1.8170594925112875,-0.5083399696574136,-0.4792058506383653,2
220725,-0.9572994030547236,1.8586057936254248,0.5,1.5,1.0,0.6000000000000001,1.6,0.2197233171965426,-0.30176771222008,0.0,0.2449467451820483,0.0,0.4054651081081644,0.4641630654510255,1.4475677406305645,0.0,0.2037068645909473,0.8007363123359654,5
224996,0.142162029197963,-0.4798342762580817,-0.5,0.0,-0.5,0.0,0.0,-0.428966845856491,-0.658683161076804,0.0,-1.7312471447788258,0.0,0.0,-0.5358369345489745,2.6303167041658844,0.0,-5.009979129451652,-0.0456896027258114,0
226367,-0.6863062742965885,-0.2364889768829301,0.0,0.5,0.5,1.0,0.0,0.5708444634239971,0.341316838923196,0.8454879529219202,-0.4872619880436798,1.3087681003312956,0.0,0.4641630654510255,0.0,0.0,0.2119348624896233,-0.0590932793697764,6
228195,0.3831150809329457,-0.1984164451611818,-1.5,-1.0,-1.0,0.0,0.0,-5.01837906474446,-0.658683161076804,-3.801784016923932,-1.7312471447788258,-5.8849491923617165,0.0,-1.945257774202184,0.0,0.0,,,1
228872,0.1692782385557059,-0.0173189290703666,-0.5,-0.5,0.0,0.0,0.0,-0.6016913932633047,0.1350614931535953,-1.577882931182386,0.8242531547064528,0.0,0.0,-0.5358369345489745,0.0,1.8170594925112875,-0.044198616820076,-0.5285107666875075,2
229009,0.6266380038686127,0.2753642525262495,0.0,1.0,0.5,0.75,1.0,-0.2123810522025144,-0.2218539557031286,0.0,-0.5691161559187239,0.0,0.5108256237659907,0.4641630654510255,1.8662394014360388,0.0,-0.7364125359441881,1.3167904003444575,5
229108,-0.0875091874213585,1.3695851861629027,-1.0,0.0,-0.5,1.5,2.0,-5.01837906474446,-0.658683161076804,0.0,-1.7312471447788258,-5.8849491923617165,1.0986122886681096,0.4641630654510255,4.496556105601924,0.0,-5.009979129451652,-0.0652676680867083,4
229330,0.242277988173453,0.0342356026297282,0.5,1.0,1.0,0.0,0.0,0.6531660471245939,-0.2218539557031286,1.7466597846047676,-0.5691161559187239,2.703731733044999,0.0,0.4641630654510255,0.0,0.0,0.5849864496083265,0.4188432332152143,6
232647,0.1837095895664544,-0.5231327642549591,-0.5,-0.5,-0.5,0.0,0.0,-0.4970162361072746,0.1350614931535953,-1.577882931182386,1.4203584774198996,0.0,0.0,-1.945257774202184,2.6303167041658844,1.8170594925112875,0.3704417750943899,-1.178609567389136,2
249521,1.0218911471717251,0.3794715120532125,-0.5,-0.5,0.0,0.0,2.0,-0.2585623848245567,0.1350614931535953,-1.577882931182386,-0.5691161559187239,0.0,0.0,-0.5358369345489745,0.0,1.8170594925112875,-0.9088797575016068,-0.3311661452790486,2
252835,-0.5364277497740233,-0.1796235475848035,1.0,1.5,1.0,0.6000000000000001,0.0,0.2703107247497532,0.2614030824062447,0.0,-0.0548650010803214,0.0,0.0,0.0979236444127681,1.18274896353532,0.0,0.0426512479371158,0.4552402158380379,5
258451,-1.0371365387476892,0.5201657237419183,-1.0,-0.5,0.0,1.5,2.0,-0.0658082731694688,-0.658683161076804,-3.801784016923932,1.6158676927261533,0.0,1.0986122886681096,0.4641630654510255,0.0,3.10628371950539,0.8422796081177375,-5.846818380501243,3
264470,0.3266611618818428,-0.160989241751724,-0.5,0.0,0.0,1.5,0.0,0.0321232703090544,0.1350614931535953,0.0,0.4308838440812761,0.0,0.0,0.4641630654510255,0.0,0.0,0.3034076189290572,-0.107069302572323,0
276512,-0.0163393720314941,-0.5672972791819948,-1.0,-0.5,-0.5,0.0,0.0,-1.129685880855539,0.69823228777992,0.0,-0.8521289889920516,0.0,0.0,0.4641630654510255,0.0,0.0,-1.8099113910858329,-0.7431831275843522,0
281952,0.9830446534764662,0.4788906502885904,-0.5,0.0,0.0,0.0,2.0,-0.3200932470737037,1.1350614931535954,0.0,-0.8521289889920516,0.0,0.0,0.4641630654510255,0.0,0.0,-1.21761640733117,-0.2763237021135706,0
283325,0.5375811775521182,-0.2364889768829301,-0.5,-0.5,0.0,1.5,0.0,0.4259515468904485,-0.658683161076804,-1.577882931182386,0.0269891667947226,1.8945304820059297,0.0,-0.5358369345489745,0.0,1.8170594925112875,0.4306738084822796,-0.7172405398342919,2
290123,0.1316214806736528,0.8837977981322299,2.0,2.5,2.0,0.0,0.0,1.1099171521469713,0.39646457555984,1.3784131328196252,-0.2693044096563544,2.4424745961808583,0.0,0.2065593450588091,0.8662394014360383,0.0,0.6648684868177221,1.3562593663714095,5
297546,1.4113670873260926,1.0720751208824848,1.0,1.0,1.5,0.0,0.8,0.2687254027308957,0.2614030824062447,0.5227586988632229,0.5828276343672492,1.5479441141749286,0.0,0.0979236444127681,0.0,0.8170594925112873,0.6568905974484651,0.4787005396362683,5
298253,0.2607240597573156,-0.5672972791819948,-1.0,-0.5,-1.0,0.0,0.0,-5.01837906474446,1.491976942010319,0.0,-1.7312471447788258,-5.8849491923617165,0.0,-1.945257774202184,4.496556105601924,0.0,-5.009979129451652,-0.2425440860500791,4
299476,0.9847893267144038,0.8488395143843301,-1.0,-0.5,-0.5,0.0,0.0,-1.414867016446103,-0.658683161076804,0.0,-0.8521289889920516,0.0,0.0,0.4641630654510255,0.0,0.0,-2.044591502999738,-1.3560623551877278,0
306165,0.1210180031287195,-0.7777566563817965,-1.5,-1.0,-1.0,0.0,0.0,-5.01837906474446,-0.658683161076804,-3.801784016923932,-1.7312471447788258,-5.8849491923617165,0.0,-1.945257774202184,0.0,0.0,,,1
306819,-0.20237380262811,1.805938680440876,-0.5,0.5,0.5,1.0,1.3333333333333333,0.7104945564722782,-0.0955123664504794,0.0,-0.8521289889920516,0.0,0.6931471805599453,1.2398233261424922,0.0,0.0,-0.2955975144699341,-1.0677038727458192,5
312488,-0.4283224338496264,-1.1222377710152045,-1.0,-0.5,-0.5,0.0,0.0,-0.2123810522025144,0.69823228777992,0.0,-1.7312471447788258,0.0,0.0,0.4641630654510255,0.0,0.0,-5.009979129451652,-0.7189944828605159,0
313724,0.4412865586609458,2.18941409592449,1.0,1.5,2.0,0.4999999999999998,0.6666666666666664,0.8839233232301239,0.341316838923196,0.0,0.0269891667947226,1.3087681003312956,0.3364722366212129,0.4641630654510255,0.0,0.8170594925112873,0.7364910311458682,0.5985074637569572,5
316527,0.3028208413348977,0.1978772796996186,0.5,1.0,1.0,0.0,1.0,0.8684361729420885,-0.2218539557031286,0.6460181545591593,0.0269891667947226,1.0,0.0,0.4641630654510255,0.0,0.0,0.8069231466372583,0.5184019763173495,5
317688,0.4648111040779986,0.1011544248762458,0.5,1.0,1.0,0.0,1.0,0.4696582346021785,0.1350614931535953,0.0,-0.702744835102021,0.0,0.0,0.4641630654510255,0.0,0.0,-0.1687915959486728,0.2288126915567306,5
322867,-0.7250233870255992,-0.9565486648353788,-1.0,-0.5,-0.5,0.0,0.0,-0.5972449533698806,0.69823228777992,0.0,0.9061073225814968,0.0,0.0,0.4641630654510255,0.0,0.0,-0.0256222520572244,-1.445944746654129,0
324191,-0.3680830603664354,-0.8526164401574539,-0.5,0.0,0.0,0.0,0.0,0.2701998492440388,0.1350614931535953,1.223901085741545,0.4308838440812761,1.8945304820059297,0.0,0.4641630654510255,0.0,0.0,0.0964456062704932,-1.912316217903126,6
328590,-0.093499335471865,1.995533472767274,0.0,1.0,0.5,0.75,3.0,-0.1820387150016389,-0.2218539557031286,1.223901085741545,0.4308838440812761,3.4424745961808574,0.5108256237659907,0.4641630654510255,1.8662394014360388,0.0,0.441579414162661,1.1516811392399102,6
330764,-0.2306681727012954,1.821115043526556,0.0,0.0,0.5,0.75,2.0,-0.3329575947312695,0.1350614931535953,1.223901085741545,0.4308838440812761,0.0,0.5108256237659907,-0.9452577742021836,1.8662394014360388,2.2892242269941026,-0.1572987192471922,-0.197574568026686,5
330893,-0.1274227146202677,0.1011544248762458,0.0,0.5,0.5,0.0,0.0,0.0610387980526892,0.341316838923196,0.0,-0.3378778341536493,0.0,0.0,0.4641630654510255,0.0,0.0,-0.4187779828029572,-0.0805657697603929,0
331039,1.0640802380559156,0.9744013643849618,-1.0,0.0,0.0,1.5,4.0,0.0691213387276551,1.491976942010319,3.801784016923932,1.055491476471528,3.4424745961808574,1.0986122886681096,1.8735839051042344,0.0,0.0,1.061971243936046,1.083623071418565,6
334787,0.1871284110521476,-0.1425108733599631,0.0,0.5,0.5,1.0,0.0,0.2314146620134179,0.341316838923196,0.0,-0.3378778341536493,0.0,0.0,0.4641630654510255,0.0,0.0,-0.3207857618125258,-0.1993799331902726,0
337227,0.0,-0.9301034129840848,-1.5,-1.0,-1.0,0.0,0.0,-5.01837906474446,-0.658683161076804,-3.801784016923932,-1.7312471447788258,-5.8849491923617165,0.0,-1.945257774202184,0.0,0.0,,,1
338086,0.6372732285417454,0.1661047583479931,-0.5,0.0,0.0,0.0,2.0,-0.9366747547804596,0.1350614931535953,0.0,-0.8521289889920516,0.0,0.0,0.4641630654510255,0.0,0.0,-1.5219354167561994,0.0306066865046168,0
340166,0.1456616898640888,-0.8024290039733696,-1.0,-1.0,-0.5,0.0,0.0,-0.4074525263263,-0.658683161076804,-3.801784016923932,-0.3378778341536493,0.0,0.0,-1.945257774202184,0.0,3.10628371950539,-0.7364125359441881,-5.846818380501243,3
343928,0.2698757476496213,-0.0879858281037825,-0.5,0.0,-0.5,1.5,0.0,-1.0057789055147548,0.1350614931535953,1.223901085741545,0.0269891667947226,0.0,0.0,-0.5358369345489745,2.6303167041658844,0.0,-0.9501443546762588,0.5434031286647144,0
347778,0.1188896898561776,0.5337543951599557,1.0,1.5,1.0,0.0,0.0,0.720764581063742,0.69823228777992,1.0,-0.2363597157400465,1.8945304820059297,0.0,0.0979236444127681,1.18274896353532,0.0,0.6826314895525625,1.0346122064215568,5
348817,-0.899691848879138,-0.0347747680912913,0.5,0.5,1.0,0.0,0.0,0.7426833680186712,0.1350614931535953,-0.7323949782604657,-0.2363597157400465,0.0,0.0,0.0,0.0,1.0,0.3596467584420902,0.3175271981664445,5
348863,-0.0561782882445115,-0.983314472996574,-1.5,-1.0,-1.0,0.0,0.0,-5.01837906474446,-0.658683161076804,-3.801784016923932,-1.7312471447788258,-5.8849491923617165,0.0,-1.945257774202184,0.0,0.0,,,1
349132,0.1139136848026761,0.1011544248762458,0.0,0.0,0.5,0.0,1.3333333333333333,0.3459987765666413,-0.0955123664504794,0.8454879529219202,0.4687463394429643,2.4424745961808583,0.0,-0.1695975135107168,0.0,1.2892242269941023,0.6518031846228813,-0.2322757232962037,6
350648,0.9588799648867228,1.8586057936254248,-1.0,0.0,0.0,1.5,2.0,-0.0333966463183919,-0.658683161076804,0.0,0.0269891667947226,0.0,1.0986122886681096,1.8735839051042344,0.0,0.0,-0.1472403352682224,-0.6836601019616451,5
353271,-0.0321678663686793,-0.9039711300422292,-1.0,-0.5,-0.5,0.0,0.0,-0.8728109866596636,-0.658683161076804,2.2239010857415447,-1.7312471447788258,3.4424745961808574,0.0,0.4641630654510255,0.0,0.0,-5.009979129451652,-0.7162815732826079,6
353694,-0.1274227146202677,-0.5231327642549591,-0.5,0.0,0.0,0.0,0.0,-0.3693820574906892,0.1350614931535953,1.223901085741545,0.4308838440812761,1.8945304820059297,0.0,0.4641630654510255,0.0,0.0,0.1206723894822329,-0.6124946262834398,6
354050,0.3810747852307988,0.6652308508706292,1.0,1.5,1.5,0.6000000000000001,0.8,0.8455990175927858,-0.30176771222008,0.5227586988632229,-0.2560236662786049,0.8092012510390698,0.0,0.4641630654510255,0.0,0.0,0.3580856394853954,0.6062691732363834,5
354260,0.544776638629751,-0.1984164451611818,-0.5,0.0,-0.5,0.0,0.0,-0.329723047939766,0.69823228777992,0.0,-0.3378778341536493,0.0,0.0,-0.5358369345489745,2.6303167041658844,0.0,-0.6723190803058241,0.1765117955787418,0
354311,0.0405206293116058,-0.5672972791819948,-0.5,0.0,-0.5,0.0,0.0,-1.155092782707833,0.1350614931535953,0.0,0.0269891667947226,0.0,0.0,-0.5358369345489745,2.6303167041658844,0.0,-1.0737879433290345,0.1063097610515714,0
354950,0.4204438374979737,-0.5231327642549591,-1.0,-0.5,-0.5,0.0,0.0,-0.9300661059658892,0.69823228777992,0.0,0.7367495369393785,0.0,0.0,0.4641630654510255,0.0,0.0,-0.4077861380408977,-0.6140272230439502,0
356046,-0.0114217577775157,-0.5013773948113078,-0.5,0.0,0.0,0.0,0.0,-0.5710480743108943,-0.658683161076804,1.223901085741545,-0.3378778341536493,1.8945304820059297,0.0,0.4641630654510255,0.0,0.0,-0.4616226952058042,-0.1611922677493995,6
357737,-1.078442521692874,2.050740151656545,1.0,1.5,2.0,0.4999999999999998,2.0,0.8253530074187294,-0.0955123664504794,-0.4772413011367771,0.1285072852083251,0.0,0.3364722366212129,0.4641630654510255,0.0,0.8170594925112873,0.5942804915991388,0.7094439556629133,5
359072,-0.3238171625337165,2.0163980576406777,0.0,1.0,1.0,0.75,1.0,0.2061600721540697,-0.2218539557031286,0.0,-0.2363597157400465,0.0,0.5108256237659907,1.0,0.0,0.0,-0.2675703846699835,-0.1539841344392043,5
359080,-1.527783866102313,-0.0173189290703666,0.5,1.0,0.0,0.0,1.0,0.4746440385249632,0.69823228777992,0.6460181545591593,-0.3378778341536493,0.0,0.0,-0.5358369345489745,2.6303167041658844,0.0,0.0051089673447411,1.002645911942305,5
359653,0.4341680031859483,0.0,-0.5,0.0,0.0,0.0,2.0,0.0929139332691932,0.69823228777992,0.0,-0.5691161559187239,0.0,0.0,0.4641630654510255,0.0,0.0,-0.518712929596744,-0.1606272730886492,0
361459,-1.135055353236241,-1.67308530127459,-1.0,-0.5,-0.5,0.0,0.0,-0.7110263106475204,0.69823228777992,0.0,-0.8521289889920516,0.0,0.0,0.4641630654510255,0.0,0.0,-1.4653897431627216,-0.7470192663667522,0
361759,-1.1772582722435037,0.1978772796996186,0.5,1.0,0.5,0.0,1.0,-0.4004014525057859,0.1350614931535953,0.0,-1.0833673107571262,0.0,0.0,0.0,1.4475677406305645,0.0,-1.6863582955391552,0.4786338049136091,0
363535,-1.0994614322526868,1.469354407972039,0.0,1.0,1.0,1.5,1.0,0.5495117188119661,0.4368292053736752,0.6460181545591593,-0.0548650010803214,1.0,0.5108256237659907,1.0,0.0,0.0,0.2583097531757719,0.2565196015533064,5
365825,0.6105647972166517,1.664442816125154,-0.5,0.0,0.5,1.0,1.3333333333333333,0.2860020237305984,-0.0955123664504794,-2.223901085741545,0.7367495369393785,2.4424745961808583,0.6931471805599453,0.4641630654510255,0.0,1.8170594925112875,0.825603542992301,-2.277835556964594,2
371201,0.393281549524254,-0.4164379946042029,-1.0,-0.5,-1.0,0.0,0.0,-5.01837906474446,1.491976942010319,0.0,-1.7312471447788258,-5.8849491923617165,0.0,-1.945257774202184,4.496556105601924,0.0,-5.009979129451652,-1.3253479812885725,4
372970,-0.7604390377164095,-0.5013773948113078,-0.5,0.0,0.0,0.0,0.0,0.0487677306243735,0.1350614931535953,0.0,-1.2169959899404237,0.0,0.0,0.4641630654510255,0.0,0.0,-1.110354641666316,0.2655500038912955,0
373489,0.1183572127982543,-0.160989241751724,-1.0,-0.5,-0.5,3.0,0.0,-1.6890674118284184,1.491976942010319,3.801784016923932,1.521876595833502,3.4424745961808574,0.0,0.4641630654510255,0.0,0.0,-0.0795099949117966,0.2473925738379684,6
374331,-0.7201373393404769,1.521931942765189,-0.5,0.0,0.0,1.0,1.3333333333333333,-0.2675104165746464,0.341316838923196,-1.0,1.521876595833502,3.4424745961808574,0.6931471805599453,-0.5358369345489745,2.6303167041658844,1.8170594925112875,1.1008411659407984,-0.5921687175464038,2
374340,-0.6344118805387788,-1.0656153830619794,-1.0,-0.5,-1.0,0.0,4.0,-5.01837906474446,0.69823228777992,2.2239010857415447,-1.7312471447788258,-5.8849491923617165,0.0,-1.945257774202184,4.496556105601924,0.0,-5.009979129451652,0.4926206152799864,4
374341,0.4720990798906036,-0.4164379946042029,0.0,-1.0,0.5,0.0,0.0,0.1441111341357359,-0.658683161076804,-3.801784016923932,0.95788183388975,3.4424745961808574,0.0,-1.945257774202184,0.0,3.10628371950539,1.1131120248031523,-5.846818380501243,3
375160,-1.3592047329338672,-2.4606778408987102,-1.5,-1.0,-1.0,0.0,0.0,-5.01837906474446,-0.658683161076804,-3.801784016923932,-1.7312471447788258,-5.8849491923617165,0.0,-1.945257774202184,0.0,0.0,,,1
375729,-0.0461344695078639,0.2446949798295298,0.0,0.5,0.5,2.0,0.0,0.2967071752754794,-0.0955123664504794,0.0,-0.3378778341536493,0.0,0.0,0.4641630654510255,0.0,0.0,-0.1318959690453323,-0.0469530332058399,5
375751,1.210470566912975,0.9067995908805876,0.0,0.5,0.0,0.0,0.0,-0.1219209359602892,-0.0955123664504794,0.0,0.0269891667947226,0.0,0.0,-0.1695975135107168,1.8662394014360388,0.0,-0.2202266772390929,-0.2483748281690155,0
376159,-0.2006733934858729,-0.4798342762580817,-0.5,-0.5,0.0,0.0,0.0,-0.3460213975689505,0.1350614931535953,-1.577882931182386,0.0269891667947226,0.0,0.0,-0.5358369345489745,0.0,1.8170594925112875,-0.4586825309987877,-0.8066636239719079,2
377069,-1.4852410605351385,0.728145423941257,-1.0,0.0,-0.5,1.5,4.0,-5.01837906474446,0.69823228777992,2.2239010857415447,-1.7312471447788258,-5.8849491923617165,1.0986122886681096,0.4641630654510255,4.496556105601924,0.0,-5.009979129451652,0.5722539216904161,4
377411,0.2142446204098905,-0.160989241751724,-0.5,0.0,0.0,1.5,0.0,-0.4436211005163201,-0.658683161076804,1.223901085741545,-0.1423686188473956,1.8945304820059297,0.0,0.4641630654510255,0.0,0.0,-0.2017534903746762,0.0377896558198263,6
378565,-0.8438942586172689,0.1500453992945883,1.0,0.0,1.5,1.2000000000000002,0.0,0.5299556561929079,-0.30176771222008,-1.9562960640020104,1.110643618014919,0.8092012510390698,0.0,-0.7756602606914664,0.0,2.10628371950539,1.2256942156485255,-0.2723275617706774,2
379543,-0.4192376201111174,-0.4373685033222146,0.0,0.5,0.5,0.0,0.0,0.4967221156972797,-0.0955123664504794,0.0,-0.3378778341536493,0.0,0.0,0.4641630654510255,0.0,0.0,0.0773625835770302,0.1692458565351342,5
380434,-0.4149180138957635,-0.2364889768829301,0.0,0.5,0.5,1.0,0.0,0.6098405516917155,-0.0955123664504794,0.0,-0.2042491549703521,0.0,0.0,0.4641630654510255,0.0,0.0,0.0263241907296694,0.0457913878872633,5
380436,0.2737835098716158,-0.3751629211508731,-1.0,-0.5,-0.5,0.0,4.0,-0.7110263106475204,0.69823228777992,0.0,0.3100019998680502,0.0,0.0,0.4641630654510255,0.0,0.0,-0.5802293160170953,-1.804969420804636,0
380757,-0.699761469053222,-0.0879858281037825,0.0,0.5,0.5,0.0,1.3333333333333333,0.2347254655047748,-0.0955123664504794,0.0,0.4687463394429643,0.0,0.0,0.4641630654510255,0.0,0.0,-0.0322789933654515,-0.5515394468421615,5
380874,-0.8076465267618362,-0.1796235475848035,0.0,0.5,0.5,0.0,4.0,0.2766223527970877,0.341316838923196,0.0,-0.6566197736857983,0.0,0.0,0.4641630654510255,0.0,0.0,-0.8442238530196173,-0.1019537342835683,5
380949,0.6972198960361199,2.2148685811006907,1.0,2.0,1.5,0.4999999999999998,1.3333333333333333,0.9205800772741596,-0.3569154488567242,0.0,-0.4253814519207233,0.0,0.3364722366212129,0.4641630654510255,1.18274896353532,0.0,0.291444429110384,0.7230315786747368,5
381259,0.2574441378401216,-0.589715259924501,-1.0,-0.5,-0.5,0.0,0.0,-1.4507276796498856,0.69823228777992,0.0,-0.8521289889920516,0.0,0.0,0.4641630654510255,0.0,0.0,-2.0741018155824507,-0.2341442906543323,0
381465,0.6895145598142639,1.442588599810844,0.5,0.5,1.5,1.2000000000000002,0.8,0.4506942292293857,-0.658683161076804,-1.2239010857415449,0.7367495369393785,0.0,0.4054651081081644,0.0,0.0,1.8170594925112875,0.5624819149708495,-0.7799606383144706,2
382181,-0.0275366324188616,-0.3957040193861091,0.0,0.5,0.0,0.0,0.0,0.0650897597231013,0.341316838923196,0.0,-0.3378778341536493,0.0,0.0,-0.1695975135107168,1.8662394014360388,0.0,-0.4948150998647015,0.106428899104385,0
382384,-0.2489112391742098,-1.151102915861414,-1.0,-0.5,-0.5,0.0,0.0,-0.7579944165917915,0.69823228777992,0.0,-1.7312471447788258,0.0,0.0,0.4641630654510255,0.0,0.0,-5.009979129451652,-1.209506475752971,0
382533,-0.2067537733149653,-1.3013753161468835,-1.5,-1.0,-1.0,0.0,0.0,-5.01837906474446,-0.658683161076804,-3.801784016923932,-1.7312471447788258,-5.8849491923617165,0.0,-1.945257774202184,0.0,0.0,,,1
385689,-0.2967009531759736,-0.7053517390478198,0.5,0.5,1.0,1.5,0.0,0.5585598423156307,-0.2218539557031286,0.0,0.3100019998680502,1.0,0.0,0.0,0.0,1.0,0.6574774681449975,0.2288814935843599,5
386255,-0.5794772782771856,-1.462625924074788,-1.0,-1.0,-0.5,0.0,0.0,-0.3042841828682106,-0.658683161076804,-3.801784016923932,0.3100019998680502,3.4424745961808574,0.0,-1.945257774202184,0.0,3.10628371950539,0.30892489150771,-5.846818380501243,3
386469,0.2108776483808671,-0.6352457830218333,-1.5,-1.0,-1.0,0.0,0.0,-5.01837906474446,-0.658683161076804,-3.801784016923932,-1.7312471447788258,-5.8849491923617165,0.0,-1.945257774202184,0.0,0.0,,,1
386914,0.2639979357320658,1.103695978225202,-0.5,0.5,0.0,1.0,4.0,-0.1527511459868734,1.2614030824062443,2.8017840169239308,-0.3378778341536493,0.0,0.6931471805599453,0.4641630654510255,2.6303167041658844,0.0,-0.5993698745524335,1.1169873339170606,5
387282,0.1561194858100087,-0.8273801410529529,-1.0,-1.0,-0.5,0.0,4.0,-0.1295233791538115,-0.658683161076804,-3.801784016923932,0.3100019998680502,5.8849491923617165,0.0,-1.945257774202184,0.0,3.10628371950539,0.6611828253088214,-5.846818380501243,3
387783,-0.5185519116073422,-0.8273801410529529,0.0,-0.5,0.5,0.0,0.0,0.3239975682904653,-0.658683161076804,-2.223901085741545,0.4687463394429643,1.3087681003312956,0.0,-0.9452577742021836,0.0,2.2892242269941026,0.455520976953465,-0.6699341358250999,2
388328,0.138655459029492,0.1338683882105274,1.0,0.5,1.5,0.6000000000000001,0.8,0.644067715603926,0.2614030824062447,-1.2239010857415449,0.4537367038660508,0.0,0.0,-0.311497195240441,0.0,1.5078734502500786,0.8633611498885092,0.2301602007748745,2
388767,-1.219734138124874,-0.4373685033222146,-1.0,-0.5,-0.5,0.0,0.0,-0.5972449533698806,0.69823228777992,0.0,1.3100019998680503,0.0,0.0,0.4641630654510255,0.0,0.0,0.221534632358231,-0.7949309128925561,0
388947,-1.153123435948697,-0.2752294817283874,0.0,0.5,0.0,1.0,1.3333333333333333,-0.0995167042849277,0.341316838923196,0.0,-0.3378778341536493,0.0,0.0,-0.1695975135107168,1.8662394014360388,0.0,-0.4825605066110255,0.1990576636817631,0
389434,0.4706438752099307,2.1112412550579096,1.0,2.0,2.0,1.0,0.6666666666666664,0.7104945564722782,0.1350614931535953,0.0,-0.6566197736857983,0.0,0.3364722366212129,0.7954669210998687,0.0,0.0,0.0234026090763114,0.8746226945242198,5
389662,-1.638824847510617,0.3056133849682904,0.0,0.0,0.5,1.0,0.0,0.2510871136656692,0.341316838923196,-1.0,-0.6566197736857983,0.0,0.0,-0.1695975135107168,0.0,1.2892242269941023,-0.3612207701268246,-0.3458305074567622,2
389759,-0.7986990155794161,0.4509389841865806,0.0,0.5,0.5,1.0,0.0,0.3150336709368571,-0.0955123664504794,1.577882931182386,-0.4872619880436798,2.4424745961808583,0.0,0.4641630654510255,0.0,0.0,0.3824652927467697,1.007729954351853,6
390811,-0.5384822060047242,0.084613882090961,0.0,0.5,0.5,0.0,0.0,0.036315310818796,0.341316838923196,0.0,0.1285072852083251,0.0,0.0,0.4641630654510255,0.0,0.0,-0.0495988597437845,0.1268165719936358,5
392453,-0.3467346058380727,-1.0656153830619794,-1.0,-0.5,-0.5,3.0,0.0,-1.0810609445042134,0.69823228777992,0.0,1.4203584774198996,0.0,0.0,0.4641630654510255,0.0,0.0,-0.113142411500657,-0.7905099116351977,0
395202,-0.1176640240616086,-1.2704915660436666,-1.0,-1.0,-0.5,0.0,0.0,-0.4399335742612029,-0.658683161076804,-3.801784016923932,1.6158676927261533,0.0,0.0,-1.945257774202184,0.0,3.10628371950539,0.5334004738658452,-5.846818380501243,3
395981,-0.7897963542653952,-0.5013773948113078,0.0,0.5,0.5,1.0,0.0,0.8220104177557999,0.69823228777992,0.8454879529219202,-0.8521289889920516,1.3087681003312956,0.0,0.4641630654510255,0.0,0.0,0.0065753534886088,0.5368256978664806,6
396552,-1.3245822483982044,-0.3346452313910828,0.5,1.0,1.0,0.0,0.0,0.501550773063559,0.1350614931535953,0.0,-1.02148677463417,0.0,0.0,0.4641630654510255,0.0,0.0,-0.7723629294299812,-0.1177135372974446,5
399137,0.544776638629751,0.4368293378606515,0.5,0.0,1.0,0.75,0.0,0.5981154005053577,0.1350614931535953,-1.577882931182386,0.2449467451820483,1.8945304820059297,0.0,-0.5358369345489745,0.0,1.8170594925112875,1.0696107611241072,-0.1109031576944663,2
399218,0.0844851813676359,-0.1060116599355281,-0.5,0.0,-0.5,0.0,0.0,-0.9568175085094904,0.1350614931535953,0.0,-0.3378778341536493,0.0,0.0,-0.5358369345489745,2.6303167041658844,0.0,-1.1898370963593174,-0.564903558738577,0
399799,-0.4293577455743089,-0.0173189290703666,0.5,1.0,1.0,0.0,0.0,-0.0448296358979986,0.1350614931535953,0.0,-0.3378778341536493,0.0,0.0,0.4641630654510255,0.0,0.0,-0.5629656602971103,0.3091648072785402,5
400275,-1.1278792739247545,-0.5451046085908845,-0.5,0.0,-0.5,3.0,0.0,-0.3200932470737037,0.1350614931535953,0.0,0.3100019998680502,0.0,0.0,-0.5358369345489745,2.6303167041658844,0.0,-0.1844178952774869,-0.0704115237275164,0
400582,-0.1237569192767911,-0.0347747680912913,0.5,0.5,1.0,0.75,0.0,0.869269068570294,-0.658683161076804,-0.7323949782604657,-0.2363597157400465,0.0,0.0,0.0,0.0,1.0,0.4288489314797315,-0.3524691001100612,2
400899,1.551100978367857,1.5305744279146267,0.0,0.5,0.5,0.0,0.0,0.358928929090066,0.341316838923196,0.8454879529219202,0.1285072852083251,1.3087681003312956,0.0,0.4641630654510255,0.0,0.0,0.3361822132149188,0.1213633360805117,5
401245,-0.0229174433043562,-0.1241858541912811,0.0,0.5,0.0,1.0,0.0,-0.3493192428921639,-0.658683161076804,0.0,0.0269891667947226,0.0,0.0,-0.1695975135107168,1.8662394014360388,0.0,-0.4451242392245452,-0.0291816413766769,0
402332,0.8017251673520314,0.1661047583479931,-0.5,0.0,0.0,1.5,4.0,-0.2735290021958272,-0.658683161076804,1.223901085741545,-1.2169959899404237,1.8945304820059297,0.0,0.4641630654510255,0.0,0.0,-1.7859583765287668,-0.1792061108531206,6
402978,-1.757273878088166,-0.2173706571356206,0.5,1.0,1.0,0.75,0.0,0.2891055204416102,0.4368292053736752,0.0,0.0269891667947226,0.0,0.0,0.4641630654510255,0.0,0.0,0.1995559599213331,0.3224118532487816,5
403881,-0.3034412922464608,0.1011544248762458,0.5,1.0,1.0,0.0,0.0,0.3503309115823942,0.4368292053736752,1.223901085741545,-0.1423686188473956,1.8945304820059297,0.0,0.4641630654510255,0.0,0.0,0.1846355940153194,0.9748119733430896,6
404879,-0.5570800430937265,0.0,0.5,1.0,0.5,0.0,0.0,0.5483738409827771,0.1350614931535953,0.6460181545591593,0.1285072852083251,1.3087681003312956,0.0,0.0,1.4475677406305645,0.0,0.8998856483660582,0.0853954691480382,5
405305,0.3219186297891719,0.1978772796996186,0.0,0.5,0.5,0.0,0.0,0.455704209312029,0.341316838923196,0.8454879529219202,-0.8521289889920516,1.3087681003312956,0.0,0.4641630654510255,0.0,0.0,-0.188472844206318,0.4552191100578812,6
406210,-0.3746316801076703,-0.6817349135302966,-0.5,0.0,0.0,0.0,0.0,-0.1194019552965795,0.1350614931535953,0.0,0.8242531547064528,0.0,0.0,0.4641630654510255,0.0,0.0,-0.0240529092072429,0.1951801378466621,0
407118,-0.0114217577775157,-0.2752294817283874,0.0,1.0,1.0,0.75,1.0,0.5334398723407602,0.4368292053736752,1.223901085741545,1.4203584774198996,0.0,0.5108256237659907,1.0,0.0,0.0,1.070473586168167,0.6907462390961796,5
407250,0.0523513289323201,0.2600828618709601,0.5,1.0,0.5,0.0,0.0,-0.1423485644212579,-0.2218539557031286,0.0,0.0269891667947226,0.0,0.0,0.0,1.4475677406305645,0.0,-0.2024289777019014,0.5999648344773761,5
407275,-0.8500081276955422,0.0,0.5,1.0,0.5,0.0,0.0,0.2197233171965426,0.1350614931535953,0.0,0.4687463394429643,0.0,0.0,0.0,1.4475677406305645,0.0,0.3911327516874767,-0.2022263074874766,5
407434,-0.2699925218508799,-1.565349196005918,-1.0,-1.0,-0.5,0.0,0.0,-0.6522165130024442,-0.658683161076804,-3.801784016923932,1.189120155654825,3.4424745961808574,0.0,-1.945257774202184,0.0,3.10628371950539,0.5834651470686166,-5.846818380501243,3
407642,-0.5058927189305872,-0.2948576299622514,-0.5,0.0,0.0,0.0,0.0,0.1923749237130809,-0.658683161076804,0.0,-0.8521289889920516,0.0,0.0,0.4641630654510255,0.0,0.0,-0.4187779828029572,-0.597137018472526,0
408551,-1.3930895867151236,-0.6817349135302966,-0.5,0.0,0.0,0.0,0.0,-0.0379512433783162,0.1350614931535953,0.0,-0.3378778341536493,0.0,0.0,0.4641630654510255,0.0,0.0,-0.2594518623854877,-0.3240721318607884,0
409073,0.2075042813394017,0.7405160565023101,0.0,0.5,0.5,0.0,0.0,0.2559342894747026,0.69823228777992,0.0,-0.4872619880436798,0.0,0.0,0.4641630654510255,0.0,0.0,-0.3714933681855635,0.4354475348424541,5
411179,1.6829940927827145,1.7597735396823695,0.0,0.5,1.0,2.25,1.0,0.7309109351381303,-0.2218539557031286,-0.7323949782604657,0.5930148329413781,1.0,0.5108256237659907,0.4641630654510255,0.0,1.2892242269941023,1.060813649998977,-0.120786708397886,5
411701,1.1849484434184765,0.4649590448526473,-0.5,-0.5,0.0,0.0,0.0,-0.1659376186237856,0.1350614931535953,-1.577882931182386,-0.8521289889920516,0.0,0.0,-0.5358369345489745,0.0,1.8170594925112875,-1.0168275513395155,-0.4202255025359218,2
413128,-0.2177511905783598,0.5201657237419183,1.0,1.0,1.5,1.2000000000000002,0.8,0.9139140147349128,-0.30176771222008,0.5227586988632229,0.6621221658463508,1.5479441141749286,0.0,0.0979236444127681,0.0,0.8170594925112873,1.34755706755146,0.3746235874142049,5
413340,1.010111273209228,-0.1241858541912811,0.0,0.5,-0.5,0.0,1.3333333333333333,-0.8666829712529469,0.341316838923196,0.0,1.055491476471528,0.0,0.0,-0.9452577742021836,3.313807142066604,0.0,-0.156033412898703,-0.4911394579799584,0
413418,-0.2611782247854098,-0.5672972791819948,0.0,0.0,0.0,0.0,0.0,-1.3917806845113108,0.69823228777992,0.0,0.0269891667947226,1.8945304820059297,0.0,-0.9452577742021836,1.8662394014360388,1.2892242269941023,-1.299066599486068,-0.4166986975411915,0
413658,0.6504783244155593,0.7650513326678573,0.0,0.5,0.5,0.75,2.0,-0.3864738890548298,0.9288061473839948,1.7466597846047676,0.0269891667947226,1.8945304820059297,0.5108256237659907,-0.1695975135107168,1.8662394014360388,1.2892242269941023,0.1030629604885665,1.1300827002442209,5
414128,-0.3402878575135052,0.1661047583479931,0.5,0.5,1.0,0.0,1.0,1.0262963706097694,-0.2218539557031286,0.6460181545591593,-0.0548650010803214,1.8945304820059297,0.0,0.0,0.0,1.0,0.8251185083533086,0.8577831242580218,5
415282,-0.976924765317542,-0.6817349135302966,-0.5,0.0,0.0,0.0,0.0,-0.1984534887515583,-0.658683161076804,2.2239010857415447,0.1763733206847534,3.4424745961808574,0.0,0.4641630654510255,0.0,0.0,0.5163549198908572,0.5267300414393083,6
415381,-0.9508055120417732,-0.3548111444861987,0.0,0.5,0.0,0.0,0.0,-0.4004014525057859,0.69823228777992,0.0,-0.1423686188473956,0.0,0.0,-0.1695975135107168,1.8662394014360388,0.0,-0.4626055269600932,-0.6314472454433813,0
415581,-1.1336178159554942,-0.2364889768829301,0.0,0.5,0.5,0.0,0.0,0.3630959572804501,0.341316838923196,0.0,0.6748690008164222,0.0,0.0,0.4641630654510255,0.0,0.0,0.2431437207631775,0.0958242415267214,5
416319,1.8335562282052091,1.2059435090930102,-0.5,0.0,0.0,0.0,0.0,-0.4737170999272641,0.1350614931535953,0.0,-1.2169959899404237,0.0,0.0,0.4641630654510255,0.0,0.0,-1.5356663146848972,-1.5807419034274108,0
416580,-0.9378885299188376,2.030199053421311,1.0,1.5,1.5,1.0,1.3333333333333333,0.4658994250774627,-0.3569154488567242,-0.4772413011367771,-0.1066395123885741,2.227521671566561,0.3364722366212129,0.0979236444127681,1.18274896353532,0.8170594925112873,0.3760395815945965,0.2195496143355888,5
417679,0.220959476096036,0.2291991117677428,1.0,1.5,1.0,0.6000000000000001,2.4,0.5252875090479848,0.0,0.5227586988632229,-0.0548650010803214,0.0,0.0,0.0979236444127681,1.18274896353532,0.0,0.293926311946861,0.6614564844362711,5
418329,0.9343819597503666,0.6266032978723975,0.0,0.5,0.5,2.0,1.3333333333333333,-0.0681718046055054,0.341316838923196,0.0,1.189120155654825,0.0,0.0,0.4641630654510255,0.0,0.0,0.5146030612359925,-0.7006123201467881,5
418488,1.7377539303853349,0.963277148732632,0.5,1.0,1.0,0.0,0.0,0.5051541929722428,0.1350614931535953,0.0,0.1038793384945924,0.0,0.0,0.4641630654510255,0.0,0.0,0.326479947814694,0.3401551214369631,5
418692,-0.4293577455743089,1.2844638578702687,0.0,1.0,1.0,1.5,2.0,0.5380631948014896,-0.2218539557031286,1.223901085741545,0.5412403216331251,1.8945304820059297,0.5108256237659907,1.0,0.0,0.0,0.7993345319800604,1.2948569413895958,5
420648,-0.8902696664980724,-0.6352457830218333,0.0,0.0,0.0,2.0,0.0,0.2330716898915232,-0.658683161076804,-1.0,0.6427584400467276,0.0,0.0,-0.9452577742021836,1.8662394014360388,1.2892242269941023,0.4625499342866795,0.2921133336387779,2
420669,-1.884190515710166,2.4770594642647925,0.5,1.5,1.5,1.0,1.3333333333333333,0.1888931071699577,0.1350614931535953,-0.4772413011367771,0.5412403216331251,0.0,0.6931471805599453,0.4641630654510255,1.4475677406305645,1.0,0.4181622470028578,0.9627848190940936,5
421247,1.2565164341303623,0.7528177715328302,0.5,1.0,1.0,0.0,2.0,0.6798860276024287,0.1350614931535953,0.0,-0.3378778341536493,0.0,0.0,0.4641630654510255,0.0,0.0,0.1004043790939823,-0.2459345047126821,5
421515,0.9208756040652278,0.7650513326678573,-0.5,0.0,0.0,0.0,2.0,-0.0634513530188094,0.1350614931535953,0.0,-0.8521289889920516,0.0,0.0,0.4641630654510255,0.0,0.0,-0.9441109881909936,-0.2883752255557558,0
421666,-1.56037335317645,1.7752694077441564,-0.5,0.5,0.5,1.0,1.3333333333333333,-0.5049280163443585,0.69823228777992,0.0,-0.8521289889920516,0.0,0.6931471805599453,1.2398233261424922,0.0,0.0,-1.2957881646004847,0.5055067253315987,0
421700,1.0420559691296496,0.2291991117677428,0.0,0.5,0.5,1.0,1.3333333333333333,-0.0800899439609849,-0.658683161076804,0.8454879529219202,0.5412403216331251,1.3087681003312956,0.0,0.4641630654510255,0.0,0.0,0.4676595916324665,0.0826559502472456,5
421870,0.7150700685325616,0.084613882090961,0.0,0.5,0.0,2.0,0.0,0.3029315109427162,0.341316838923196,1.577882931182386,-0.1423686188473956,0.0,0.0,-0.1695975135107168,1.8662394014360388,0.0,0.0306836107333082,0.7629395301021725,5
422066,0.0725030142730446,0.2446949798295298,0.5,1.0,1.0,0.75,0.0,0.3135303727602875,0.69823228777992,0.6460181545591593,0.5412403216331251,1.0,0.0,0.4641630654510255,0.0,0.0,0.5206557532377968,0.4597238868468882,5
422668,0.4530877795770478,-0.5013773948113078,-1.5,-1.0,-1.0,0.0,0.0,-5.01837906474446,-0.658683161076804,-3.801784016923932,-1.7312471447788258,-5.8849491923617165,0.0,-1.945257774202184,0.0,0.0,,,1
423042,1.319905281341646,1.4957996598233354,1.5,1.5,2.0,0.8571428571428571,1.1428571428571428,0.6924551410577939,0.0395491267031159,-0.8454879529219202,0.0269891667947226,0.0,0.2876820724517809,-0.1695975135107168,1.0,1.2892242269941023,0.5213223806488357,-0.1476597361202588,5
423413,-0.4005947329336307,0.1011544248762458,-1.0,-1.0,-0.5,0.0,0.0,-0.3011576545890609,-0.658683161076804,-3.801784016923932,2.0031830567555966,3.4424745961808574,0.0,-1.945257774202184,0.0,3.10628371950539,1.3541643551721378,-5.846818380501243,3
424553,0.7239283273612136,1.1656108419263886,0.0,-0.5,0.5,0.0,0.0,-0.0176466848663658,-0.0955123664504794,-2.223901085741545,0.60981374613042,0.0,0.0,-0.9452577742021836,0.0,2.2892242269941026,0.1869520361025657,-0.7482297177986568,2
425632,-0.7286967641642232,-0.7533569369943934,0.0,0.0,0.0,0.0,1.3333333333333333,-0.2208494491569787,-0.0955123664504794,-1.0,0.5412403216331251,0.0,0.0,-0.9452577742021836,1.8662394014360388,1.2892242269941023,0.3515504772119569,-0.0539211737454251,2
425653,0.301448823334337,-0.589715259924501,-1.5,-1.0,-1.0,0.0,0.0,-5.01837906474446,-0.658683161076804,-3.801784016923932,-1.7312471447788258,-5.8849491923617165,0.0,-1.945257774202184,0.0,0.0,,,1
425953,1.4678891563021426,0.7772174909202333,0.5,1.0,1.0,0.75,1.0,-0.0658082731694688,-0.658683161076804,1.7466597846047676,-0.3378778341536493,2.703731733044999,0.0,0.4641630654510255,0.0,0.0,-0.1150165540172299,-0.1203203641215083,6
425966,-0.2006733934858729,-0.658368006199544,-0.5,0.0,0.0,0.0,0.0,-0.2409464455532194,0.1350614931535953,0.0,-0.5691161559187239,0.0,0.0,0.4641630654510255,0.0,0.0,-0.9040295682741992,0.2821081940978174,0
426478,0.4412865586609458,0.3354537328232688,-0.5,0.0,0.0,1.0,2.6666666666666665,-0.9844461609027249,-0.658683161076804,-1.0,1.189120155654825,0.0,0.6931471805599453,-0.5358369345489745,2.6303167041658844,1.8170594925112875,-0.2450019808932409,0.8960503300013222,2
427426,0.1665160650387822,-0.1060116599355281,0.0,0.5,0.0,0.0,0.0,-1.0057789055147548,-0.0955123664504794,0.0,-0.8521289889920516,0.0,0.0,-0.1695975135107168,1.8662394014360388,0.0,-1.6087219988915926,-0.2233561264257983,0
427506,-0.1545389239780106,1.902770308552459,0.0,1.0,1.0,1.5,2.0,0.8054481824900922,0.4368292053736752,0.0,-0.5691161559187239,0.0,0.5108256237659907,1.0,0.0,0.0,0.064238134591335,0.4427818435541747,5
428056,0.3687835443878995,0.1978772796996186,0.5,1.0,0.5,0.0,0.0,0.3631952592399601,-0.658683161076804,0.0,0.0269891667947226,0.0,0.0,0.0,1.4475677406305645,0.0,0.1091263517881331,0.7845184396466118,5
428552,0.0394074502006405,-0.4798342762580817,-0.5,0.0,0.0,1.5,0.0,0.2095714063863997,-0.658683161076804,0.0,-0.5691161559187239,0.0,0.0,0.4641630654510255,0.0,0.0,-0.5618298898768116,-0.2667740721093307,0
428858,-0.142162029197963,1.7983112043356797,0.0,0.5,1.0,0.75,1.0,0.6690331210943811,-0.2218539557031286,-0.7323949782604657,1.055491476471528,0.0,0.5108256237659907,0.4641630654510255,0.0,1.2892242269941023,1.1294831257487103,1.241998348899513,5
429345,0.7251901939957531,0.1500453992945883,-1.0,-1.0,-0.5,3.0,0.0,-0.9844461609027249,-0.658683161076804,-3.801784016923932,0.7367495369393785,0.0,0.0,-1.945257774202184,0.0,3.10628371950539,-0.4528393417577023,-5.846818380501243,3
429375,-0.1670026748704246,1.6399528926021596,0.0,1.0,0.5,0.75,1.0,0.119848595697766,0.1350614931535953,0.0,-0.5691161559187239,0.0,0.5108256237659907,0.4641630654510255,1.8662394014360388,0.0,-0.4160136428496844,0.8773902810071338,5
430722,0.6319635767145821,2.071091928321221,0.0,1.0,1.0,1.5,2.0,0.7833403971325127,0.1350614931535953,0.0,0.1038793384945924,0.0,0.5108256237659907,1.0,0.0,0.0,0.572809914291716,0.350239975747796,5
431144,-0.6124633299611947,-0.4584993070321419,-0.5,-0.5,0.0,0.0,2.0,-0.0425305938046579,-0.658683161076804,-1.577882931182386,0.4308838440812761,0.0,0.0,-0.5358369345489745,0.0,1.8170594925112875,0.0558142569385857,-1.2125206812359526,2
431337,0.4412865586609458,-0.0347747680912913,0.0,0.5,0.5,0.0,0.0,0.4260437111312598,0.69823228777992,0.0,-0.3378778341536493,0.0,0.0,0.4641630654510255,0.0,0.0,0.0421764874347889,0.2078609892911675,5
431602,-0.8378013634020863,1.704665278645134,0.0,1.0,0.5,1.5,2.0,-0.1902061302045683,0.4368292053736752,0.6460181545591593,-0.5691161559187239,1.8945304820059297,0.5108256237659907,0.4641630654510255,1.8662394014360388,0.0,-0.5872569540789733,1.041672187205212,5
431746,-0.3955071407598782,-1.151102915861414,-1.0,-0.5,-0.5,0.0,4.0,-1.0577618083242022,1.491976942010319,2.2239010857415447,-0.8521289889920516,3.4424745961808574,0.0,0.4641630654510255,0.0,0.0,-1.3086626690884682,-0.4626567765846016,6
431899,0.5321653864945586,1.145164842730202,-1.0,0.0,0.0,1.5,2.0,0.0151433827745718,-0.658683161076804,0.0,0.3100019998680502,0.0,1.0986122886681096,1.8735839051042344,0.0,0.0,0.0921018140124301,-0.0849577074895403,5
431912,-0.1958240328939725,-0.9565486648353788,-1.0,-0.5,-1.0,0.0,0.0,-5.01837906474446,0.69823228777992,2.2239010857415447,-1.7312471447788258,-5.8849491923617165,0.0,-1.945257774202184,4.496556105601924,0.0,-5.009979129451652,-0.9903771049896198,4
432333,-0.7133193762139726,-0.1241858541912811,-0.5,-0.5,0.0,0.0,2.0,-0.0824939353333797,0.1350614931535953,-1.577882931182386,0.4308838440812761,0.0,0.0,-0.5358369345489745,0.0,1.8170594925112875,0.0426512479371158,-0.5182902911108442,2
432637,-1.3245822483982044,-0.1425108733599631,0.0,0.5,0.5,0.0,1.3333333333333333,0.1311335644403132,-0.0955123664504794,0.0,-0.3378778341536493,0.0,0.0,0.4641630654510255,0.0,0.0,-0.2181496281975218,0.2651544858048208,5
432941,0.3963201768067612,0.4509389841865806,0.5,0.5,1.0,0.0,0.0,0.1532599580500368,-0.2218539557031286,0.6460181545591593,0.4872619880436801,2.703731733044999,0.0,0.0,0.0,1.0,0.6124403997752276,0.97560358141448,6
433080,-0.2006733934858729,0.4788906502885904,0.5,1.0,1.0,0.0,2.0,-0.0333966463183919,0.4368292053736752,0.6460181545591593,0.0269891667947226,1.0,0.0,0.4641630654510255,0.0,0.0,0.1115369396672185,0.3022550306564961,5
433339,-0.0657165555627049,-0.0347747680912913,-0.5,-0.5,0.0,1.5,0.0,0.0731337196642206,0.1350614931535953,-1.577882931182386,0.9061073225814968,0.0,0.0,-0.5358369345489745,0.0,1.8170594925112875,0.3361822132149188,-2.418692017441066,2
433905,0.3780099402711201,-0.2557742709686207,-1.0,-1.0,-0.5,0.0,0.0,-0.8485618770477372,-0.658683161076804,-3.801784016923932,1.703371310493227,3.4424745961808574,0.0,-1.945257774202184,0.0,3.10628371950539,0.7271813162751082,-5.846818380501243,3
434238,0.3464426559379499,-0.1425108733599631,-0.5,0.0,-0.5,0.0,2.0,-1.8108913245397704,0.1350614931535953,0.0,-0.8521289889920516,0.0,0.0,-0.5358369345489745,2.6303167041658844,0.0,-2.370486232157005,-1.936534716266907,0
434623,0.2075042813394017,2.1046001909938723,0.5,1.5,1.5,1.8,1.6,1.2137612526758912,-0.30176771222008,0.0,-0.4253814519207233,0.0,0.4054651081081644,0.8735839051042346,0.0,0.0,0.4536869634882652,0.4107824532481595,5
435231,0.4648111040779986,-0.0523696989290143,-0.5,-0.5,0.0,0.0,0.0,-0.5169367479377983,0.1350614931535953,-1.577882931182386,0.3100019998680502,0.0,0.0,-0.5358369345489745,0.0,1.8170594925112875,-0.2803071994900609,-2.446110030820022,2
435596,0.6226333184889516,0.7157050973079879,-0.5,0.0,0.0,0.0,0.0,0.1236270702109932,0.1350614931535953,0.0,-0.3378778341536493,0.0,0.0,0.4641630654510255,0.0,0.0,-0.2986964590095112,-0.1401297180596985,0
435669,0.9388613498004208,-0.0347747680912913,-0.5,0.0,0.0,0.0,2.0,-0.2556007002130486,0.1350614931535953,1.223901085741545,-1.2169959899404237,1.8945304820059297,0.0,0.4641630654510255,0.0,0.0,-1.1954744256756191,0.3560919191034625,6
435837,0.2376363799711459,-0.6352457830218333,-1.0,-1.0,-0.5,0.0,0.0,-0.7687971082062188,-0.658683161076804,-3.801784016923932,1.521876595833502,0.0,0.0,-1.945257774202184,0.0,3.10628371950539,0.2059605643644722,-5.846818380501243,3
435882,0.686423040820638,2.2337687147762986,0.0,1.0,1.0,1.5,1.0,0.779826561619819,-0.2218539557031286,0.0,-0.5691161559187239,0.0,0.5108256237659907,1.0,0.0,0.0,0.1016957179465131,-0.2295158498386559,5
436320,0.0169960838945513,0.2600828618709601,-0.5,0.0,0.0,1.5,2.0,-0.4436211005163201,0.1350614931535953,0.0,-0.3378778341536493,0.0,0.0,0.4641630654510255,0.0,0.0,-0.6360213445038062,-0.7797586091836445,0
436894,-1.5824367078789177,-1.2400338123026975,-0.5,0.0,0.0,0.0,0.0,-0.6617375002305357,0.1350614931535953,0.0,0.3100019998680502,0.0,0.0,0.4641630654510255,0.0,0.0,-0.2690567468394934,-0.9403847986360212,0
437069,2.03763438002379,1.0399948645799229,1.0,1.5,1.5,0.6000000000000001,0.8,0.3924696121650622,0.2614030824062447,0.5227586988632229,0.1478710110079485,0.8092012510390698,0.0,0.4641630654510255,0.0,0.0,0.3882267885410513,0.5260213271873289,5
437162,0.0801373769604198,1.995533472767274,-0.5,0.0,0.5,2.0,2.6666666666666665,0.4207609452094122,-0.0955123664504794,-2.223901085741545,-0.2042491549703521,0.0,0.6931471805599453,0.4641630654510255,0.0,1.8170594925112875,-0.0077092037164865,-0.4684335371436467,2
437251,1.1164575161472388,0.3648961975046188,0.0,0.5,0.5,0.0,0.0,-0.3934088944951812,-0.0955123664504794,0.0,-0.6566197736857983,0.0,0.0,0.4641630654510255,0.0,0.0,-1.0979502377502195,0.1175385478233376,0
437539,0.1316214806736528,0.5064929114075749,1.0,1.5,1.5,0.0,0.8,0.4260437111312598,0.0,0.0,-0.5193725488133742,0.0,0.0,0.4641630654510255,0.0,0.0,-0.1227147835306023,0.494683629930949,5
437549,0.0974650969708461,0.0679485038398385,0.0,0.5,0.5,0.0,1.3333333333333333,0.0129966340860437,0.69823228777992,0.0,-0.0833673107571263,0.0,0.0,0.4641630654510255,0.0,0.0,-0.294053220543037,0.055550053476726,5
438189,0.0113487748014657,0.7031942868616717,1.5,2.0,1.5,0.0,0.6666666666666664,0.9205800772741596,0.5278974945717202,0.4390194395059628,-0.3378778341536493,0.8092012510390698,0.0,0.1617063421381263,1.0,0.0,0.2870212594882648,0.6599926534297345,5
438406,0.0151156419895084,-0.1241858541912811,0.5,1.0,0.5,0.75,1.0,0.4544322280242303,0.1350614931535953,0.6460181545591593,-0.6566197736857983,1.3087681003312956,0.0,0.0,1.4475677406305645,0.0,-0.478523303435361,0.8836366039970941,5
438551,1.4275792907209273,1.712622592253961,0.0,0.0,1.0,0.75,2.0,0.2875552009528009,0.69823228777992,1.223901085741545,0.9829974942813668,3.4424745961808574,0.5108256237659907,-0.1695975135107168,0.0,2.2892242269941026,1.479658504873733,1.083623071418565,6
438596,0.1280940173226577,-0.5013773948113078,-0.5,-0.5,0.0,1.5,0.0,-0.1606382401211373,0.1350614931535953,-1.577882931182386,0.4308838440812761,0.0,0.0,-0.5358369345489745,0.0,1.8170594925112875,-0.00042407946337,-1.9303720797737287,2
438839,-0.2436797855732951,0.0679485038398385,0.0,0.5,0.5,1.0,0.0,0.1992956887355739,0.341316838923196,0.0,0.852128988992052,0.0,0.0,0.4641630654510255,0.0,0.0,0.5258763559641103,-0.4227325081066601,5
438937,-1.0303446482015892,-0.6123631726854253,-0.5,0.0,0.0,0.0,2.0,0.3965698558009484,0.1350614931535953,0.0,-0.3378778341536493,0.0,0.0,0.4641630654510255,0.0,0.0,-0.2712922813495004,-0.3007786597670176,0
438985,-0.1257925380823218,0.8370626750721992,0.0,1.0,1.0,2.25,2.0,0.953500675778848,-0.2218539557031286,0.0,0.6427584400467276,0.0,0.5108256237659907,1.0,0.0,0.0,1.2712819018597912,1.3104056928244037,5
438995,0.0888223684153056,-0.8273801410529529,-1.5,-1.0,-1.0,0.0,0.0,-5.01837906474446,-0.658683161076804,-3.801784016923932,-1.7312471447788258,-5.8849491923617165,0.0,-1.945257774202184,0.0,0.0,,,1
439052,0.3389328045232249,0.5201657237419183,0.5,1.0,1.0,0.75,0.0,0.5517828749160226,0.1350614931535953,0.0,0.3718825359910068,0.0,0.0,0.4641630654510255,0.0,0.0,0.4064662737764472,0.6617795985955616,5
439120,1.2291843801817957,0.5064929114075749,-0.5,0.0,-0.5,0.0,2.0,-1.190206130204569,0.1350614931535953,0.0,-0.8521289889920516,0.0,0.0,-0.5358369345489745,2.6303167041658844,0.0,-1.9319510320478468,-0.1460031849913715,0
439363,-0.7546253591591585,0.2600828618709601,0.5,0.5,0.5,0.0,0.0,-0.1902061302045683,-0.2218539557031286,-0.7323949782604657,0.6748690008164222,0.0,0.0,-0.5358369345489745,1.4475677406305645,1.0,0.290249962516016,-0.3659862280000398,2
440212,1.009036491201602,0.3648961975046188,-1.0,-0.5,-0.5,3.0,0.0,-1.582652520376645,0.69823228777992,0.0,-0.3378778341536493,0.0,0.0,0.4641630654510255,0.0,0.0,-1.707946361808311,-0.5093343469179812,0
440655,0.6740028698326137,0.1500453992945883,0.0,0.5,0.5,0.0,1.3333333333333333,0.4194350623166895,-0.658683161076804,0.0,-0.4872619880436798,0.0,0.0,0.4641630654510255,0.0,0.0,-0.1271870982425496,0.0343224141227359,5
441200,0.0974650969708461,-0.2364889768829301,0.0,0.0,0.0,0.0,0.0,-0.5840447083969388,0.341316838923196,-1.0,0.1763733206847534,0.0,0.0,-0.9452577742021836,1.8662394014360388,1.2892242269941023,-0.5872569540789733,-0.4703053848508756,0
441205,0.6132537866983527,0.3648961975046188,-0.5,0.0,-1.0,0.0,2.0,-5.01837906474446,0.1350614931535953,0.0,-1.7312471447788258,-5.8849491923617165,0.0,-1.945257774202184,4.496556105601924,0.0,-5.009979129451652,-0.1461847142529582,4
441448,-0.9456274406964738,-1.0378395182527564,-1.0,-0.5,-0.5,0.0,0.0,0.1216076941696255,0.69823228777992,0.0,-0.3378778341536493,0.0,0.0,0.4641630654510255,0.0,0.0,-0.3003600989376054,-0.8847171924286948,0
441457,-0.3238171625337165,-0.2173706571356206,0.0,0.0,0.5,1.0,1.3333333333333333,0.5311186631469909,-0.658683161076804,-1.0,0.222498382100976,1.3087681003312956,0.0,-0.1695975135107168,0.0,1.2892242269941023,0.5953292793356761,-1.4488905329059052,2
441982,0.096027559690099,-0.0879858281037825,1.0,1.5,0.5,1.2000000000000002,0.8,0.7667482943822447,0.0,1.0,-0.0833673107571263,0.0,0.0,-0.311497195240441,2.18274896353532,0.0,0.3130470794977423,0.1850935172907226,5
442484,0.1442626529950561,0.0511563914573724,0.0,0.5,-0.5,1.0,0.0,-1.2651531400029488,-0.0955123664504794,0.0,-1.7312471447788258,0.0,0.0,-0.9452577742021836,3.313807142066604,0.0,-5.009979129451652,-0.1903685823503502,0
442718,0.1578564807781902,0.0511563914573724,0.5,1.0,0.0,0.75,2.0,-0.8134485295510019,-0.2218539557031286,0.6460181545591593,0.5412403216331251,1.8945304820059297,0.0,-0.5358369345489745,2.6303167041658844,0.0,-0.0567921948192005,0.9267872115714062,5
442812,-0.3074978083914555,-0.9039711300422292,-1.0,-1.0,-0.5,0.0,0.0,-1.2651531400029488,-0.658683161076804,-3.801784016923932,1.3100019998680503,0.0,0.0,-1.945257774202184,0.0,3.10628371950539,-0.3321000310432452,-5.846818380501243,3
442819,-1.549443612755458,-1.1222377710152045,-1.0,-0.5,-0.5,0.0,0.0,-1.2651531400029488,0.69823228777992,0.0,-0.8521289889920516,0.0,0.0,0.4641630654510255,0.0,0.0,-1.9213895625698931,-0.2398342692804198,0
442833,0.2475678720940918,0.084613882090961,0.5,1.0,1.0,0.0,0.0,0.7694415516108538,-0.2218539557031286,0.6460181545591593,-0.8521289889920516,1.0,0.0,0.4641630654510255,0.0,0.0,0.0071100875982182,0.8497372144924682,5
443305,-0.1095725421238259,-0.7053517390478198,-1.0,-0.5,-0.5,0.0,0.0,-0.819200076828232,0.69823228777992,0.0,0.0269891667947226,0.0,0.0,0.4641630654510255,0.0,0.0,-0.7958168345996091,-1.2971819842094785,0
443453,0.5614535425048608,0.2753642525262495,0.5,1.0,1.0,0.75,1.0,0.4832988304374854,-0.2218539557031286,0.0,-1.02148677463417,0.0,0.0,0.4641630654510255,0.0,0.0,-0.8362547663368551,0.3359297900104774,5
443598,-0.8256779223810709,-0.658368006199544,-0.5,0.0,0.0,1.5,2.0,0.0811016126512152,0.1350614931535953,0.0,0.4308838440812761,0.0,0.0,0.4641630654510255,0.0,0.0,0.0607560267139352,0.740422915817784,5
443652,0.7150700685325616,0.0342356026297282,0.5,1.0,1.0,0.0,0.0,0.1783604899693053,0.69823228777992,0.6460181545591593,-0.0548650010803214,1.0,0.0,0.4641630654510255,0.0,0.0,0.0845480125059167,0.4252778994735627,5
444387,0.1103508406522334,-0.2173706571356206,0.0,0.5,0.0,0.0,0.0,-0.6959345925001316,-0.0955123664504794,0.8454879529219202,-1.7312471447788258,0.0,0.0,-0.1695975135107168,1.8662394014360388,0.0,-5.009979129451652,0.3319029522625635,0
444885,0.2462468774527542,0.1661047583479931,-1.0,-0.5,-0.5,0.0,0.0,-1.0425794443368617,1.491976942010319,0.0,0.0269891667947226,0.0,0.0,0.4641630654510255,0.0,0.0,-0.9806055200604946,-0.597662639080468,0
445351,-0.7546253591591585,-0.2364889768829301,0.5,1.0,0.5,0.0,1.0,-0.1371950412950404,-0.658683161076804,0.0,0.222498382100976,0.0,0.0,0.0,1.4475677406305645,0.0,-0.1294949511297947,0.013439129053909,5
445515,0.093148989832421,-0.1060116599355281,-0.5,0.0,0.0,0.0,0.0,-0.0995167042849277,0.1350614931535953,0.0,-0.3378778341536493,0.0,0.0,0.4641630654510255,0.0,0.0,-0.4825605066110255,0.3152422294683545,0
446124,0.8657990292045665,0.2753642525262495,1.0,1.5,1.5,0.0,0.8,0.7781551598182694,0.2614030824062447,0.0,-0.1066395123885741,0.0,0.0,0.4641630654510255,0.0,0.0,0.0274893852677942,0.55209016742592,5
446138,0.0833992276722917,1.8954706254192453,0.0,0.5,1.0,2.25,2.0,0.501550773063559,-0.658683161076804,-0.7323949782604657,0.5412403216331251,0.0,0.5108256237659907,0.4641630654510255,0.0,1.2892242269941023,0.9861043786059044,-0.4132886515078991,5
446473,0.1682429268310234,-0.0701059560259865,0.0,0.5,0.0,0.0,2.6666666666666665,0.1404236078806186,0.341316838923196,0.0,-0.8521289889920516,0.0,0.0,-0.1695975135107168,1.8662394014360388,0.0,-1.0431308488310242,0.3183143422003515,0
446933,0.0282371164403273,0.5606834135017086,0.5,1.0,1.0,0.75,0.0,0.1730443940735816,0.1350614931535953,0.6460181545591593,-0.5691161559187239,1.0,0.0,0.4641630654510255,0.0,0.0,-0.469524634702562,0.0580165063259673,5
447053,0.4483766966731873,0.2600828618709601,-0.5,0.0,0.0,0.0,0.0,-0.8249911539501583,0.1350614931535953,0.0,-0.1423686188473956,0.0,0.0,0.4641630654510255,0.0,0.0,-0.8838768563703632,-0.0579947097341194,0
447591,1.3837233041598065,0.2753642525262495,-1.0,-0.5,-0.5,0.0,0.0,-0.4362621157095684,-0.658683161076804,0.0,-0.8521289889920516,0.0,0.0,0.4641630654510255,0.0,0.0,-1.239281898110343,-1.150766958494432,0
447737,-0.0815391743602634,-0.160989241751724,0.0,0.5,0.0,0.0,1.3333333333333333,-1.2849798995769686,0.69823228777992,0.8454879529219202,-0.8521289889920516,1.8945304820059297,0.0,-0.1695975135107168,1.8662394014360388,0.0,-1.319069554483768,0.673506616836492,0
447951,1.5530015427155122,0.8722064217150826,-0.5,0.0,0.0,0.0,0.0,0.2781929001380224,0.1350614931535953,0.0,-0.5691161559187239,0.0,0.0,0.4641630654510255,0.0,0.0,-0.4907061237717341,-1.3828111207720537,0
448025,-0.3395000654343207,-0.6352457830218333,-1.0,-0.5,-0.5,0.0,0.0,-0.7797400984355424,-0.658683161076804,0.0,0.3100019998680502,0.0,0.0,0.4641630654510255,0.0,0.0,-0.5641032941643811,-1.58350168148713,0
448154,0.2541581476087982,0.1175719885109969,-0.5,0.0,-0.5,0.0,0.0,-0.9170023031282084,-0.658683161076804,3.0693890386634664,0.9061073225814968,3.4424745961808574,0.0,-0.5358369345489745,2.6303167041658844,0.0,0.1900286365424848,0.934243513592592,6
448295,0.8031744348444433,0.1175719885109969,-0.5,0.0,0.0,0.0,0.0,0.119848595697766,0.1350614931535953,0.0,-0.8521289889920516,0.0,0.0,0.4641630654510255,0.0,0.0,-1.2545218013931816,-0.5001641316325589,0
448467,-1.2310829129263403,-0.2364889768829301,-0.5,-1.0,0.0,1.5,2.0,0.2543216604571728,-0.658683161076804,-3.801784016923932,1.251000691777781,0.0,0.0,-1.945257774202184,0.0,3.10628371950539,0.8576855653788371,-5.846818380501243,3
448564,0.712531001318998,0.7650513326678573,1.0,1.0,1.5,0.0,0.8,0.4416961439756808,0.0,-0.5778829311823854,-0.3378778341536493,0.0,0.0,0.0979236444127681,0.0,0.8170594925112873,-0.1373257758356532,0.4344803433602878,5
449033,2.3179469612037624,1.6234740688340503,1.0,1.5,1.5,0.0,0.0,0.4074072837143656,0.69823228777992,0.0,-0.2560236662786049,0.0,0.0,0.4641630654510255,0.0,0.0,0.0209585188243512,0.3735035735993591,5
449326,-0.2502215138285469,1.1554115067637536,-0.5,0.0,0.0,0.0,0.0,-0.5710480743108943,0.1350614931535953,0.0,0.1763733206847534,0.0,0.0,0.4641630654510255,0.0,0.0,-0.4518702463007786,0.2653918186632145,0
449619,0.6520563584717493,0.3648961975046188,0.0,0.5,0.5,0.0,1.3333333333333333,0.149612340213055,0.69823228777992,0.0,0.60981374613042,0.0,0.0,0.4641630654510255,0.0,0.0,0.2621243487191187,0.0851105127595172,5
449804,-0.2126105872403068,0.1338683882105274,0.0,0.5,0.5,0.0,0.0,0.4771259207448817,0.69823228777992,0.0,-0.4872619880436798,0.0,0.0,0.4641630654510255,0.0,0.0,-0.1746102680234703,0.3591505552946766,5
449980,0.009084813738509,-0.1060116599355281,-1.0,0.0,0.0,3.0,2.0,0.7047071071832879,-0.658683161076804,0.0,1.6158676927261533,0.0,1.0986122886681096,1.8735839051042344,0.0,0.0,1.477425366443292,-0.6782627373335837,5
450164,1.2871152322195962,0.9408591679901256,0.5,1.0,1.0,0.0,0.0,0.1273886764782729,0.1350614931535953,1.223901085741545,0.1038793384945924,1.8945304820059297,0.0,0.4641630654510255,0.0,0.0,0.387390147656081,0.3291608992525394,6
450193,1.7398924944166263,0.4927349096618701,-0.5,0.0,0.0,1.5,0.0,0.2813252398213982,0.1350614931535953,0.0,0.9829974942813668,0.0,0.0,0.4641630654510255,0.0,0.0,1.013552320888889,0.098249274212878,5
450305,0.1049931376047629,0.1978772796996186,0.0,0.0,0.5,2.0,1.3333333333333333,0.1217399509351415,-0.0955123664504794,-1.0,0.222498382100976,0.0,0.0,-0.1695975135107168,0.0,1.2892242269941023,0.1778738155261181,-0.834756143818107,2
450615,0.044966381854183,0.1978772796996186,0.5,1.0,0.5,0.75,0.0,-0.1874748525959896,0.4368292053736752,0.6460181545591593,0.5412403216331251,0.0,0.0,0.0,1.4475677406305645,0.0,-0.5907976648530034,0.2060185401908295,5
451291,0.1400589179831235,0.3056133849682904,0.5,1.0,-0.5,0.75,1.0,-0.6288743442949367,0.1350614931535953,0.6460181545591593,-0.8521289889920516,0.0,0.0,-1.169597513510717,3.630316704165885,0.0,-1.397785577769218,0.7922732716967164,0
451674,-0.2436797855732951,-0.6817349135302966,-1.5,-1.0,-1.0,0.0,0.0,-5.01837906474446,-0.658683161076804,-3.801784016923932,-1.7312471447788258,-5.8849491923617165,0.0,-1.945257774202184,0.0,0.0,,,1
452034,0.2931943830075027,2.071091928321221,0.0,1.0,1.0,1.2000000000000002,1.6,0.2623541178980093,-0.30176771222008,-1.2239010857415449,0.5412403216331251,2.4424745961808583,0.8472978603872036,0.4641630654510255,1.8662394014360388,1.2892242269941023,0.685266516505457,0.8611075784869643,5
452532,0.5724851134572817,1.9815134121012072,0.0,1.0,0.0,1.5,1.0,-0.6474960614157483,0.69823228777992,0.0,1.055491476471528,0.0,0.5108256237659907,-0.1695975135107168,3.313807142066604,0.0,0.0253516973212241,0.5253995038801128,5
452594,1.6612341547769898,0.7772174909202333,0.5,0.5,1.0,0.75,0.0,0.3855912196453804,-0.2218539557031286,-0.7323949782604657,0.5930148329413781,1.0,0.0,0.0,0.0,1.0,0.7494551571350249,0.068127326741481,5
452612,-0.3034412922464608,1.6317288527908729,-0.5,0.5,0.5,1.0,2.6666666666666665,0.138573775294697,0.9999999999999998,0.0,0.1285072852083251,0.0,0.6931471805599453,1.2398233261424922,0.0,0.0,0.0445943745393432,0.3761648271860113,5
453143,-1.277217382434204,0.1500453992945883,1.0,1.0,1.5,0.6000000000000001,0.8,0.6837734550490422,0.2614030824062447,-0.5778829311823854,0.0269891667947226,0.0,0.0,0.0979236444127681,0.0,0.8170594925112873,0.2955759788997188,0.5008329014217774,5
453168,-1.0168382925164503,-0.0523696989290143,0.5,1.0,0.5,0.75,0.0,-0.4326065854446759,0.1350614931535953,0.0,0.0269891667947226,0.0,0.0,0.0,1.4475677406305645,0.0,-0.4393937298591794,0.2871157941949718,5
454264,-0.4561394036084117,0.3502240363019069,-1.0,-0.5,-1.0,0.0,0.0,-5.01837906474446,-0.658683161076804,0.0,-1.7312471447788258,-5.8849491923617165,0.0,-1.945257774202184,4.496556105601924,0.0,-5.009979129451652,-0.2176585206160483,4
454430,-0.3056937684055698,-0.160989241751724,0.0,0.0,0.5,1.0,1.3333333333333333,0.2671370923558518,-0.658683161076804,1.577882931182386,-0.2042491549703521,3.4424745961808574,0.0,-0.1695975135107168,0.0,1.2892242269941023,0.3574529726987535,0.8271628396420051,6
454616,0.4054049905452702,-0.3548111444861987,-1.0,-0.5,-0.5,0.0,0.0,0.0384035359383385,-0.658683161076804,0.0,-0.3378778341536493,0.0,0.0,0.4641630654510255,0.0,0.0,-0.3689109157160429,-0.5514192224486677,0
454661,-0.1670026748704246,0.0,0.0,0.5,0.5,1.0,0.0,0.4260437111312598,-0.0955123664504794,0.0,-0.6566197736857983,0.0,0.0,0.4641630654510255,0.0,0.0,-0.3671946086848964,0.0474610657357664,5
454920,-0.101517756375332,0.1175719885109969,1.0,1.5,1.5,0.6000000000000001,0.0,0.5663980235305729,0.2614030824062447,1.4390194395059634,0.2582274885597975,2.227521671566561,0.0,0.4641630654510255,0.0,0.0,0.5564005157355588,1.3258339181623855,6
454934,1.6159813319555858,1.1554115067637536,0.0,1.0,1.0,0.75,1.0,0.4746440385249632,0.9288061473839948,0.0,-0.4482343117054982,0.0,0.5108256237659907,1.0,0.0,0.0,-0.1078154632529404,0.0862904271421269,5
454955,-0.20237380262811,-0.9565486648353788,-1.0,-0.5,-0.5,0.0,0.0,-0.3042841828682106,0.69823228777992,0.0,0.0269891667947226,0.0,0.0,0.4641630654510255,0.0,0.0,-0.3706314815779349,-0.5764264972699334,0
456226,-0.899691848879138,0.0511563914573724,1.0,1.5,1.0,0.0,0.0,0.1292632009543175,0.69823228777992,0.5227586988632229,0.3718825359910068,0.0,0.0,0.0979236444127681,1.18274896353532,0.0,0.0632252847263378,0.9627935497158088,5
456318,0.4851425452220668,-0.1241858541912811,-1.0,-0.5,-0.5,0.0,0.0,-0.7852653536731521,-0.658683161076804,0.0,-0.3378778341536493,0.0,0.0,0.4641630654510255,0.0,0.0,-1.048147157820421,-0.8532695874744352,0
456663,-0.6259083390075222,-0.7053517390478198,-0.5,0.0,0.0,1.5,0.0,-0.0288665364577208,1.1350614931535954,0.0,-0.3378778341536493,0.0,0.0,0.4641630654510255,0.0,0.0,-0.4243399459403786,-0.1300627377090395,0
456671,-0.1095725421238259,-0.3146618177495106,-1.0,-0.5,-0.5,0.0,0.0,-0.7367958543838122,1.491976942010319,0.0,-0.8521289889920516,0.0,0.0,0.4641630654510255,0.0,0.0,-1.486595912341758,-0.7500919762703017,0
457468,-0.1298707883550653,0.3056133849682904,0.5,0.0,1.0,1.5,0.0,0.3135303727602875,0.4368292053736752,0.0,0.4308838440812761,1.8945304820059297,0.0,-0.5358369345489745,0.0,1.8170594925112875,0.5966113524649929,-0.9971847619428617,2
457599,0.4234363861645041,0.3648961975046188,1.0,1.0,1.0,1.2000000000000002,1.6,0.7978016716300133,0.0,-0.5778829311823854,-0.1423686188473956,0.0,0.0,-0.311497195240441,1.18274896353532,0.8170594925112873,0.3393327404838208,-0.0773580132992881,5
457967,-1.0439545018741934,-0.5451046085908845,-1.5,-1.0,-1.0,0.0,0.0,-5.01837906474446,-0.658683161076804,-3.801784016923932,-1.7312471447788258,-5.8849491923617165,0.0,-1.945257774202184,0.0,0.0,,,1
458479,1.202389603675061,3.374260217906318,0.5,1.5,2.0,2.0,1.3333333333333333,0.697239926229306,0.1350614931535953,-0.4772413011367771,-0.2042491549703521,0.0,0.6931471805599453,0.8735839051042346,0.0,1.0,0.44577149297956,0.2736440830308074,5
458688,1.6759180785887746,1.3880635545546636,-0.5,0.0,-0.5,1.5,0.0,-0.4039196137942915,-0.658683161076804,0.0,1.3100019998680503,0.0,0.0,-0.5358369345489745,2.6303167041658844,0.0,0.3813014021057886,-1.8661701040145116,2
458725,-0.2251208161455178,-1.462625924074788,-1.5,-1.0,-1.0,0.0,0.0,-5.01837906474446,-0.658683161076804,-3.801784016923932,-1.7312471447788258,-5.8849491923617165,0.0,-1.945257774202184,0.0,0.0,,,1
458762,-0.986819371484716,-0.3146618177495106,0.5,0.5,-0.5,0.0,0.0,-1.2651531400029488,0.4368292053736752,-0.7323949782604657,0.5412403216331251,0.0,0.0,-1.945257774202184,3.630316704165885,1.0,-0.811905437727155,-0.2326774745727706,0
458814,0.0375505998345391,-0.2752294817283874,0.5,0.5,0.5,2.25,1.0,0.2703107247497532,-0.658683161076804,0.6460181545591593,0.3918561677430946,2.4424745961808583,0.0,-0.5358369345489745,1.4475677406305645,1.0,0.8050479899684485,-0.3721158661537247,6
458855,0.7352529813299861,0.3354537328232688,-0.5,0.0,0.0,0.0,2.0,-0.2856966996239918,0.1350614931535953,1.223901085741545,-0.5691161559187239,1.8945304820059297,0.0,0.4641630654510255,0.0,0.0,-0.6712551941184992,-0.1117335382385929,6
458919,-0.2134663218814831,0.1338683882105274,-0.5,0.0,0.0,0.0,0.0,-0.2151944050814924,1.1350614931535954,0.0,-1.2169959899404237,0.0,0.0,0.4641630654510255,0.0,0.0,-1.486595912341758,0.29338367278041,0
459229,-1.60103454496792,-0.5451046085908845,0.5,1.0,0.5,1.5,1.0,0.1605081610636437,0.1350614931535953,1.223901085741545,0.7957508450296478,2.4424745961808583,0.0,0.0,1.4475677406305645,0.0,0.8326260234450144,0.6570407746206789,6
459486,-0.2586678678821074,-0.0347747680912913,-0.5,0.0,-0.5,0.0,0.0,-0.2826382628560088,0.1350614931535953,0.0,0.0269891667947226,0.0,0.0,-0.5358369345489745,2.6303167041658844,0.0,-0.3527750178823496,-0.0614203616608166,0
459645,-0.0832428456788121,-0.4584993070321419,-1.0,-0.5,-0.5,0.0,0.0,-0.9844461609027249,0.69823228777992,2.2239010857415447,0.5412403216331251,3.4424745961808574,0.0,0.4641630654510255,0.0,0.0,-0.0990271620011234,-0.2626754004187258,6
460072,-0.2091917657546151,0.1175719885109969,-0.5,-0.5,0.0,1.5,2.0,0.3487883375282002,-0.658683161076804,-1.577882931182386,0.1763733206847534,0.0,0.0,-0.5358369345489745,0.0,1.8170594925112875,-0.2790229380049304,-0.8829674988921028,2
460181,-0.7721237983712724,-0.589715259924501,-0.5,-0.5,0.0,1.5,0.0,0.0021800747076538,-0.658683161076804,-1.577882931182386,0.5412403216331251,1.8945304820059297,0.0,-0.5358369345489745,0.0,1.8170594925112875,0.2248269040032053,-1.272632048658749,2
460553,1.4604004148626768,1.3788436992524111,0.0,-0.5,0.5,0.0,0.0,-0.0448296358979986,-0.0955123664504794,-2.223901085741545,1.146122837879747,0.0,0.0,-0.9452577742021836,0.0,2.2892242269941026,0.7152306731884288,-0.5220816689286901,2
460625,0.7352529813299861,1.6068713429722938,1.0,1.0,2.0,1.0,1.3333333333333333,0.4930823761090947,-0.3569154488567242,-1.577882931182386,0.6427584400467276,0.6795775573916313,0.3364722366212129,0.0979236444127681,0.0,1.5078734502500786,0.8653489956247544,-0.0654813772412735,5
461559,-1.1207320722741068,0.6135758138503429,0.5,1.0,0.5,0.0,2.0,-0.144937194427998,0.1350614931535953,0.0,0.222498382100976,0.0,0.0,0.0,1.4475677406305645,0.0,-0.2574004180294525,0.1697990370640885,5
461744,0.0919138874089315,-0.3548111444861987,-0.5,-0.5,0.0,0.0,0.0,-0.3660049050560748,-0.658683161076804,-1.577882931182386,0.3100019998680502,0.0,0.0,-0.5358369345489745,0.0,1.8170594925112875,-0.2780424581629495,-1.3182293611390494,2
461791,-2.5083002953605447,-0.2948576299622514,0.0,0.5,0.0,1.0,1.3333333333333333,0.3372671087447133,-0.0955123664504794,1.577882931182386,-0.1423686188473956,0.0,0.0,-0.1695975135107168,1.8662394014360388,0.0,0.1614353161167139,0.2671302448518644,5
462127,1.188839085091275,1.018346140816755,-0.5,0.0,-0.5,0.0,0.0,-1.0350896314257456,0.1350614931535953,0.0,-0.8521289889920516,0.0,0.0,-0.5358369345489745,2.6303167041658844,0.0,-1.7320666263651672,-0.0822583988760874,0
462456,0.6895145598142639,0.2291991117677428,1.0,1.5,0.5,0.6000000000000001,0.0,-0.1475338017355012,-0.30176771222008,0.5227586988632229,-1.0833673107571262,0.0,0.0,-0.311497195240441,2.18274896353532,0.0,-1.279624549552686,0.2051771736540119,0
462894,0.7545002436497275,0.1500453992945883,-1.0,-0.5,-1.0,0.0,0.0,-5.01837906474446,0.69823228777992,0.0,-1.7312471447788258,-5.8849491923617165,0.0,-1.945257774202184,4.496556105601924,0.0,-5.009979129451652,-0.5605007628317535,4
463652,-0.2399524448277274,-0.9301034129840848,-1.0,-0.5,-0.5,0.0,4.0,-0.7797400984355424,0.69823228777992,0.0,-1.7312471447788258,0.0,0.0,0.4641630654510255,0.0,0.0,-5.009979129451652,-1.2954546788783383,0
463698,0.4706438752099307,0.2905406156119291,0.5,1.0,1.0,0.0,1.0,0.1477825926873703,-0.658683161076804,0.0,-0.3378778341536493,0.0,0.0,0.4641630654510255,0.0,0.0,-0.2474135161953451,-0.1631073389782955,5
463783,-1.1861165310721564,-0.8526164401574539,0.5,0.5,0.0,0.75,0.0,0.2043293214459856,0.1350614931535953,-0.7323949782604657,0.4308838440812761,0.0,0.0,-1.169597513510717,2.6303167041658844,1.0,0.6691963638880484,-0.0270429083926237,2
463867,0.6802238121415685,-0.0347747680912913,-0.5,0.0,0.0,0.0,0.0,-0.2826382628560088,0.69823228777992,0.0,-0.8521289889920516,0.0,0.0,0.4641630654510255,0.0,0.0,-1.1128623756350575,-0.5414822329118901,0
463910,0.2639979357320658,0.3648961975046188,1.0,1.5,1.5,0.0,0.0,0.5334398723407602,0.4919769420103195,0.5227586988632229,-0.4253814519207233,0.8092012510390698,0.0,0.4641630654510255,0.0,0.0,0.4934510657857145,0.8740416181890164,5
464080,-0.2384636960285709,-0.160989241751724,-1.0,-0.5,-0.5,0.0,0.0,-0.97745360289212,1.491976942010319,0.0,0.5412403216331251,0.0,0.0,0.4641630654510255,0.0,0.0,-0.5732721905629845,-1.7100349401115305,0
464160,-1.153123435948697,-1.7863486988832475,-0.5,-0.5,0.0,1.5,0.0,-0.2949391879553278,0.1350614931535953,-1.577882931182386,1.1240649009688228,0.0,0.0,-0.5358369345489745,0.0,1.8170594925112875,0.3733936215556946,-0.3408248733808935,2
464239,0.5746832291009761,0.2600828618709601,0.0,0.5,0.5,0.0,0.0,0.1141489229760197,-0.0955123664504794,0.0,-0.2042491549703521,0.0,0.0,0.4641630654510255,0.0,0.0,-0.2616565945659319,-0.1175069871038376,5
464542,0.8737724532061616,0.2446949798295298,-1.0,-0.5,-0.5,0.0,0.0,-0.7059656443572273,-0.658683161076804,0.0,-0.8521289889920516,0.0,0.0,0.4641630654510255,0.0,0.0,-1.4612252400341907,-0.2817145604245901,0
464597,-0.3238171625337165,-1.6006803839406132,-1.0,-1.0,-0.5,0.0,0.0,-0.4436211005163201,-0.658683161076804,-3.801784016923932,1.189120155654825,5.8849491923617165,0.0,-1.945257774202184,0.0,3.10628371950539,1.0370202357092555,-5.846818380501243,3
464614,1.6589986891408983,2.367637102986826,0.5,1.0,1.5,1.2000000000000002,0.8,0.3105157062011116,0.0,-1.2239010857415449,0.3100019998680502,0.0,0.4054651081081644,0.4641630654510255,0.0,1.0,0.2696911545185587,0.3113724108482853,5
464673,0.1263276549558812,-0.0523696989290143,0.5,0.5,0.0,0.75,0.0,0.0021800747076538,0.4368292053736752,1.223901085741545,0.5412403216331251,4.751242696512155,0.0,-1.169597513510717,2.6303167041658844,1.0,0.8711779996427625,0.1881298818521406,6
464782,0.4937852737776073,-0.6123631726854253,-0.5,-0.5,0.0,0.0,0.0,-0.4473248357301356,-0.658683161076804,-1.577882931182386,-0.3378778341536493,0.0,0.0,-0.5358369345489745,0.0,1.8170594925112875,-0.6565296841350748,-2.457425105040944,2
464855,0.6040945634182836,1.274800156946006,-0.5,0.5,0.5,2.0,1.3333333333333333,0.4783641258236343,0.69823228777992,1.577882931182386,1.3100019998680503,0.0,0.6931471805599453,1.2398233261424922,0.0,0.0,1.1393670398401343,1.2283461560790805,5
465138,0.3687835443878995,0.4083366568994223,0.5,1.0,1.0,0.0,0.0,0.65417093502481,0.4368292053736752,0.0,-0.3378778341536493,0.0,0.0,0.4641630654510255,0.0,0.0,0.1846355940153194,-0.0961734657950953,5
465343,0.3539208868320372,-0.3346452313910828,-0.5,0.0,0.0,1.5,0.0,0.4260437111312598,0.69823228777992,1.223901085741545,0.0269891667947226,1.8945304820059297,0.0,0.4641630654510255,0.0,0.0,0.5841175426192318,0.5035246002799365,6
465531,0.0151156419895084,-0.5672972791819948,-0.5,0.0,0.0,0.0,0.0,-0.4737170999272641,-0.658683161076804,0.0,0.1763733206847534,0.0,0.0,0.4641630654510255,0.0,0.0,-0.3810455099221137,-0.7219047860345602,0
465568,-1.010123436830305,-0.7292238865448002,-1.0,-1.0,-0.5,3.0,4.0,-0.4737170999272641,-0.658683161076804,-3.801784016923932,0.0269891667947226,0.0,0.0,-1.945257774202184,0.0,3.10628371950539,-0.6649059301901933,-5.846818380501243,3
465731,1.6847587001940445,1.782976752870428,0.0,1.0,1.0,0.75,1.0,0.2875552009528009,-0.658683161076804,0.0,0.0269891667947226,0.0,0.5108256237659907,1.0,0.0,0.0,0.3411372155359048,0.7532320267257072,5
466205,0.1734134609439123,-0.2752294817283874,0.5,0.0,1.0,0.75,0.0,0.3105157062011116,0.1350614931535953,-1.577882931182386,0.5930148329413781,0.0,0.0,-0.5358369345489745,0.0,1.8170594925112875,0.523508226317425,0.3020340517537087,2
466342,-1.0371365387476892,-1.462625924074788,-0.5,-1.0,0.0,0.0,2.0,-0.0494466250085745,-0.658683161076804,-3.801784016923932,1.521876595833502,1.8945304820059297,0.0,-1.945257774202184,0.0,3.10628371950539,1.200637527703336,-5.846818380501243,3
466723,1.3414337535785736,1.274800156946006,0.5,1.5,1.5,1.8,0.8,1.0199052110087437,-0.658683161076804,0.0,-0.6208906672269769,0.0,0.4054651081081644,0.8735839051042346,0.0,0.0,-0.1101779448793067,0.4812991298043179,5
467007,-0.9186875081701394,0.1011544248762458,0.5,0.5,0.0,0.75,1.0,0.0731337196642206,0.4368292053736752,0.6460181545591593,0.6427584400467276,1.8945304820059297,0.0,-1.169597513510717,2.6303167041658844,1.0,0.9243981455086918,0.7830825744304557,5
467092,-0.4269429563329749,0.963277148732632,-1.0,0.0,0.0,1.5,2.0,-0.3968979197887864,-0.658683161076804,0.0,1.3100019998680503,0.0,1.0986122886681096,1.8735839051042344,0.0,0.0,0.3871014165727667,-0.0414758891750037,5
467339,-0.4173164980055799,-0.7777566563817965,0.0,0.5,0.0,0.0,0.0,-0.5414801842274632,0.9999999999999998,0.8454879529219202,-0.1423686188473956,1.8945304820059297,0.0,-0.1695975135107168,1.8662394014360388,0.0,-0.4271377480680765,-0.4382771317670166,6
467809,-0.7407496853538414,-0.4164379946042029,0.0,0.5,0.5,0.0,2.6666666666666665,0.1730443940735816,-0.0955123664504794,0.0,-0.8521289889920516,0.0,0.0,0.4641630654510255,0.0,0.0,-0.6337516610155017,0.3083942414449389,5
467892,-0.7546253591591585,1.1656108419263886,1.0,1.5,2.0,0.4999999999999998,1.3333333333333333,1.2116184337128393,-0.658683161076804,0.4390194395059628,-0.2693044096563544,1.3087681003312956,0.3364722366212129,0.4641630654510255,0.0,0.8170594925112873,0.8997257234204437,0.9889045637859124,5
468106,0.8622993685384407,0.5606834135017086,0.5,1.0,0.0,0.0,1.0,-0.7059656443572273,-0.658683161076804,0.6460181545591593,-0.1423686188473956,1.8945304820059297,0.0,-0.5358369345489745,2.6303167041658844,0.0,-0.6456872134596103,0.6415962354657401,5
468370,-0.6531076027838256,0.6395543739241726,0.5,0.0,1.0,0.0,0.0,0.0172846759332341,-0.2218539557031286,-1.577882931182386,0.4308838440812761,0.0,0.0,-0.5358369345489745,0.0,1.8170594925112875,-0.0655016864226632,-1.4997554191947875,2
468409,-0.2524074552902091,1.2553449461862392,0.5,1.0,1.0,0.75,0.0,0.4365109066614375,0.4368292053736752,0.0,0.0269891667947226,0.0,0.0,0.4641630654510255,0.0,0.0,0.3423704531870257,-0.0715359967389526,5
468666,0.4937852737776073,0.728145423941257,0.0,0.5,0.5,1.0,1.3333333333333333,-0.1501384356625912,-0.0955123664504794,0.0,-0.8521289889920516,0.0,0.0,0.4641630654510255,0.0,0.0,-1.0160624036610344,0.03703186161422,0
468801,-2.4171994439984967,-0.5013773948113078,0.0,0.5,0.0,2.0,0.0,0.0172846759332341,-0.0955123664504794,0.0,-0.3378778341536493,0.0,0.0,-0.1695975135107168,1.8662394014360388,0.0,-0.2587185067522833,0.0612466040014349,0
468808,-1.5824367078789177,0.1338683882105274,0.5,1.0,0.5,0.75,0.0,0.271893069636307,0.1350614931535953,0.0,-0.4872619880436798,0.0,0.0,0.0,1.4475677406305645,0.0,-0.0599766557035065,0.5572134227162523,5
468832,-0.436621875182693,1.1554115067637536,1.0,1.5,1.5,0.4999999999999998,0.6666666666666664,0.2983480087729462,0.341316838923196,0.4390194395059628,0.3100019998680502,0.0,0.3364722366212129,0.0979236444127681,1.18274896353532,0.8170594925112873,0.2758213409884584,0.5029310592955252,5
469237,0.0512982146332166,-0.7533569369943934,-1.0,-1.0,-0.5,0.0,0.0,-0.3427364093751474,-0.658683161076804,-3.801784016923932,0.0269891667947226,3.4424745961808574,0.0,-1.945257774202184,0.0,3.10628371950539,0.0778138609678762,-5.846818380501243,3
469418,0.1210180031287195,-1.151102915861414,-1.5,-1.0,-1.0,0.0,0.0,-5.01837906474446,-0.658683161076804,-3.801784016923932,-1.7312471447788258,-5.8849491923617165,0.0,-1.945257774202184,0.0,0.0,,,1
469440,-3.3244651943911205,1.581730819371999,0.5,1.0,1.0,1.2000000000000002,0.8,0.3631952592399601,-0.30176771222008,-1.2239010857415449,0.1038793384945924,1.8945304820059297,0.4054651081081644,0.0,1.4475677406305645,1.0,0.5350355474905888,0.0736747526084569,5
469464,-1.2540003562306965,-0.7053517390478198,0.5,0.0,0.5,0.75,1.0,-0.1168904827830908,0.1350614931535953,0.0,0.4687463394429643,2.4424745961808583,0.0,-1.169597513510717,1.4475677406305645,1.8170594925112875,0.2963170504921928,0.207663522374313,2
469699,0.2142446204098905,0.6135758138503429,-0.5,-0.5,0.0,0.0,0.0,-0.1295233791538115,0.69823228777992,-1.577882931182386,-0.1423686188473956,0.0,0.0,-0.5358369345489745,0.0,1.8170594925112875,-0.4616226952058042,-1.962358396054012,2
469767,1.809058223068855,1.2059435090930102,0.5,1.0,1.0,0.0,0.0,0.4979318767155203,0.4368292053736752,0.6460181545591593,-0.3378778341536493,1.0,0.0,0.4641630654510255,0.0,0.0,-0.0277202496837168,0.4488530482434668,5
469824,0.2672657880125675,0.3056133849682904,0.0,0.0,0.5,1.0,1.3333333333333333,-0.32650087038226,0.341316838923196,-1.0,0.5412403216331251,1.3087681003312956,0.0,-0.1695975135107168,0.0,1.2892242269941023,0.3043844507692609,-1.365509928047712,2
471077,0.837606735467707,0.4649590448526473,1.5,2.0,1.5,1.0,0.0,0.7373046664469756,0.1350614931535953,0.0,-0.8521289889920516,0.0,0.0,0.1617063421381263,1.0,0.0,-0.325612145706459,0.5407486466735901,5
471161,0.0560323192932559,0.1011544248762458,-0.5,0.0,0.0,1.5,2.0,-0.752644567480189,0.69823228777992,1.223901085741545,-0.5691161559187239,1.8945304820059297,0.0,0.4641630654510255,0.0,0.0,-1.102390302142091,0.11144141733631,6
471186,-0.2502215138285469,-0.0523696989290143,-0.5,0.0,0.0,0.0,2.0,-0.3493192428921639,-0.658683161076804,0.0,-1.2169959899404237,0.0,0.0,0.4641630654510255,0.0,0.0,-1.2732631500110154,0.1863093604216746,0
471500,0.2192831407064626,-0.5451046085908845,0.0,-0.5,0.5,1.0,1.3333333333333333,0.3855912196453804,-0.658683161076804,-2.223901085741545,0.6748690008164222,0.0,0.0,-0.9452577742021836,0.0,2.2892242269941026,0.6827823325806348,-1.1308551091345935,2
471565,-0.0229174433043562,-0.8526164401574539,-0.5,-0.5,0.0,0.0,0.0,-0.3011576545890609,0.1350614931535953,-1.577882931182386,0.9061073225814968,0.0,0.0,-0.5358369345489745,0.0,1.8170594925112875,0.1168450328286352,-1.3456282344109536,2
471649,0.1316214806736528,-1.0937450900539751,-1.0,-1.0,-0.5,3.0,0.0,-2.3061594305501623,-0.658683161076804,-3.801784016923932,0.3100019998680502,0.0,0.0,-1.945257774202184,0.0,3.10628371950539,-1.83793086738887,-5.846818380501243,3
471687,0.9610903910754603,0.9408591679901256,0.5,1.0,1.0,0.0,0.0,0.7038270297037543,0.1350614931535953,0.6460181545591593,-0.3378778341536493,1.0,0.0,0.4641630654510255,0.0,0.0,0.4172752703501722,0.4944619312832901,5
471717,-0.8256779223810709,-0.2948576299622514,0.0,0.5,0.5,0.0,0.0,0.4127741706770125,-0.0955123664504794,0.0,-0.6566197736857983,0.0,0.0,0.4641630654510255,0.0,0.0,-0.365482539453199,-0.1824760211527938,0
471935,1.3872023987363475,1.1858692605047223,0.0,0.0,0.5,0.0,0.0,0.3772623372875523,-0.658683161076804,0.0,-0.4872619880436798,1.3087681003312956,0.0,-0.1695975135107168,0.0,1.2892242269941023,-0.0738726655954942,0.2747727145491753,5
471946,-0.3402878575135052,-0.3548111444861987,-1.0,-1.0,-0.5,0.0,0.0,-1.1812896617668194,-0.658683161076804,-3.801784016923932,0.0269891667947226,0.0,0.0,-1.945257774202184,0.0,3.10628371950539,-1.0954957655003323,-5.846818380501243,3
471973,-0.2214321809392972,-1.3967060397040991,-1.5,-1.0,-1.0,0.0,0.0,-5.01837906474446,-0.658683161076804,-3.801784016923932,-1.7312471447788258,-5.8849491923617165,0.0,-1.945257774202184,0.0,0.0,,,1
472394,0.6552082265809187,-0.1241858541912811,-0.5,-0.5,0.0,0.0,0.0,0.2827778210087244,0.1350614931535953,-1.577882931182386,0.5412403216331251,0.0,0.0,-0.5358369345489745,0.0,1.8170594925112875,0.5522208306588923,-0.782433757399743,2
472446,1.6776897268288469,0.6652308508706292,-0.5,0.0,-0.5,0.0,0.0,0.0731337196642206,-0.658683161076804,0.0,-0.8521289889920516,0.0,0.0,-0.5358369345489745,2.6303167041658844,0.0,-0.8200919281761833,-1.3010192248780978,0
472614,0.398140860936886,0.4083366568994223,-0.5,0.0,0.0,1.5,0.0,0.2559342894747026,0.1350614931535953,0.0,-0.5691161559187239,0.0,0.0,0.4641630654510255,0.0,0.0,-0.4876402926021105,-0.1744350111791435,0
472713,0.7140548771854569,0.6266032978723975,0.5,1.0,1.0,0.0,1.0,0.7272354728022116,0.69823228777992,0.6460181545591593,-0.0548650010803214,0.0,0.0,0.4641630654510255,0.0,0.0,0.3315045182547741,0.1814355550144162,5
472785,-0.2091917657546151,-0.5013773948113078,0.0,0.5,0.0,1.0,0.0,0.1236270702109932,0.341316838923196,0.0,-0.1423686188473956,0.0,0.0,-0.1695975135107168,1.8662394014360388,0.0,-0.1060488694653411,0.0558282017448787,0
472966,-0.4005947329336307,-0.3548111444861987,-0.5,0.0,0.0,0.0,0.0,0.1292632009543175,-0.658683161076804,0.0,-0.8521289889920516,0.0,0.0,0.4641630654510255,0.0,0.0,-0.4825605066110255,-0.2300812502070462,0
473332,-0.3863860394463917,0.1338683882105274,0.5,0.5,0.5,1.5,3.0,0.3674400964516086,-0.2218539557031286,-0.7323949782604657,0.3100019998680502,0.0,0.0,-0.5358369345489745,1.4475677406305645,1.0,0.5618986140709334,0.5121218747296714,5
473343,0.7827762770887828,0.4649590448526473,0.0,0.5,0.5,0.0,0.0,0.138573775294697,0.69823228777992,0.8454879529219202,-0.3378778341536493,1.3087681003312956,0.0,0.4641630654510255,0.0,0.0,-0.2384932653545997,-0.0577251019021387,6
473402,0.5023861487621162,1.2650939780789934,0.0,1.0,1.0,0.75,1.0,0.0549256026441173,0.9288061473839948,1.7466597846047676,1.1240649009688228,1.0,0.5108256237659907,1.0,0.0,0.0,0.7236354753259043,0.8588423112297293,5
473467,1.9775887970319987,1.313203770779006,0.5,0.5,0.5,0.0,2.0,0.299878614833185,0.1350614931535953,0.0,-0.2042491549703521,1.3087681003312956,0.0,-0.5358369345489745,1.4475677406305645,1.0,-0.1340725899108551,0.5242956230962188,5
473568,0.5572989740294004,-0.6352457830218333,-1.0,-0.5,-0.5,3.0,0.0,-0.2949391879553278,0.69823228777992,0.0,-0.8521289889920516,0.0,0.0,0.4641630654510255,0.0,0.0,-1.1229850033922364,-0.503989325784152,0
473712,1.6136881396248677,0.9520966076976962,1.5,1.5,1.5,0.4999999999999998,0.0,0.4557931761328516,-0.0955123664504794,-0.4772413011367771,-0.1066395123885741,0.0,0.0,-0.1695975135107168,1.0,0.690813957738791,0.5071868210882502,0.3399135466242809,5
473847,-0.4424546463146251,-0.9039711300422292,-1.0,-0.5,-0.5,3.0,4.0,-1.050136431354479,0.69823228777992,2.2239010857415447,0.3100019998680502,3.4424745961808574,0.0,0.4641630654510255,0.0,0.0,-0.3436019862625545,-0.4411094219651024,6
474007,-1.443693500166647,-1.9470124225188288,-1.0,-0.5,-0.5,0.0,0.0,-0.8134485295510019,-0.658683161076804,0.0,-1.7312471447788258,0.0,0.0,0.4641630654510255,0.0,0.0,-5.009979129451652,-2.128031327905937,0
474120,-0.880897205627443,2.170128801838797,0.5,1.5,1.5,0.6000000000000001,0.8,0.7363942412860486,0.2614030824062447,1.4390194395059634,0.0888697029176791,2.227521671566561,0.4054651081081644,0.8735839051042346,0.0,0.0,0.9068806185805972,1.268196435555859,5
474239,-0.1471024418783731,0.2135937313624968,-1.0,0.0,-0.5,1.5,2.0,-5.01837906474446,0.69823228777992,2.2239010857415447,-1.7312471447788258,-5.8849491923617165,1.0986122886681096,0.4641630654510255,4.496556105601924,0.0,-5.009979129451652,1.083623071418565,4
474261,0.4270208015353022,0.1338683882105274,0.0,-0.5,0.5,1.0,0.0,0.1871467886081523,-0.0955123664504794,-2.223901085741545,0.852128988992052,0.0,0.0,-0.9452577742021836,0.0,2.2892242269941026,0.5067009151913089,-2.290009332406584,2
474278,-0.2140778134397359,-1.4294200030383808,-1.5,-1.0,-1.0,0.0,0.0,-5.01837906474446,-0.658683161076804,-3.801784016923932,-1.7312471447788258,-5.8849491923617165,0.0,-1.945257774202184,0.0,0.0,,,1
474384,1.6545192990908444,0.6906121893614907,0.5,1.0,0.5,0.75,0.0,0.0711299175201806,0.69823228777992,0.6460181545591593,-0.4872619880436798,1.3087681003312956,0.0,0.0,1.4475677406305645,0.0,-0.0909240417261343,0.2238858274285883,5
474464,1.0557222122156136,-0.2173706571356206,0.0,0.5,0.0,1.0,0.0,-0.1739497081948526,0.69823228777992,1.577882931182386,-0.1423686188473956,3.4424745961808574,0.0,-0.1695975135107168,1.8662394014360388,0.0,-0.0660566185743795,0.72224099367722,6
474546,-0.6863062742965885,0.1011544248762458,1.0,1.5,1.0,1.2000000000000002,1.6,0.1906358139017576,-0.30176771222008,1.4390194395059634,0.1763733206847534,2.703731733044999,0.0,0.0979236444127681,1.18274896353532,0.0,0.2892529994592032,0.6565408548057031,6
474951,-0.23326288056001,0.5606834135017086,1.0,1.5,1.5,0.6000000000000001,0.8,0.3165342918222923,0.0,0.5227586988632229,-0.6208906672269769,0.8092012510390698,0.0,0.4641630654510255,0.0,0.0,-0.5296766588719524,0.6421304181308641,5
474980,-0.5648869884699578,-0.0879858281037825,0.0,0.0,0.5,0.0,0.0,0.1676945449619792,-0.658683161076804,-1.0,-0.0833673107571263,1.3087681003312956,0.0,-0.1695975135107168,0.0,1.2892242269941023,0.3361822132149188,-1.1837840754105573,2
475060,-1.1713772164944602,-1.1803503916127198,-0.5,0.0,0.0,0.0,0.0,-0.5840447083969388,0.69823228777992,0.0,0.0269891667947226,0.0,0.0,0.4641630654510255,0.0,0.0,-0.4989485707437044,-0.9915558984081938,0
475130,-0.3513537949525781,0.728145423941257,1.5,2.0,1.5,0.4999999999999998,1.3333333333333333,0.6521599593579435,0.341316838923196,1.577882931182386,-0.7312471447788259,2.856712214506226,0.0,0.1617063421381263,1.0,0.0,0.1544423015630232,0.760615210950301,6
475467,0.0181233941281466,-0.1241858541912811,0.0,0.5,0.5,1.0,1.3333333333333333,0.5741639624164553,0.69823228777992,0.0,-0.0833673107571263,0.0,0.0,0.4641630654510255,0.0,0.0,0.2325568967723111,0.011088860362431,5
475531,-0.2177511905783598,0.0511563914573724,0.5,1.0,0.5,0.0,0.0,0.1818860114493234,0.4368292053736752,0.0,-0.3378778341536493,0.0,0.0,0.0,1.4475677406305645,0.0,-0.5189262468377925,0.2828382844243507,5
476081,-0.0755891613803968,0.3205839652723227,0.5,0.5,0.5,0.0,0.0,0.149612340213055,-0.658683161076804,-0.7323949782604657,-0.2042491549703521,0.0,0.0,-0.5358369345489745,1.4475677406305645,1.0,-0.2803071994900609,-0.2070641100237023,2
476104,1.330702136557128,0.7405160565023101,2.0,2.0,2.5,0.0,0.0,0.9710161059175956,0.69823228777992,-0.4064685134159581,-0.2788765260633796,0.5857623816746332,0.0,0.2065593450588091,0.0,0.598410269255311,1.0580757972491126,0.8759351151090182,5
476124,-1.8678210245945253,-0.5231327642549591,0.0,0.5,0.5,1.0,0.0,0.1404236078806186,0.341316838923196,0.0,-0.2042491549703521,0.0,0.0,0.4641630654510255,0.0,0.0,-0.1397911568740301,0.2192991757838033,0
476173,-0.2049274726775389,-0.6123631726854253,-1.0,-1.0,-0.5,0.0,0.0,-0.3460213975689505,-0.658683161076804,-3.801784016923932,1.6158676927261533,0.0,0.0,-1.945257774202184,0.0,3.10628371950539,0.6109782170354902,-5.846818380501243,3
476270,-0.3652838837217738,-0.160989241751724,0.0,0.0,0.5,0.0,0.0,0.098758569913415,-0.0955123664504794,-1.0,0.3100019998680502,0.0,0.0,-0.1695975135107168,0.0,1.2892242269941023,0.3102167180323909,-0.3509335694179577,2
476393,1.0765439889483297,0.4927349096618701,-0.5,0.0,0.0,0.0,0.0,-0.0243606518992428,0.1350614931535953,0.0,-0.8521289889920516,0.0,0.0,0.4641630654510255,0.0,0.0,-0.8300450323725957,-0.0124391509667036,0
476436,-0.1985501688296633,1.0614334032407846,0.5,1.0,1.0,0.0,0.0,0.5981154005053577,0.1350614931535953,0.0,-0.2363597157400465,0.0,0.0,0.4641630654510255,0.0,0.0,0.1423816640161473,0.2003178088578004,5
476535,0.0282371164403273,0.2446949798295298,0.5,1.0,0.5,0.0,1.0,-0.4145631035827674,0.4368292053736752,0.0,-0.6566197736857983,0.0,0.0,0.0,1.4475677406305645,0.0,-1.1279738856786516,0.5436600365136874,0
476665,-1.4488341035047,0.2600828618709601,1.5,2.0,2.0,0.4999999999999998,0.0,0.8054481824900922,0.341316838923196,0.8454879529219202,-0.2042491549703521,1.3087681003312956,0.0,0.4641630654510255,0.0,0.0,0.8703153982212586,0.9415337649246118,5
476693,0.5346948109145836,0.6135758138503429,0.5,1.0,1.0,0.0,0.0,0.4709074541111494,0.1350614931535953,0.0,-0.702744835102021,0.0,0.0,0.4641630654510255,0.0,0.0,-0.3854312784121297,0.7441012567234029,5
476714,1.5793980805964112,1.0507401516565449,0.0,0.5,0.5,1.0,1.3333333333333333,0.6379471191673427,0.341316838923196,0.8454879529219202,0.0269891667947226,1.3087681003312956,0.0,0.4641630654510255,0.0,0.0,0.3323175828791477,0.1601967046726595,5
476742,-0.5508591007847717,-0.6123631726854253,-0.5,-0.5,-0.5,0.0,2.0,-0.2265427032794958,0.1350614931535953,-1.577882931182386,1.189120155654825,0.0,0.0,-1.945257774202184,2.6303167041658844,1.8170594925112875,0.3420931658900445,-1.2824887866188224,2
476916,0.2541581476087982,-0.3346452313910828,-1.5,-1.0,-1.0,0.0,0.0,-5.01837906474446,-0.658683161076804,-3.801784016923932,-1.7312471447788258,-5.8849491923617165,0.0,-1.945257774202184,0.0,0.0,,,1
476956,-0.6947038181364555,-0.7053517390478198,0.0,0.0,0.5,0.0,0.0,0.1141489229760197,-0.658683161076804,-1.0,-0.3378778341536493,0.0,0.0,-0.1695975135107168,0.0,1.2892242269941023,-0.2307062875957,0.0164539404646906,2
477285,-1.541290221787452,-0.6817349135302966,-0.5,0.0,0.0,0.0,2.0,0.0300194030375924,0.1350614931535953,0.0,-0.5691161559187239,0.0,0.0,0.4641630654510255,0.0,0.0,-0.6815634932226156,-0.343808571036798,0
477316,0.2996178157356711,0.8605538768015021,0.5,0.5,1.0,0.0,0.0,0.1422693882560973,0.1350614931535953,-0.7323949782604657,-0.1423686188473956,0.0,0.0,0.0,0.0,1.0,-0.1997309677353584,0.4639700112812101,5
477597,-0.3020911764738057,-0.4798342762580817,-0.5,0.0,0.0,1.5,0.0,-0.3074223555998511,-0.658683161076804,0.0,-0.3378778341536493,0.0,0.0,0.4641630654510255,0.0,0.0,-0.5837342317522479,0.2446751606970937,0
477730,-0.3513537949525781,0.8252226888668068,1.0,1.5,1.5,0.0,0.8,0.9584633655103724,-0.658683161076804,0.5227586988632229,0.2042491549703524,0.8092012510390698,0.0,0.4641630654510255,0.0,0.0,0.781101648120962,1.1108639228786004,5
477805,0.5997679420011682,-0.0523696989290143,-1.0,-1.0,-0.5,0.0,0.0,-0.549822810839958,-0.658683161076804,-3.801784016923932,1.3100019998680503,0.0,0.0,-1.945257774202184,0.0,3.10628371950539,0.2607396499333032,-5.846818380501243,3
478003,-0.611315622513566,-0.0523696989290143,0.0,0.5,0.0,0.0,0.0,-0.0379512433783162,-0.0955123664504794,0.0,-0.8521289889920516,0.0,0.0,-0.1695975135107168,1.8662394014360388,0.0,-0.6436410660904293,0.3413257896996104,0
478146,-0.1257925380823218,1.4063885737233457,0.0,0.5,0.5,0.75,2.0,-0.3232909678166239,0.69823228777992,0.6460181545591593,0.1763733206847534,0.0,0.5108256237659907,-0.1695975135107168,1.8662394014360388,1.2892242269941023,-0.9324899662744752,0.6133254813191366,5
478188,-0.8256779223810709,-0.8526164401574539,0.0,0.0,0.5,0.0,0.0,-0.058757199348954,0.341316838923196,-1.0,0.0269891667947226,0.0,0.0,-0.1695975135107168,0.0,1.2892242269941023,-0.2979204234650927,-0.38466424029008,2
478228,-0.5727284017079248,-0.8024290039733696,-0.5,-0.5,0.0,0.0,2.0,-0.2949391879553278,-0.658683161076804,0.0,0.8242531547064528,1.8945304820059297,0.0,-0.5358369345489745,0.0,1.8170594925112875,0.0164387587963865,-0.9002402297060718,2
478291,0.3532989021598062,0.1338683882105274,-0.5,0.0,0.0,0.0,0.0,0.2095714063863997,0.69823228777992,0.0,-1.2169959899404237,0.0,0.0,0.4641630654510255,0.0,0.0,-1.5785699577239165,-0.1413075515296877,0
478533,0.0732835360229839,-0.7053517390478198,-1.0,-0.5,-0.5,0.0,0.0,-1.2457822086274737,-0.658683161076804,0.0,0.3100019998680502,0.0,0.0,0.4641630654510255,0.0,0.0,-0.9501443546762588,-0.6419809462307604,0
478585,0.6817756490366277,0.2600828618709601,1.0,1.5,1.0,0.0,0.0,0.4684071602751417,0.2614030824062447,0.5227586988632229,-0.702744835102021,0.0,0.0,0.0979236444127681,1.18274896353532,0.0,-0.1342563255529388,0.973516856766423,5
478760,3.2153893876119963,1.967403765775278,-0.5,0.0,0.0,2.0,1.3333333333333333,-0.329723047939766,0.341316838923196,0.8454879529219202,-0.8521289889920516,0.0,0.6931471805599453,-0.5358369345489745,2.6303167041658844,1.8170594925112875,-1.1516091974050735,0.8383142642937884,0
478801,0.0996192236307875,0.4649590448526473,0.0,0.5,0.5,0.0,0.0,-0.3864738890548298,0.341316838923196,0.0,-0.4872619880436798,0.0,0.0,0.4641630654510255,0.0,0.0,-0.9324899662744752,0.0064223872616913,0
478834,0.3178434986398344,-0.658368006199544,-1.5,-1.0,-1.0,0.0,0.0,-5.01837906474446,-0.658683161076804,-3.801784016923932,-1.7312471447788258,-5.8849491923617165,0.0,-1.945257774202184,0.0,0.0,,,1
479071,-0.5364277497740233,0.4649590448526473,1.0,1.0,1.5,0.0,0.0,0.5840447083969388,0.0,-0.5778829311823854,-0.5193725488133742,0.0,0.0,0.0979236444127681,0.0,0.8170594925112873,0.1877224669446723,0.3261522267702692,5
479078,-0.4958299315963542,-1.2704915660436666,-1.0,-0.5,-0.5,0.0,0.0,-0.819200076828232,-0.658683161076804,0.0,0.7367495369393785,0.0,0.0,0.4641630654510255,0.0,0.0,-0.3159927402858523,-0.2811389104128284,0
479101,1.2196611551488246,0.7157050973079879,-1.0,-0.5,-0.5,0.0,4.0,-0.8308223080491643,0.69823228777992,0.0,-0.8521289889920516,0.0,0.0,0.4641630654510255,0.0,0.0,-1.599284536888346,-1.6972395245788336,0
479254,0.409025944324235,0.0511563914573724,0.0,0.5,0.5,0.0,1.3333333333333333,0.2828870538078779,-0.0955123664504794,0.0,-0.4872619880436798,0.0,0.0,0.4641630654510255,0.0,0.0,-0.0914997060900918,-0.1782741484896627,5
479524,-0.1921956818600621,0.9964830697690392,-1.0,0.0,0.0,1.5,4.0,-0.4181410215043588,0.69823228777992,2.2239010857415447,1.055491476471528,0.0,1.0986122886681096,1.8735839051042344,0.0,0.0,0.1608752614153013,1.083623071418565,5
479785,-1.0007650858644888,-2.2123093414449237,-1.5,-1.0,-1.0,0.0,0.0,-5.01837906474446,-0.658683161076804,-3.801784016923932,-1.7312471447788258,-5.8849491923617165,0.0,-1.945257774202184,0.0,0.0,,,1
480186,1.7547907728991432,1.1141364333104238,-1.5,-1.0,-1.0,0.0,0.0,-5.01837906474446,-0.658683161076804,-3.801784016923932,-1.7312471447788258,-5.8849491923617165,0.0,-1.945257774202184,0.0,0.0,,,1
480313,-0.0286933092512776,1.967403765775278,0.0,1.0,1.0,0.75,1.0,0.416777020981638,0.4368292053736752,0.0,-0.702744835102021,0.0,0.5108256237659907,1.0,0.0,0.0,-0.3801716752928384,-0.4532526882639711,5
480331,0.2996178157356711,-0.5013773948113078,0.0,0.5,0.5,1.0,0.0,0.4506942292293857,-0.0955123664504794,0.0,-0.3378778341536493,0.0,0.0,0.4641630654510255,0.0,0.0,0.0567449788052525,-0.3628277034126613,5
480690,1.4753464543679646,0.4788906502885904,0.5,1.0,1.0,0.75,1.0,0.759751342929985,0.1350614931535953,0.0,-0.2363597157400465,0.0,0.0,0.4641630654510255,0.0,0.0,0.4096324970697187,-0.1035674690469327,5
480796,-0.0855169525367521,-0.7292238865448002,0.0,0.0,0.5,0.0,0.0,-0.1874748525959896,-0.0955123664504794,-1.0,0.1285072852083251,1.3087681003312956,0.0,-0.1695975135107168,0.0,1.2892242269941023,-0.1497412854513549,0.436877399932382,2
480877,0.393281549524254,-0.1425108733599631,0.5,1.0,0.5,0.75,2.0,0.3090043185233017,0.69823228777992,0.6460181545591593,-0.4872619880436798,1.3087681003312956,0.0,0.0,1.4475677406305645,0.0,0.0609178360526226,0.1118518819270186,5
480895,-1.3980855877967648,1.967403765775278,0.0,1.0,1.0,0.75,1.0,0.416777020981638,-0.2218539557031286,2.2239010857415447,0.1038793384945924,3.4424745961808574,0.5108256237659907,1.0,0.0,0.0,0.4404438625701505,1.181585026685759,6
480975,-0.1753607007107251,-1.2704915660436666,-1.5,-1.0,-1.0,0.0,0.0,-5.01837906474446,-0.658683161076804,-3.801784016923932,-1.7312471447788258,-5.8849491923617165,0.0,-1.945257774202184,0.0,0.0,,,1
481050,-0.0649291127595589,0.6135758138503429,-0.5,-0.5,0.0,0.0,0.0,-0.1984534887515583,0.1350614931535953,-1.577882931182386,0.3100019998680502,0.0,0.0,-0.5358369345489745,0.0,1.8170594925112875,-0.2653467985210243,-0.8104012462900655,2
481245,-0.6159109089409733,-0.4373685033222146,-0.5,0.0,0.0,1.5,0.0,-0.9914972347232388,-0.658683161076804,0.0,1.055491476471528,0.0,0.0,0.4641630654510255,0.0,0.0,-0.2955975144699341,-0.2659134363100684,0
481292,-0.0057016973956241,0.1175719885109969,0.5,1.0,0.5,0.75,0.0,0.3105157062011116,0.69823228777992,0.0,-0.8521289889920516,0.0,0.0,0.0,1.4475677406305645,0.0,-1.0190183515397992,0.4696282299047823,5
481358,-0.1095725421238259,-1.151102915861414,-1.0,-0.5,-1.0,0.0,0.0,-5.01837906474446,-0.658683161076804,0.0,-1.7312471447788258,-5.8849491923617165,0.0,-1.945257774202184,4.496556105601924,0.0,-5.009979129451652,-3.859986196724345,4
481554,-0.0775702850809607,0.1338683882105274,1.0,1.5,1.5,0.0,0.8,0.605595714480067,0.2614030824062447,0.5227586988632229,0.0269891667947226,0.8092012510390698,0.0,0.4641630654510255,0.0,0.0,0.5410751434139429,1.3430701493070685,5
481622,0.7896017263310168,0.1175719885109969,0.5,1.0,1.0,0.0,1.0,0.595965913614004,-0.658683161076804,0.6460181545591593,0.0269891667947226,1.0,0.0,0.4641630654510255,0.0,0.0,0.7954671864514288,0.2398732879689517,5
481772,0.6051745739188196,0.4649590448526473,0.0,-0.5,0.0,2.0,0.0,0.036315310818796,-0.0955123664504794,-2.223901085741545,1.6158676927261533,0.0,0.0,-1.945257774202184,1.8662394014360388,2.2892242269941026,1.1045452787288668,-2.047951791943331,2
481781,-0.145689492548958,-1.0656153830619794,-1.5,-1.0,-1.0,0.0,0.0,-5.01837906474446,-0.658683161076804,-3.801784016923932,-1.7312471447788258,-5.8849491923617165,0.0,-1.945257774202184,0.0,0.0,,,1
482264,-0.3147323487952075,0.0,0.5,0.5,1.0,0.0,1.0,0.2330716898915232,0.1350614931535953,-0.7323949782604657,0.3100019998680502,0.0,0.0,0.0,0.0,1.0,0.4216878613309199,-0.1071611135679676,2
482335,-0.1607598662869653,-0.7292238865448002,-1.0,-1.0,-0.5,0.0,0.0,-1.0203068241065072,-0.658683161076804,-3.801784016923932,-0.3378778341536493,0.0,0.0,-1.945257774202184,0.0,3.10628371950539,-1.2423031999997565,-5.846818380501243,3
482424,0.2854554722298665,0.4083366568994223,0.5,0.5,1.0,0.75,0.0,0.4299841629166241,0.1350614931535953,0.0,-0.1423686188473956,1.0,0.0,0.0,0.0,1.0,0.2832409298300506,0.224625982205802,5
482548,-0.2967009531759736,0.1820481643393343,0.5,1.5,1.0,0.6000000000000001,0.8,0.2860020237305984,0.4919769420103195,1.0,0.1285072852083251,0.0,0.4054651081081644,0.4641630654510255,1.4475677406305645,0.0,0.1095574290084582,1.2349436591467466,5
482602,1.548246313065274,0.9964830697690392,0.5,1.0,0.0,0.0,0.0,-0.3795954965351481,0.1350614931535953,1.223901085741545,-0.3378778341536493,0.0,0.0,-0.5358369345489745,2.6303167041658844,0.0,-0.713441070785045,0.2199877049522433,0
482621,-0.1237569192767911,-0.6817349135302966,-0.5,-0.5,0.0,1.5,0.0,0.036315310818796,0.1350614931535953,0.0,0.7367495369393785,1.8945304820059297,0.0,-0.5358369345489745,0.0,1.8170594925112875,0.3677743261201429,0.2615203321081198,2
482630,-0.1985501688296633,0.8488395143843301,-0.5,0.0,0.0,0.0,0.0,-0.3105722598456124,0.1350614931535953,0.0,-0.8521289889920516,0.0,0.0,0.4641630654510255,0.0,0.0,-1.1358497079708638,-0.3175325831987954,0
482744,0.553134664470053,0.3056133849682904,0.5,1.0,1.0,0.75,1.0,0.0830818683322752,0.69823228777992,0.0,-0.1423686188473956,0.0,0.0,0.4641630654510255,0.0,0.0,-0.1685984786416009,0.1738300925953033,5
482811,0.3835228589655964,1.1348704085285175,-1.0,0.0,-0.5,1.5,2.0,-5.01837906474446,0.69823228777992,0.0,-1.7312471447788258,-5.8849491923617165,1.0986122886681096,0.4641630654510255,4.496556105601924,0.0,-5.009979129451652,1.083623071418565,4
483224,0.1568144876632918,0.7405160565023101,0.0,0.5,-0.5,0.0,1.3333333333333333,-1.10502270343148,-0.0955123664504794,0.0,1.189120155654825,0.0,0.0,-0.9452577742021836,3.313807142066604,0.0,-0.2720390640674145,0.0514007942783726,0
483237,0.9298912437968572,0.1978772796996186,0.5,1.0,1.0,0.75,1.0,0.7720651087002103,0.1350614931535953,0.0,0.1763733206847534,0.0,0.0,0.4641630654510255,0.0,0.0,0.7723624445012687,0.1051015558790872,5
483345,-0.5570800430937265,0.5606834135017086,1.0,1.5,1.5,0.0,0.0,0.6875754647141729,0.0,1.0,-0.3378778341536493,1.5479441141749286,0.0,0.4641630654510255,0.0,0.0,0.4095094806416653,0.5357749236381552,5
483480,0.5391826900261899,0.0171841500464987,1.0,0.5,1.5,0.0,0.8,0.6750013854911391,0.0,-1.2239010857415449,-0.0380660878912795,0.8092012510390698,0.0,-0.311497195240441,0.0,1.5078734502500786,0.3842364730771038,-0.3104470095231357,2
483483,-0.0344880198186815,-0.0701059560259865,-0.5,0.0,0.0,0.0,0.0,-0.2526493892991873,0.1350614931535953,0.0,-0.5691161559187239,0.0,0.0,0.4641630654510255,0.0,0.0,-0.8766914274414768,-1.0501130392442626,0
483525,1.2062422672538786,0.6266032978723975,-1.0,-0.5,-0.5,0.0,0.0,-0.7742508386015071,0.69823228777992,0.0,-0.3378778341536493,0.0,0.0,0.4641630654510255,0.0,0.0,-1.039053418473714,-0.8216898168703922,0
483603,-1.8195987715931643,0.3354537328232688,0.5,1.0,0.5,0.75,0.0,0.0671079604591404,-0.658683161076804,1.223901085741545,-0.6566197736857983,2.4424745961808583,0.0,0.0,1.4475677406305645,0.0,-0.0610781455087094,0.3046442573661561,6
483928,0.8281089737247963,0.6906121893614907,1.0,1.5,1.5,0.6000000000000001,0.0,0.6161679787059933,0.0,0.5227586988632229,-0.2560236662786049,0.8092012510390698,0.0,0.4641630654510255,0.0,0.0,0.0440735821518716,0.3183391223430751,5
483982,-0.4733949737513234,-0.7292238865448002,-0.5,0.0,0.0,0.0,0.0,0.218039803340864,0.1350614931535953,0.0,0.1763733206847534,0.0,0.0,0.4641630654510255,0.0,0.0,-0.0903488548938479,-0.5209872278100396,0
484249,-0.5467238783965637,-0.4164379946042029,0.0,0.5,0.5,0.0,1.3333333333333333,0.4312019706490683,-0.658683161076804,0.0,0.95788183388975,0.0,0.0,0.4641630654510255,0.0,0.0,1.19702603203533,0.2328967845386746,5
484342,-1.2960120256858991,-0.1241858541912811,-1.0,0.0,-0.5,1.5,2.0,-5.01837906474446,-0.658683161076804,0.0,-1.7312471447788258,-5.8849491923617165,1.0986122886681096,0.4641630654510255,4.496556105601924,0.0,-5.009979129451652,-0.2572815099898184,4
484418,0.0056834519327694,-0.0173189290703666,0.0,0.5,0.5,0.0,0.0,0.0731337196642206,0.341316838923196,0.0,0.222498382100976,0.0,0.0,0.4641630654510255,0.0,0.0,-0.1811332482703771,0.2780847361549612,5
484987,0.7201373393404776,0.4083366568994223,0.5,1.0,1.0,0.0,0.0,-0.0897473379829274,0.4368292053736752,0.6460181545591593,0.3100019998680502,1.0,0.0,0.4641630654510255,0.0,0.0,0.2385578019319033,0.1516608189130248,5
485149,0.5669778928791185,0.0171841500464987,0.0,0.5,0.5,0.0,0.0,0.3814370695491674,-0.0955123664504794,0.0,-0.6566197736857983,0.0,0.0,0.4641630654510255,0.0,0.0,-0.3010297904987561,-0.1460886057140019,5
485260,-0.5338630168902189,-0.1425108733599631,-0.5,0.0,0.0,0.0,2.0,-0.2012206452762132,0.1350614931535953,0.0,0.0269891667947226,0.0,0.0,0.4641630654510255,0.0,0.0,-0.2656428650014227,-0.3193884390095296,0
485393,-0.4512398771539826,0.9067995908805876,-1.0,0.0,0.0,1.5,4.0,0.0968148587759089,-0.658683161076804,0.0,1.7852254783682713,0.0,1.0986122886681096,1.8735839051042344,0.0,0.0,1.0580757972491126,1.083623071418565,5
485505,-0.1795545095386603,-0.8781444948462946,-0.5,0.0,0.0,1.5,0.0,0.0108444019977208,0.69823228777992,1.223901085741545,-0.3378778341536493,1.8945304820059297,0.0,0.4641630654510255,0.0,0.0,-0.1472403352682224,-0.9765833354856782,6
485518,1.5812686202252375,0.7650513326678573,-1.5,-1.0,-1.0,0.0,0.0,-5.01837906474446,-0.658683161076804,-3.801784016923932,-1.7312471447788258,-5.8849491923617165,0.0,-1.945257774202184,0.0,0.0,,,1
485536,-0.70555933235232,-0.8781444948462946,-1.5,-1.0,-1.0,0.0,0.0,-5.01837906474446,-0.658683161076804,-3.801784016923932,-1.7312471447788258,-5.8849491923617165,0.0,-1.945257774202184,0.0,0.0,,,1
485544,-7.737851272510618,0.8133188749341947,2.5,3.0,2.5,0.75,0.0,1.0549521625080882,-0.0352733000546046,1.4915061074810796,0.2353746287750225,2.59274731585364,0.0,0.2398233261424919,0.7640773027298453,0.0,1.0181006711942897,1.556327095592084,5
485591,-1.6677047881090332,-0.3146618177495106,0.5,0.5,1.0,0.0,2.0,0.6203600192157348,-0.658683161076804,-0.7323949782604657,-0.1423686188473956,1.0,0.0,0.0,0.0,1.0,0.701732544609254,0.2545991940172544,5
485658,2.834414887854045,2.771214644042382,0.0,1.0,1.0,0.75,1.0,0.0751327678248068,0.69823228777992,0.0,-0.702744835102021,0.0,0.5108256237659907,1.0,0.0,0.0,-0.7958168345996091,0.498619252314041,5
485780,1.208165469621984,0.5064929114075749,0.0,0.0,0.5,0.0,1.3333333333333333,0.6254981798119441,-0.0955123664504794,-1.0,0.60981374613042,0.0,0.0,-0.1695975135107168,0.0,1.2892242269941023,0.8688652492484816,-0.5532932130986914,2
485785,-0.0229174433043562,-0.3751629211508731,0.0,0.0,0.0,0.0,0.0,-0.0800899439609849,0.341316838923196,-1.0,-0.1423686188473956,1.8945304820059297,0.0,-0.9452577742021836,1.8662394014360388,1.2892242269941023,-0.0616295472765821,0.4807052786072254,2
485891,-0.5261909651618265,1.4957996598233354,-0.5,0.0,0.5,1.0,2.6666666666666665,0.7290752080406453,-0.658683161076804,-2.223901085741545,1.146122837879747,2.4424745961808583,0.6931471805599453,0.4641630654510255,0.0,1.8170594925112875,1.850337520283807,-1.2123715813128528,2
485894,0.1188896898561776,-0.2364889768829301,0.0,0.0,0.5,1.0,0.0,0.6265365916418073,-0.0955123664504794,0.0,0.5412403216331251,1.3087681003312956,0.0,-0.1695975135107168,0.0,1.2892242269941023,1.0147564541457468,-0.2987073688357979,2
486046,-0.1107262136248662,-0.983314472996574,-1.0,-1.0,-0.5,3.0,0.0,-1.163734893384068,-0.658683161076804,-3.801784016923932,1.4203584774198996,0.0,0.0,-1.945257774202184,0.0,3.10628371950539,-0.1817889340748489,-5.846818380501243,3
486113,0.9174829053957564,0.1978772796996186,-0.5,0.0,0.0,1.5,0.0,-0.3968979197887864,0.1350614931535953,0.0,-0.5691161559187239,0.0,0.0,0.4641630654510255,0.0,0.0,-1.0857638487414865,-0.3605042174662768,0
486191,-0.1372353208699109,-1.209990462642304,-1.0,-1.0,-0.5,3.0,0.0,-0.1766374246825731,-0.658683161076804,-3.801784016923932,0.7367495369393785,0.0,0.0,-1.945257774202184,0.0,3.10628371950539,0.2149028185954418,-5.846818380501243,3
486261,-0.471909338187158,-1.0937450900539751,-0.5,-0.5,0.0,1.5,0.0,-1.217536041802452,-0.658683161076804,1.223901085741545,0.4308838440812761,3.4424745961808574,0.0,-0.5358369345489745,0.0,1.8170594925112875,-0.4645753796672167,0.1793746822262558,6
486268,0.5481245702778385,-0.2364889768829301,-1.5,-1.0,-1.0,0.0,0.0,-5.01837906474446,-0.658683161076804,-3.801784016923932,-1.7312471447788258,-5.8849491923617165,0.0,-1.945257774202184,0.0,0.0,,,1
486270,0.0815878280115536,0.2291991117677428,0.0,0.0,0.5,1.0,0.0,0.370258153942826,-0.0955123664504794,-1.0,0.1285072852083251,0.0,0.0,-0.1695975135107168,0.0,1.2892242269941023,0.2299173451208209,0.1474930918547357,2
486366,0.4880281302815064,-0.2557742709686207,0.0,-0.5,0.5,0.0,0.0,0.224753770373741,-0.0955123664504794,-2.223901085741545,0.222498382100976,1.3087681003312956,0.0,-0.9452577742021836,0.0,2.2892242269941026,0.3395925775913636,-0.2742612423044906,2
486447,0.1578564807781902,0.1661047583479931,-1.0,0.0,-0.5,1.5,2.0,-5.01837906474446,-0.658683161076804,0.0,-1.7312471447788258,-5.8849491923617165,1.0986122886681096,0.4641630654510255,4.496556105601924,0.0,-5.009979129451652,0.1188701744180994,4
486454,0.0779594769776433,-0.1425108733599631,0.0,0.5,0.5,0.0,0.0,-0.6197155758110998,-0.658683161076804,0.0,-0.3378778341536493,0.0,0.0,0.4641630654510255,0.0,0.0,-0.8350756785254849,-0.0559459027531434,0
486605,-0.7430547826448339,-0.3548111444861987,-1.0,-0.5,-0.5,3.0,0.0,-0.0611010072704138,-0.658683161076804,0.0,-0.3378778341536493,0.0,0.0,0.4641630654510255,0.0,0.0,-0.450902503385058,-1.0424132345612152,0
486671,1.1093592820380795,1.0720751208824848,1.0,1.5,1.0,0.6000000000000001,0.0,0.2010170343893152,0.0,1.8454879529219212,-0.1423686188473956,3.4424745961808574,0.0,0.0979236444127681,1.18274896353532,0.0,0.5644972527949201,0.9177999989135216,6
486751,-0.5493072638897125,2.050740151656545,0.5,1.5,1.0,1.2000000000000002,2.4,0.5506480620785469,0.4919769420103195,1.0,0.0269891667947226,1.0,0.4054651081081644,0.4641630654510255,1.4475677406305645,0.0,0.3835111265597585,1.126090809986784,5
486823,1.0452190638453085,0.4226289536358835,0.0,0.5,0.0,0.0,1.3333333333333333,0.2362605692492009,-0.0955123664504794,1.577882931182386,-0.5691161559187239,3.4424745961808574,0.0,-0.1695975135107168,1.8662394014360388,0.0,-0.1756758389953341,0.7837290128991427,6
487002,-0.111591959298065,-0.8024290039733696,-1.0,-0.5,-0.5,0.0,0.0,-1.1131638141497602,-0.658683161076804,0.0,0.9061073225814968,0.0,0.0,0.4641630654510255,0.0,0.0,-0.4528393417577023,-1.495849135504035,0
487036,0.5834485878589073,-0.160989241751724,-1.0,-0.5,-0.5,0.0,0.0,-0.8249911539501583,0.69823228777992,0.0,-1.7312471447788258,0.0,0.0,0.4641630654510255,0.0,0.0,-5.009979129451652,-1.0207636870389312,0
487040,-0.4439158370292121,0.6906121893614907,0.0,0.5,0.0,1.0,1.3333333333333333,-0.0995167042849277,0.69823228777992,0.8454879529219202,-0.1423686188473956,1.8945304820059297,0.0,-0.1695975135107168,1.8662394014360388,0.0,0.1159916324912967,0.0953818534227227,6
487101,0.8017251673520314,0.3056133849682904,0.5,1.0,1.0,0.0,1.0,0.3646125823739102,0.1350614931535953,0.6460181545591593,-0.5691161559187239,1.0,0.0,0.4641630654510255,0.0,0.0,-0.1777336412622021,0.6006236219576979,5
487276,0.0075739015134857,0.5337543951599557,0.5,0.5,1.0,0.75,0.0,0.5763697186616068,0.1350614931535953,-0.7323949782604657,0.1763733206847534,0.0,0.0,0.0,0.0,1.0,0.2845814574328156,0.1928149903249491,5
487352,-0.9378885299188376,-0.9301034129840848,-0.5,-0.5,0.0,0.0,2.0,-0.638133760600969,-0.658683161076804,-1.577882931182386,0.1763733206847534,1.8945304820059297,0.0,-0.5358369345489745,0.0,1.8170594925112875,-0.2227273768756806,-0.9918148761260712,2
487453,-0.0696590149249183,2.639496804169915,1.5,2.5,2.0,0.4285714285714284,2.2857142857142856,0.9278690362614238,0.22612978235164,0.3784131328196244,0.5412403216331251,0.6795775573916313,0.2876820724517809,0.4641630654510255,1.0,0.0,1.050850932763017,0.7065760908718205,5
487637,-0.093499335471865,-0.3957040193861091,0.0,0.0,0.5,1.0,1.3333333333333333,-0.0109857932266889,-0.0955123664504794,-1.0,-0.0833673107571263,0.0,0.0,-0.1695975135107168,0.0,1.2892242269941023,-0.4520639570679443,-0.2769583521038511,2
487680,0.044966381854183,1.103695978225202,0.0,1.0,1.0,0.75,1.0,0.8326977373526697,-0.2218539557031286,0.6460181545591593,-0.1423686188473956,1.0,0.5108256237659907,1.0,0.0,0.0,0.5588845648186478,0.9077367163504108,5
487715,-1.0371365387476892,1.9603149887824227,1.0,2.0,1.5,1.0,1.3333333333333333,0.4442768455473206,-0.3569154488567242,0.8454879529219202,-0.7312471447788259,0.0,0.3364722366212129,0.4641630654510255,1.18274896353532,0.0,-0.2815938440410385,1.2857362485375927,5
487858,-1.0168382925164503,-0.4373685033222146,0.0,0.0,0.5,0.0,0.0,0.119848595697766,-0.0955123664504794,-1.0,0.0269891667947226,1.3087681003312956,0.0,-0.1695975135107168,0.0,1.2892242269941023,0.0929851105478796,0.0113019817671622,2
487954,-0.9475674487685556,0.0511563914573724,0.5,0.5,1.0,0.75,0.0,0.5506480620785469,0.1350614931535953,0.0,0.3718825359910068,1.8945304820059297,0.0,0.0,0.0,1.0,0.9320731257425624,0.7044395304179739,5
488009,-2.330544345179027,-1.0378395182527564,-0.5,0.0,-0.5,0.0,0.0,-0.4253427611106056,-0.658683161076804,0.0,-0.3378778341536493,0.0,0.0,-0.5358369345489745,2.6303167041658844,0.0,-0.751166022029556,-1.7598211896652094,0
488099,-0.1732675039882981,-1.151102915861414,-1.5,-1.0,-1.0,0.0,0.0,-5.01837906474446,-0.658683161076804,-3.801784016923932,-1.7312471447788258,-5.8849491923617165,0.0,-1.945257774202184,0.0,0.0,,,1
488246,-0.1849611414563101,-1.0378395182527564,-1.0,-1.0,-0.5,3.0,4.0,-0.7009351911800297,-0.658683161076804,-3.801784016923932,0.5412403216331251,3.4424745961808574,0.0,-1.945257774202184,0.0,3.10628371950539,0.1002296892431979,-5.846818380501243,3
488314,-0.0229174433043562,2.0094650782032173,0.5,1.5,1.5,0.6000000000000001,1.6,1.0843065242309156,0.2614030824062447,0.0,-0.6208906672269769,0.0,0.4054651081081644,0.8735839051042346,0.0,0.0,0.0298912669647927,0.752923157949233,5
488410,0.6997809306736756,0.1175719885109969,0.0,0.5,0.5,0.0,0.0,-0.7797400984355424,-0.0955123664504794,0.0,0.0269891667947226,0.0,0.0,0.4641630654510255,0.0,0.0,-0.7022345612130932,-0.4018703562566869,0
488430,-1.541290221787452,0.5472599549180527,-1.0,0.0,-0.5,1.5,2.0,-5.01837906474446,-0.658683161076804,0.0,-1.7312471447788258,-5.8849491923617165,1.0986122886681096,0.4641630654510255,4.496556105601924,0.0,-5.009979129451652,1.083623071418565,4
488462,-2.0567608353074105,-0.3346452313910828,1.0,1.0,1.5,0.0,1.6,0.299878614833185,-0.30176771222008,-0.5778829311823854,-0.2560236662786049,0.0,0.0,0.0979236444127681,0.0,0.8170594925112873,-0.1271870982425496,-0.3448189401520009,5
488480,-0.6421778623628336,0.2135937313624968,0.0,0.5,0.0,1.5,1.0,-0.1553719829504427,0.1350614931535953,0.6460181545591593,0.0269891667947226,0.0,0.5108256237659907,-0.9452577742021836,3.313807142066604,1.2892242269941023,-0.2478102426659295,0.4837214415272634,0
488511,1.514598377084125,0.5872879779418604,0.0,0.0,0.5,1.0,0.0,0.4906471189097067,-0.658683161076804,-1.0,0.7957508450296478,0.0,0.0,-0.1695975135107168,0.0,1.2892242269941023,1.0637584389374737,-0.1472640089210706,2
488529,-1.4488341035047,-0.3346452313910828,0.0,0.5,0.5,0.0,2.6666666666666665,0.427359243645891,-0.0955123664504794,1.577882931182386,-0.4872619880436798,2.4424745961808583,0.0,0.4641630654510255,0.0,0.0,0.2294099794152359,0.6033956310972353,6
488539,0.5724851134572817,-0.6123631726854253,-1.5,-1.0,-1.0,0.0,0.0,-5.01837906474446,-0.658683161076804,-3.801784016923932,-1.7312471447788258,-5.8849491923617165,0.0,-1.945257774202184,0.0,0.0,,,1
488672,0.9917509317602596,0.5064929114075749,0.5,0.5,1.0,0.75,1.0,0.7299935715151672,0.1350614931535953,0.0,0.3100019998680502,1.0,0.0,0.0,0.0,1.0,0.596291056353412,0.0906055665221362,5
488827,-0.1921956818600621,0.5201657237419183,1.5,2.0,1.0,0.4999999999999998,1.3333333333333333,0.2781929001380224,-0.0955123664504794,0.4390194395059628,-0.1423686188473956,1.0,0.0,-0.1695975135107168,1.8662394014360388,0.0,-0.4571195262534188,0.136355245289074,5
488865,-0.0152453915759639,-0.5013773948113078,0.0,0.5,0.5,0.0,0.0,-0.1527511459868734,0.69823228777992,0.0,0.0269891667947226,0.0,0.0,0.4641630654510255,0.0,0.0,-0.3845519026613411,-0.4249062868227428,0
488870,-0.4883200801816292,2.1830043609829586,0.0,0.5,1.0,0.75,1.0,0.3387286848344499,0.1350614931535953,-1.577882931182386,1.4465099070840346,0.0,0.5108256237659907,0.4641630654510255,0.0,1.2892242269941023,0.9339130486591334,0.3205416769261869,5
488918,-2.928145017584359,0.4788906502885904,1.5,2.0,1.5,0.0,1.3333333333333333,0.6837734550490422,0.1350614931535953,0.8454879529219202,-0.0380660878912795,1.5479441141749286,0.0,0.1617063421381263,1.0,0.0,0.6216436956184599,1.0876397609632862,5
488974,-0.2371620637142467,-0.1984164451611818,0.0,0.5,0.0,0.0,1.3333333333333333,-0.8977786920441243,0.341316838923196,0.0,-0.3378778341536493,0.0,0.0,-0.1695975135107168,1.8662394014360388,0.0,-1.1410631737840549,-0.6283593205672012,0
489096,-0.5323259530007749,-0.1241858541912811,0.0,0.5,0.5,0.0,0.0,-0.3761772427418038,-0.658683161076804,0.8454879529219202,-0.8521289889920516,1.3087681003312956,0.0,0.4641630654510255,0.0,0.0,-1.0059761923680617,0.7259599923492929,6
489131,-0.4029739392015439,-1.4963388252848984,-1.5,-1.0,-1.0,0.0,0.0,-5.01837906474446,-0.658683161076804,-3.801784016923932,-1.7312471447788258,-5.8849491923617165,0.0,-1.945257774202184,0.0,0.0,,,1
489575,-1.3245822483982044,0.4927349096618701,0.5,1.0,1.0,0.0,0.0,0.5039547644359539,0.4368292053736752,0.0,-0.702744835102021,0.0,0.0,0.4641630654510255,0.0,0.0,-0.2543345868598288,-0.0161538223644658,5
489635,0.4144435709349078,0.3794715120532125,0.5,1.0,1.0,0.75,0.0,0.3059733857426701,0.1350614931535953,0.0,-0.3378778341536493,0.0,0.0,0.4641630654510255,0.0,0.0,-0.119109640123759,0.7506459886330187,5
489661,-0.3238171625337165,-1.565349196005918,-1.0,-1.0,-0.5,0.0,0.0,-0.3169076160410869,-0.658683161076804,-3.801784016923932,0.5412403216331251,0.0,0.0,-1.945257774202184,0.0,3.10628371950539,-0.0271951548562296,-5.846818380501243,3
489730,0.7613997006375568,0.0171841500464987,0.5,1.0,0.0,0.0,0.0,-0.5884218528090575,0.1350614931535953,0.0,-0.1423686188473956,0.0,0.0,-0.5358369345489745,2.6303167041658844,0.0,-0.6696624192529816,0.3805358086822875,0
489785,0.2091917657546151,0.2446949798295298,0.0,0.5,0.5,1.0,1.3333333333333333,0.0021800747076538,-0.0955123664504794,0.8454879529219202,0.5412403216331251,1.3087681003312956,0.0,0.4641630654510255,0.0,0.0,0.2231461404895145,-0.4753642789536197,5
489786,-0.6021605650599894,-1.825432057876876,-1.5,-1.0,-1.0,0.0,0.0,-5.01837906474446,-0.658683161076804,-3.801784016923932,-1.7312471447788258,-5.8849491923617165,0.0,-1.945257774202184,0.0,0.0,,,1
489802,-0.6767574490731605,-1.3013753161468835,-1.0,-0.5,-0.5,0.0,0.0,-0.7908270795063252,-0.658683161076804,0.0,0.3100019998680502,0.0,0.0,0.4641630654510255,0.0,0.0,-0.5732721905629845,-0.8614803260984429,0
489844,-1.4747626984996354,-0.8526164401574539,0.0,0.0,0.5,0.0,2.6666666666666665,0.2230802873917413,0.341316838923196,-1.0,0.5412403216331251,0.0,0.0,-0.1695975135107168,0.0,1.2892242269941023,0.0373391840943505,0.1056422802750401,2
489852,-0.1520566353651367,0.0679485038398385,-0.5,-0.5,0.0,0.0,0.0,-0.1739497081948526,0.1350614931535953,0.0,0.7367495369393785,1.8945304820059297,0.0,-0.5358369345489745,0.0,1.8170594925112875,0.4266701781189667,-0.2697437769955383,2
489949,-0.9967694099083624,1.175763283428428,0.0,1.0,0.5,1.5,1.0,-0.716117555167371,-0.658683161076804,1.223901085741545,0.4308838440812761,3.4424745961808574,0.5108256237659907,0.4641630654510255,1.8662394014360388,0.0,-0.0880528670789125,1.5267915096066706,6
489953,1.0388872310662765,0.728145423941257,1.5,2.0,1.5,0.4999999999999998,0.6666666666666664,0.8079035788212796,0.5278974945717202,1.9103977631226812,-0.1066395123885741,3.4424745961808574,0.0,0.1617063421381263,1.0,0.0,0.8222273661100608,0.8500959838278839,6
489992,-0.1858638490810301,0.1338683882105274,0.0,0.0,0.5,1.0,1.3333333333333333,0.6769586416661321,-0.0955123664504794,0.8454879529219202,0.1285072852083251,4.337005078186787,0.0,-0.1695975135107168,0.0,1.2892242269941023,0.5429575457910405,0.2118007581708977,6
490040,1.0261554402488011,0.5064929114075749,0.0,0.5,0.5,1.0,0.0,0.2044492118617907,-0.658683161076804,1.577882931182386,-0.0833673107571263,2.4424745961808583,0.0,0.4641630654510255,0.0,0.0,0.3118281240250238,0.9000878612191121,6
490107,-1.3980855877967648,0.2905406156119291,1.0,1.5,1.5,0.6000000000000001,1.6,0.5862247831045926,0.4919769420103195,0.0,-0.2560236662786049,0.0,0.0,0.4641630654510255,0.0,0.0,0.1120524056950906,0.3367243934433982,5
490133,2.172179728362853,0.5606834135017086,1.0,0.5,1.5,0.0,0.8,0.6420324527678475,0.2614030824062447,-1.2239010857415449,0.4537367038660508,0.8092012510390698,0.0,-0.311497195240441,0.0,1.5078734502500786,0.7317991004016993,0.1278163048593357,2
490201,-1.2310829129263403,-0.3346452313910828,-0.5,0.0,0.0,0.0,2.0,-0.8789838963522666,0.69823228777992,0.0,0.0269891667947226,0.0,0.0,0.4641630654510255,0.0,0.0,-0.9355958513625204,-0.2152117494686146,0
490348,0.3749397973918489,-0.589715259924501,-1.0,-0.5,-0.5,0.0,0.0,-0.3200932470737037,0.69823228777992,0.0,-0.3378778341536493,0.0,0.0,0.4641630654510255,0.0,0.0,-0.664379439894162,-0.7118344138248924,0
490358,0.2020935316454541,-0.1796235475848035,-0.5,0.0,0.0,1.5,0.0,-0.3011576545890609,1.1350614931535954,0.0,-0.1423686188473956,0.0,0.0,0.4641630654510255,0.0,0.0,-0.5907976648530034,0.1074448675518883,0
490517,-0.3887462752932755,-0.1984164451611818,0.0,0.5,-0.5,0.0,1.3333333333333333,-0.48141211600645,0.341316838923196,0.8454879529219202,-0.8521289889920516,3.4424745961808574,0.0,-0.9452577742021836,3.313807142066604,0.0,-0.7974089999066628,-0.4364441750025041,6
490576,-0.6863062742965885,-0.9565486648353788,-0.5,0.0,0.0,0.0,2.0,-0.1269816022505823,0.1350614931535953,0.0,-0.3378778341536493,0.0,0.0,0.4641630654510255,0.0,0.0,-0.5591116073236682,-0.3383597841664615,0
490608,-0.2788507806795318,0.3205839652723227,-0.5,0.0,-0.5,0.0,0.0,0.0467050652015033,1.1350614931535954,1.223901085741545,-0.8521289889920516,0.0,0.0,-0.5358369345489745,2.6303167041658844,0.0,-0.8418404901005214,0.2860612938428859,0
490629,-0.2699925218508799,0.6906121893614907,0.5,1.0,1.0,0.75,0.0,0.5652827375908238,0.1350614931535953,0.0,-0.2363597157400465,0.0,0.0,0.4641630654510255,0.0,0.0,0.2818978055620269,-0.4759928603699404,5
490671,1.0287091102982302,0.7405160565023101,0.5,1.0,0.5,0.0,1.0,0.427359243645891,0.69823228777992,0.0,0.3100019998680502,0.0,0.0,0.0,1.4475677406305645,0.0,0.4228408083812903,-0.549566476088447,5
491003,0.5709133636083311,0.3794715120532125,-1.0,-0.5,-0.5,3.0,0.0,-0.9500496134530128,-0.658683161076804,0.0,-0.8521289889920516,0.0,0.0,0.4641630654510255,0.0,0.0,-1.6620858371601823,-0.8902944606246265,0
491124,-0.436621875182693,0.2753642525262495,0.5,0.5,1.0,0.75,0.0,0.5369097402689171,-0.658683161076804,-0.7323949782604657,0.3718825359910068,1.0,0.0,0.0,0.0,1.0,1.0952476287243336,-0.2721542404944775,2
491141,1.2871152322195962,0.6266032978723975,1.0,1.5,1.0,0.6000000000000001,0.0,0.3660275254511002,0.2614030824062447,1.0,-0.1423686188473956,1.8945304820059297,0.0,0.0979236444127681,1.18274896353532,0.0,0.8195934776341525,0.3823480664786204,5
491175,0.0996192236307875,0.6004710149305419,0.5,1.0,1.0,0.0,0.0,0.4783641258236343,0.1350614931535953,0.0,-0.1423686188473956,0.0,0.0,0.4641630654510255,0.0,0.0,0.0818621949971527,0.3435480486248677,5
491182,0.9477863797042296,1.029197033103319,1.0,1.5,1.5,0.6000000000000001,0.0,0.6130102045998693,0.2614030824062447,0.0,-0.2560236662786049,0.0,0.0,0.4641630654510255,0.0,0.0,-0.1804781819140885,0.4321686943817404,5
491241,-0.6863062742965885,-0.5672972791819948,0.0,0.5,0.0,1.0,0.0,0.358928929090066,-0.658683161076804,0.0,-0.3378778341536493,0.0,0.0,-0.1695975135107168,1.8662394014360388,0.0,-0.0605271818829305,0.5048398908763316,0
491266,1.402429966175371,1.0399948645799229,0.0,0.5,-0.5,0.0,0.0,-0.819200076828232,0.69823228777992,0.8454879529219202,0.3100019998680502,3.4424745961808574,0.0,-0.9452577742021836,3.313807142066604,0.0,-0.1167165827473538,0.4982581131513541,6
491559,-0.2126105872403068,0.3648961975046188,0.0,0.5,0.5,0.0,0.0,0.1568918533475511,-0.658683161076804,0.0,-0.6566197736857983,0.0,0.0,0.4641630654510255,0.0,0.0,-0.5931682233553376,0.3421515318908226,5
491597,1.3662248649476916,0.7031942868616717,-0.5,0.0,0.0,3.0,0.0,0.0404865985677702,0.69823228777992,3.0693890386634664,-1.2169959899404237,4.751242696512155,0.0,0.4641630654510255,0.0,0.0,-0.6776631351717186,-0.1997892261684397,6
491617,-0.9148720884141042,-0.4798342762580817,0.5,0.5,1.0,0.75,0.0,0.1975708193421089,0.69823228777992,0.6460181545591593,0.6906244755231556,1.8945304820059297,0.0,0.0,0.0,1.0,0.7668732006101528,0.6201586572626386,6
491706,-0.1545389239780106,-0.160989241751724,-0.5,0.0,-0.5,0.0,0.0,-0.3394641784491781,-0.658683161076804,0.0,0.3100019998680502,0.0,0.0,-0.5358369345489745,2.6303167041658844,0.0,-0.2004044866679258,0.1386984868634753,0
491772,-0.8256779223810709,-0.589715259924501,0.5,0.5,1.0,1.5,1.0,0.0909566770942003,-0.2218539557031286,0.0,0.0269891667947226,1.8945304820059297,0.0,0.0,0.0,1.0,0.0853517332706463,0.492544859664178,5
491925,-0.3934761774586333,0.3648961975046188,1.5,1.5,1.5,0.0,0.6666666666666664,0.5369097402689171,-0.658683161076804,0.4390194395059628,0.3100019998680502,1.5479441141749286,0.0,-0.1695975135107168,1.0,0.690813957738791,0.6113962982580211,0.768077650909231,5
491930,0.5023861487621162,0.0511563914573724,0.0,0.5,0.5,0.0,0.0,-0.0800899439609849,0.69823228777992,1.577882931182386,-0.3378778341536493,2.4424745961808583,0.0,0.4641630654510255,0.0,0.0,-0.1566657774537584,0.1447336244736553,6
491995,0.6661959244563824,2.050740151656545,-1.0,-0.5,0.0,1.5,2.0,0.6895711733668306,-0.658683161076804,-3.801784016923932,0.3100019998680502,0.0,1.0986122886681096,0.4641630654510255,0.0,3.10628371950539,0.6478291521310618,-5.846818380501243,3
492209,-0.4293577455743089,-0.0347747680912913,0.5,1.0,0.5,0.0,1.0,0.0108444019977208,-0.2218539557031286,0.6460181545591593,-0.4872619880436798,0.0,0.0,0.0,1.4475677406305645,0.0,-0.4247123346102098,0.4912913906730742,5
492211,0.9072657503926238,0.3939512500814855,-1.0,-0.5,-0.5,0.0,0.0,-0.7579944165917915,-0.658683161076804,0.0,0.5412403216331251,0.0,0.0,0.4641630654510255,0.0,0.0,-0.3916183351486538,-1.6203961732985583,0
492287,-0.6696293704214786,-0.4798342762580817,-0.5,0.0,0.0,0.0,0.0,0.1441111341357359,0.69823228777992,2.2239010857415447,0.0269891667947226,3.4424745961808574,0.0,0.4641630654510255,0.0,0.0,0.426942896976586,0.5883619493099018,6
492371,0.6399221137656366,0.3056133849682904,-0.5,0.0,0.0,0.0,0.0,-0.9705185974517686,0.1350614931535953,0.0,0.0269891667947226,0.0,0.0,0.4641630654510255,0.0,0.0,-0.9171658577955216,-0.2039272749614688,0
492497,1.3289072124898558,1.7284517076142454,-1.0,0.0,-0.5,1.5,2.0,-5.01837906474446,0.69823228777992,2.2239010857415447,-1.7312471447788258,-5.8849491923617165,1.0986122886681096,0.4641630654510255,4.496556105601924,0.0,-5.009979129451652,1.083623071418565,4
492614,-1.136853912593384,-2.4087189227609205,-1.5,-1.0,-1.0,0.0,0.0,-5.01837906474446,-0.658683161076804,-3.801784016923932,-1.7312471447788258,-5.8849491923617165,0.0,-1.945257774202184,0.0,0.0,,,1
492999,-0.8076465267618362,-1.151102915861414,-1.0,-0.5,-0.5,0.0,0.0,-0.2645171686507984,-0.658683161076804,0.0,-0.8521289889920516,0.0,0.0,0.4641630654510255,0.0,0.0,-1.0979502377502195,-0.3255073068431141,0
493177,-0.6367381116681852,-0.1796235475848035,0.5,1.0,1.0,0.0,2.0,0.8269907113443277,0.1350614931535953,0.0,0.7367495369393785,0.0,0.0,0.4641630654510255,0.0,0.0,0.8627796804847951,-0.1412332256761241,5
493409,-0.4221232051705569,0.7157050973079879,1.0,1.0,1.0,0.0,0.0,0.3924696121650622,0.4919769420103195,0.0,0.6906244755231556,1.0,0.0,-0.311497195240441,1.18274896353532,0.8170594925112873,0.6951522380601727,0.2046323174530117,5
493476,-0.0152453915759639,-0.8024290039733696,-1.0,-0.5,-0.5,3.0,0.0,-0.18475239980928,-0.658683161076804,0.0,-0.8521289889920516,0.0,0.0,0.4641630654510255,0.0,0.0,-1.032310535321271,-1.717279720297012,0
493718,0.7835088311158326,0.5064929114075749,0.5,0.5,1.0,0.75,2.0,0.790999148900813,-0.658683161076804,1.223901085741545,0.4872619880436801,2.703731733044999,0.0,0.0,0.0,1.0,1.0288060869030806,0.8097467076064342,6
494294,0.1103508406522334,0.1978772796996186,0.5,1.0,1.0,0.0,1.0,0.4312935624100654,0.4368292053736752,0.0,-0.0548650010803214,0.0,0.0,0.4641630654510255,0.0,0.0,0.1533912852217268,0.6479128942206765,5
494374,-0.6863062742965885,-0.2173706571356206,-0.5,0.0,0.0,1.5,0.0,-0.0921790810977816,0.1350614931535953,0.0,-0.8521289889920516,0.0,0.0,0.4641630654510255,0.0,0.0,-0.9561304726026524,-0.2797889090898438,0
494382,1.1810492602642395,0.6779579877571728,1.0,1.0,1.0,0.0,0.8,0.4154448493136884,-0.30176771222008,0.5227586988632229,0.4872619880436801,1.8945304820059297,0.0,-0.311497195240441,1.18274896353532,0.8170594925112873,0.4705333161756592,-0.040947095604796,5
494441,0.6448310153224737,1.215912610165116,-1.5,-1.0,-1.0,0.0,0.0,-5.01837906474446,-0.658683161076804,-3.801784016923932,-1.7312471447788258,-5.8849491923617165,0.0,-1.945257774202184,0.0,0.0,,,1
494463,-0.0057016973956241,-0.5013773948113078,0.5,1.0,0.0,0.75,1.0,-0.4970162361072746,-0.2218539557031286,1.223901085741545,-0.8521289889920516,1.8945304820059297,0.0,-0.5358369345489745,2.6303167041658844,0.0,-0.9442094737655587,0.0163568546183665,6
494484,1.1942717047928937,0.6395543739241726,0.0,-0.5,0.5,1.0,1.3333333333333333,0.4684071602751417,-0.0955123664504794,-1.0,0.95788183388975,1.3087681003312956,0.0,-0.9452577742021836,0.0,2.2892242269941026,0.9477648908639986,-0.0445986693914316,2
494590,0.220959476096036,-0.1241858541912811,0.5,0.5,1.0,1.5,1.0,0.7047733123907954,0.4368292053736752,-0.7323949782604657,0.2449467451820483,1.0,0.0,0.0,0.0,1.0,0.826618561269401,-0.3959388874725286,2
494630,0.3123954047562008,0.0171841500464987,-1.0,-1.0,-0.5,0.0,0.0,-2.07222737226452,-0.658683161076804,-3.801784016923932,0.7367495369393785,3.4424745961808574,0.0,-1.945257774202184,0.0,3.10628371950539,-0.8820735063641139,-5.846818380501243,3
494680,-0.5338630168902189,-0.1425108733599631,0.5,0.5,1.0,0.0,1.0,0.5970413424829826,-0.2218539557031286,-0.7323949782604657,-0.2363597157400465,0.0,0.0,0.0,0.0,1.0,0.0870454239044414,0.0970215596888964,5
494704,0.6895145598142639,1.029197033103319,1.5,1.5,2.0,0.0,0.0,0.9013283096545278,-0.0955123664504794,-0.4772413011367771,-0.3378778341536493,0.0,0.0,0.1617063421381263,0.0,0.690813957738791,0.2882546008899332,0.3952669054407958,5
494985,-7.737851272510618,0.7157050973079879,1.5,2.0,1.5,0.0,0.0,0.8020255277850284,-0.0955123664504794,0.0,0.3100019998680502,0.0,0.0,0.1617063421381263,1.0,0.0,0.6202957224728677,0.6344972421633159,5
495029,-0.5033716720723769,1.4870197192823456,0.5,1.0,1.5,1.2000000000000002,1.6,0.1906358139017576,0.2614030824062447,-0.5778829311823854,0.0269891667947226,0.0,0.4054651081081644,0.4641630654510255,0.0,1.0,-0.0253080992073774,0.2072119976908472,5
495042,1.5498328046521392,1.0074416636596677,1.0,1.0,1.5,0.6000000000000001,0.8,0.8551469770324848,-0.30176771222008,-0.5778829311823854,-0.1066395123885741,0.0,0.0,0.0979236444127681,0.0,0.8170594925112873,0.5039491315532502,0.695815489522324,5
495080,0.7545002436497275,0.1500453992945883,-1.0,-0.5,-0.5,0.0,4.0,0.0086866584255623,-0.658683161076804,0.0,-0.8521289889920516,0.0,0.0,0.4641630654510255,0.0,0.0,-1.0720092650901762,-1.226843263969985,0
495272,-0.5415683531120764,-0.3146618177495106,0.0,0.0,0.5,1.0,1.3333333333333333,0.1514381229522628,-0.0955123664504794,-1.0,0.3918561677430946,0.0,0.0,-0.1695975135107168,0.0,1.2892242269941023,0.1355249716995862,-0.2626386750981648,2
495273,2.2282536756040634,1.1858692605047223,1.5,1.0,2.0,0.4999999999999998,1.3333333333333333,0.8269907113443277,0.5278974945717202,-0.4772413011367771,0.7367495369393785,0.6795775573916313,0.0,-0.1695975135107168,0.0,1.2892242269941023,0.9471084504252474,0.6841915416538966,5
495386,-0.0696590149249183,-0.1425108733599631,0.0,0.5,0.0,1.0,4.0,0.0909566770942003,0.341316838923196,0.0,-0.1423686188473956,0.0,0.0,-0.1695975135107168,1.8662394014360388,0.0,-0.2239811168815542,-0.054045781248076,5
495482,0.9710034059077371,1.51325549884426,1.0,1.0,1.0,0.0,0.8,0.4047109665192296,-0.30176771222008,-0.5778829311823854,0.7812558369313752,0.0,0.0,-0.311497195240441,1.18274896353532,0.8170594925112873,0.6746848635319816,0.3147322438608227,5
495592,0.5152098666629388,0.1978772796996186,-1.5,-1.0,-1.0,0.0,0.0,-5.01837906474446,-0.658683161076804,-3.801784016923932,-1.7312471447788258,-5.8849491923617165,0.0,-1.945257774202184,0.0,0.0,,,1
495603,0.2931943830075027,0.2905406156119291,1.0,1.0,1.0,0.6000000000000001,0.0,0.2687254027308957,-0.30176771222008,-0.5778829311823854,1.0902415790965525,0.0,0.0,-0.311497195240441,1.18274896353532,0.8170594925112873,0.8048899168601477,0.2028325280535858,5
495727,0.9072657503926238,0.8488395143843301,1.5,2.0,2.0,0.0,0.0,0.8877377181754545,0.854925108088018,0.8454879529219202,-0.0269891667947223,1.3087681003312956,0.0,0.4641630654510255,0.0,0.0,0.7503108744922561,0.9639829887121129,5
496016,1.3941402091730914,1.0826657989148842,0.5,1.0,1.0,0.75,1.0,0.5345980833883642,0.4368292053736752,0.0,-0.5691161559187239,0.0,0.0,0.4641630654510255,0.0,0.0,0.0990056264309081,-0.0485135283412409,5
496074,-0.014288711125468,-0.9301034129840848,-1.5,-1.0,-1.0,0.0,0.0,-5.01837906474446,-0.658683161076804,-3.801784016923932,-1.7312471447788258,-5.8849491923617165,0.0,-1.945257774202184,0.0,0.0,,,1
496273,0.152640391233466,0.2446949798295298,0.5,0.5,0.5,0.0,3.0,-0.0681718046055054,0.1350614931535953,-0.7323949782604657,0.5412403216331251,0.0,0.0,-0.5358369345489745,1.4475677406305645,1.0,-0.0068166650584809,0.3106475961226659,5
496286,1.6292237738632265,0.9408591679901256,0.0,0.5,0.0,0.0,0.0,-0.4660917229575401,0.69823228777992,1.577882931182386,-0.3378778341536493,3.4424745961808574,0.0,-0.1695975135107168,1.8662394014360388,0.0,-0.1778640876338711,0.8363859155503776,6
496332,0.6105647972166517,0.3205839652723227,0.5,1.0,1.0,0.75,0.0,0.8479403138079668,0.4368292053736752,1.223901085741545,0.3718825359910068,1.8945304820059297,0.0,0.4641630654510255,0.0,0.0,0.8419694690965678,0.3775356950565199,6
496382,-0.0696590149249183,0.0511563914573724,0.5,1.0,0.0,0.75,1.0,0.2230802873917413,0.69823228777992,1.223901085741545,0.0269891667947226,0.0,0.0,-0.5358369345489745,2.6303167041658844,0.0,0.2059605643644722,-0.1998347152912191,5
496408,0.0888223684153056,2.2085324156718,1.0,2.0,1.5,0.4999999999999998,0.6666666666666664,0.6923879608304002,0.1350614931535953,0.0,-0.1066395123885741,0.0,0.3364722366212129,0.4641630654510255,1.18274896353532,0.0,0.0654929356114486,0.664248619568879,5
496566,0.0615395398714175,-0.0173189290703666,0.5,0.5,0.0,0.0,0.0,0.4518824903895967,0.1350614931535953,-0.7323949782604657,0.5412403216331251,0.0,0.0,-1.169597513510717,2.6303167041658844,1.0,0.7780337482741833,0.194449792237502,5
496899,1.571896159354608,1.175763283428428,-0.5,0.5,0.5,1.0,1.3333333333333333,0.8938050596353518,0.69823228777992,0.0,-0.6566197736857983,0.0,0.6931471805599453,1.2398233261424922,0.0,0.0,0.0214480265655145,-0.0329701074363052,5
496972,-0.093499335471865,-0.2948576299622514,0.0,0.5,-0.5,0.0,0.0,-0.3626412343037853,-0.0955123664504794,0.0,-0.3378778341536493,0.0,0.0,-0.9452577742021836,3.313807142066604,0.0,-0.699461006768779,-0.0694446850483795,0
497042,1.9912462214405908,1.0074416636596677,0.5,1.0,1.0,0.75,0.0,-0.0494466250085745,-0.658683161076804,0.0,-0.0548650010803214,0.0,0.0,0.4641630654510255,0.0,0.0,-0.2871461471819395,0.6170086623626236,5
497077,0.2639979357320658,2.848532026443302,0.5,1.5,2.0,1.5,2.0,0.5311186631469909,-0.3569154488567242,-1.0,1.4378525396555073,0.0,0.6931471805599453,0.8735839051042346,0.0,1.0,1.0923711891773535,1.2665266198240226,5
497108,-0.3793240929122098,-0.4373685033222146,0.0,0.5,0.5,0.0,0.0,0.3924696121650622,-0.0955123664504794,0.8454879529219202,-1.366380143830454,1.3087681003312956,0.0,0.4641630654510255,0.0,0.0,-1.332732808132957,-0.1210147917575763,6
497225,-0.1095725421238259,0.1500453992945883,1.0,1.5,1.5,1.2000000000000002,0.0,0.8326977373526697,-0.30176771222008,0.0,0.0269891667947226,0.0,0.0,0.4641630654510255,0.0,0.0,0.5550418196380594,0.4183254752837218,5
497475,0.0,-0.6352457830218333,0.5,1.0,-0.5,0.0,1.0,-1.2651531400029488,0.4368292053736752,1.223901085741545,0.3100019998680502,0.0,0.0,-1.169597513510717,3.630316704165885,0.0,-0.9662236302411809,0.9840048423669354,0
497615,-1.277217382434204,0.1661047583479931,0.0,0.0,0.5,0.0,0.0,0.340187730055233,0.341316838923196,-1.0,0.3918561677430946,0.0,0.0,-0.1695975135107168,0.0,1.2892242269941023,0.636232432623976,-0.5435726927377774,2
497678,0.1231437690478419,0.3794715120532125,-0.5,0.0,0.0,0.0,2.0,-0.1632837631875265,0.1350614931535953,0.0,-0.3378778341536493,0.0,0.0,0.4641630654510255,0.0,0.0,-0.6102363500871432,-0.2241397528162809,0
497680,0.3687835443878995,-0.2948576299622514,0.0,0.0,0.5,0.0,0.0,-0.144937194427998,-0.0955123664504794,-1.0,-0.0833673107571263,0.0,0.0,-0.1695975135107168,0.0,1.2892242269941023,-0.4262038924568046,-0.2776059327497411,2
497829,0.5041013369334673,0.3939512500814855,-0.5,0.0,0.0,1.5,2.0,-0.0658082731694688,0.1350614931535953,0.0,-0.5691161559187239,0.0,0.0,0.4641630654510255,0.0,0.0,-0.6478678813695419,0.1125933747406048,0
497915,-1.1861165310721564,0.0511563914573724,0.5,1.0,1.0,0.0,1.0,0.6419611294490286,0.69823228777992,0.0,-0.3378778341536493,0.0,0.0,0.4641630654510255,0.0,0.0,-8.075323935138045e-05,0.2788117880983606,5
498154,-0.6012476494843001,-0.8781444948462946,-0.5,0.0,0.0,0.0,0.0,-0.6106552906169129,0.1350614931535953,0.0,-0.5691161559187239,0.0,0.0,0.4641630654510255,0.0,0.0,-1.0168275513395155,-0.195026317765984,0
498199,-0.1483396952989411,-0.0879858281037825,0.0,0.0,0.5,0.0,0.0,0.1836432558911528,-0.658683161076804,-1.0,-0.0833673107571263,0.0,0.0,-0.1695975135107168,0.0,1.2892242269941023,-0.1263387692359332,-0.5530867004096589,2
498287,1.2310829129263403,0.6395543739241726,1.0,1.5,1.5,0.0,0.0,0.5472344244407065,0.4919769420103195,1.4390194395059634,-0.9857576681753486,2.227521671566561,0.0,0.4641630654510255,0.0,0.0,0.0340554227308944,0.9667596378458808,6
498298,-0.0775702850809607,0.0511563914573724,0.0,-0.5,0.5,0.0,1.3333333333333333,-0.1143864737947603,0.341316838923196,-2.223901085741545,1.055491476471528,1.3087681003312956,0.0,-0.9452577742021836,0.0,2.2892242269941026,0.8721830135480643,-0.984193631856654,2
498357,0.602473315278869,0.3354537328232688,1.0,1.0,1.5,0.6000000000000001,0.8,0.8062283157671384,0.4919769420103195,0.0,-0.0380660878912795,0.8092012510390698,0.0,0.0979236444127681,0.0,0.8170594925112873,0.544425272452439,0.7453413784343524,5
498363,-0.5079121361048262,-0.3346452313910828,-0.5,0.0,0.0,0.0,2.0,-0.2409464455532194,-0.658683161076804,1.223901085741545,-0.5691161559187239,1.8945304820059297,0.0,0.4641630654510255,0.0,0.0,-0.5329345553269259,-1.15403263518474,6
498500,0.4412865586609458,1.4245627679790984,0.0,0.0,0.5,1.0,2.6666666666666665,-0.0448296358979986,-0.658683161076804,0.0,0.1285072852083251,1.3087681003312956,0.0,-0.1695975135107168,0.0,1.2892242269941023,-0.0586571735040741,0.1956094609842354,5
498574,-0.111591959298065,-0.1796235475848035,0.5,0.5,0.5,0.0,0.0,0.2734724485513264,0.1350614931535953,-0.7323949782604657,0.3100019998680502,0.0,0.0,-0.5358369345489745,1.4475677406305645,1.0,0.3308784345223418,-0.324638013445763,2
498607,1.3837233041598065,0.1978772796996186,-0.5,0.0,0.0,1.5,0.0,-0.4698957854209191,0.69823228777992,1.223901085741545,-0.8521289889920516,1.8945304820059297,0.0,0.4641630654510255,0.0,0.0,-0.9561304726026524,0.1444830110779474,6
498665,-0.4958299315963542,1.6151883100055875,1.5,2.5,2.5,1.2857142857142856,0.5714285714285712,1.1352603679401705,0.22612978235164,0.0,-0.5333870494599025,0.0,0.2876820724517809,0.7423962796077841,0.0,0.0,0.366287963950633,0.4744705459848151,5
498857,-1.057669451982427,0.1175719885109969,0.0,0.5,0.0,0.0,0.0,-0.6474960614157483,0.341316838923196,0.0,0.1763733206847534,0.0,0.0,-0.1695975135107168,1.8662394014360388,0.0,-0.6003289171486977,0.167236640020732,0
498931,-1.2586195453452018,-0.9565486648353788,-0.5,0.0,0.0,1.5,0.0,-0.1346300517816637,-0.658683161076804,0.0,0.6427584400467276,0.0,0.0,0.4641630654510255,0.0,0.0,0.4674538691308655,-1.131668491364335,0
499028,-0.976924765317542,-0.1984164451611818,0.0,0.5,0.5,0.0,0.0,0.0321232703090544,-0.0955123664504794,0.0,0.0269891667947226,0.0,0.0,0.4641630654510255,0.0,0.0,-0.1348691295579688,-0.7061122592374212,0
499038,-0.0344880198186815,0.0171841500464987,0.5,0.5,0.5,0.0,0.0,0.4930823761090947,0.4368292053736752,-0.7323949782604657,0.0269891667947226,1.3087681003312956,0.0,-0.5358369345489745,1.4475677406305645,1.0,0.7542336292152819,0.1928078132355987,5
499252,0.8470539769624768,0.4226289536358835,-1.0,-0.5,-0.5,3.0,0.0,-0.9105455787791988,1.491976942010319,0.0,0.7367495369393785,0.0,0.0,0.4641630654510255,0.0,0.0,-0.3916183351486538,-1.300481797446044,0
499313,0.3898024549477128,-0.3146618177495106,-1.0,-0.5,-0.5,0.0,0.0,-1.129685880855539,0.69823228777992,0.0,0.9061073225814968,0.0,0.0,0.4641630654510255,0.0,0.0,-0.4665508444978963,-1.9091046788870785,0
499366,-0.7459403677042734,0.2905406156119291,0.5,1.0,0.5,0.75,0.0,0.427359243645891,0.4368292053736752,1.223901085741545,-0.2042491549703521,2.4424745961808583,0.0,0.0,1.4475677406305645,0.0,0.3004688393102263,0.8594601109650329,6
499375,0.1210180031287195,0.3939512500814855,1.0,1.5,1.5,0.0,0.8,0.6905335931224775,0.2614030824062447,0.5227586988632229,-0.3378778341536493,0.8092012510390698,0.0,0.4641630654510255,0.0,0.0,0.2646787743096244,0.8223523898373065,5
499379,-0.3624891117628728,0.1661047583479931,-0.5,-0.5,0.0,1.5,4.0,-0.3074223555998511,-0.658683161076804,-1.577882931182386,0.0269891667947226,0.0,0.0,-0.5358369345489745,0.0,1.8170594925112875,-0.5199938185445405,-0.5453612939877619,2
499461,0.013609853672604,0.0511563914573724,-0.5,0.0,0.0,0.0,0.0,0.132999785368132,-0.658683161076804,0.0,-0.3378778341536493,0.0,0.0,0.4641630654510255,0.0,0.0,-0.1617455634448434,-0.9093883349239104,0
499475,0.4851425452220668,-0.0347747680912913,0.0,0.5,0.5,1.0,0.0,0.1641090144261154,-0.658683161076804,0.0,-0.3378778341536493,0.0,0.0,0.4641630654510255,0.0,0.0,-0.1863961781787924,-0.4324762702491428,0
499633,0.712531001318998,0.5740257630792477,1.0,1.0,0.5,0.6000000000000001,1.6,-0.0379512433783162,0.4919769420103195,-0.5778829311823854,0.0269891667947226,1.3087681003312956,0.0,-0.7756602606914664,2.18274896353532,0.8170594925112873,0.0842352026655378,0.1865769026866429,5
499634,0.3085717709577525,0.0,-1.0,-0.5,-0.5,0.0,0.0,-1.217536041802452,0.69823228777992,0.0,-0.3378778341536493,0.0,0.0,0.4641630654510255,0.0,0.0,-1.405405299355841,-1.5027362049579924,0
499659,2.5346688401257254,1.4782047289856104,-1.0,-1.0,-0.5,0.0,4.0,-0.7420457056626178,-0.658683161076804,-3.801784016923932,1.055491476471528,3.4424745961808574,0.0,-1.945257774202184,0.0,3.10628371950539,0.3544626005715468,-5.846818380501243,3
499669,-0.8016765137007411,-1.0378395182527564,-1.0,-0.5,-0.5,0.0,0.0,-0.2497083796660127,0.69823228777992,0.0,-0.3378778341536493,0.0,0.0,0.4641630654510255,0.0,0.0,-0.6063531747350817,-1.4660792938720588,0
499751,0.8411553424691957,0.8133188749341947,0.5,0.5,1.0,0.0,0.0,0.5719524167781955,0.69823228777992,-0.7323949782604657,0.4308838440812761,0.0,0.0,0.0,0.0,1.0,0.6295466850900474,0.3740898782412287,5
499760,-1.3945155821457234,-2.2123093414449237,-1.5,-1.0,-1.0,0.0,0.0,-5.01837906474446,-0.658683161076804,-3.801784016923932,-1.7312471447788258,-5.8849491923617165,0.0,-1.945257774202184,0.0,0.0,,,1
499780,2.658298141492994,1.018346140816755,-1.5,-1.0,-1.0,0.0,0.0,-5.01837906474446,-0.658683161076804,-3.801784016923932,-1.7312471447788258,-5.8849491923617165,0.0,-1.945257774202184,0.0,0.0,,,1
499810,-0.1958240328939725,-0.1796235475848035,0.0,0.0,0.5,0.0,0.0,0.22642393624161,-0.0955123664504794,-1.0,0.60981374613042,0.0,0.0,-0.1695975135107168,0.0,1.2892242269941023,0.4725787090646281,-0.1774872116713596,2
499847,1.1985285647340498,1.0826657989148842,0.0,0.5,0.5,0.0,0.0,0.4378102105495251,-0.658683161076804,0.8454879529219202,-0.3378778341536493,1.3087681003312956,0.0,0.4641630654510255,0.0,0.0,0.2123065524939996,0.0328519168480102,5
499969,0.0844851813676359,-0.4584993070321419,-1.0,-1.0,-0.5,0.0,0.0,-1.910135122456495,-0.658683161076804,-3.801784016923932,1.189120155654825,0.0,0.0,-1.945257774202184,0.0,3.10628371950539,-0.9442094737655587,-5.846818380501243,3
499979,0.3641523104380834,0.8605538768015021,1.0,1.5,1.0,0.0,0.8,0.2703107247497532,-0.30176771222008,0.5227586988632229,-0.2363597157400465,1.0,0.0,0.0979236444127681,1.18274896353532,0.0,0.05641936823972,1.0624304826182756,5
499990,1.1732251189175256,1.4063885737233457,0.0,0.5,0.0,0.0,1.3333333333333333,0.1550778625404477,0.341316838923196,1.577882931182386,0.1763733206847534,0.0,0.0,-0.1695975135107168,1.8662394014360388,0.0,0.0764591467240625,0.9114722203173482,5
500078,0.5481245702778385,0.0511563914573724,-0.5,0.0,0.0,0.0,0.0,-0.819200076828232,0.69823228777992,0.0,0.1763733206847534,0.0,0.0,0.4641630654510255,0.0,0.0,-0.6604434538103582,-0.9033478923499644,0
500196,0.3389328045232249,0.0,-0.5,0.0,0.0,0.0,0.0,-0.7059656443572273,0.1350614931535953,1.223901085741545,-0.3378778341536493,1.8945304820059297,0.0,0.4641630654510255,0.0,0.0,-0.8418404901005214,0.3022297788219524,6
500243,-0.5393634152579296,-0.658368006199544,-1.0,-0.5,-0.5,0.0,0.0,-0.9986078119797062,-0.658683161076804,0.0,-0.3378778341536493,0.0,0.0,0.4641630654510255,0.0,0.0,-1.2243697602255057,-1.5636926884694118,0
500257,-1.340655455050166,-1.462625924074788,-0.5,0.0,0.0,1.5,2.0,-0.2409464455532194,0.1350614931535953,0.0,-0.5691161559187239,0.0,0.0,0.4641630654510255,0.0,0.0,-0.8653474085876992,-0.2593032724224862,0
500288,-0.3102073088611108,-1.2704915660436666,-1.5,-1.0,-1.0,0.0,0.0,-5.01837906474446,-0.658683161076804,-3.801784016923932,-1.7312471447788258,-5.8849491923617165,0.0,-1.945257774202184,0.0,0.0,,,1
500299,-1.116457516147238,-1.1222377710152045,-1.0,-1.0,-0.5,0.0,0.0,-0.638133760600969,-0.658683161076804,-3.801784016923932,-0.3378778341536493,0.0,0.0,-1.945257774202184,0.0,3.10628371950539,-0.926703665492017,-5.846818380501243,3
500493,-0.5821840258877913,-0.7292238865448002,0.0,0.0,0.0,0.0,1.3333333333333333,0.3868748586217402,-0.0955123664504794,0.0,0.3100019998680502,1.8945304820059297,0.0,-0.9452577742021836,1.8662394014360388,1.2892242269941023,1.0663677395473328,-0.0480755403393588,2
500532,0.0226254934042333,-0.6352457830218333,-1.0,-1.0,-0.5,0.0,0.0,-0.2585623848245567,-0.658683161076804,-3.801784016923932,-0.3378778341536493,0.0,0.0,-1.945257774202184,0.0,3.10628371950539,-0.6136520598838991,-5.846818380501243,3
500646,-0.3513537949525781,-0.4798342762580817,0.0,-0.5,0.5,2.0,2.6666666666666665,0.2280907981194525,-0.0955123664504794,-2.223901085741545,0.95788183388975,1.3087681003312956,0.0,-0.9452577742021836,0.0,2.2892242269941026,0.5906510245901833,-1.2088009794672545,2
500745,0.9786754576361312,0.2753642525262495,0.5,0.0,0.5,0.75,1.0,0.0528779748941063,-0.2218539557031286,-1.577882931182386,0.3918561677430946,0.0,0.0,-1.169597513510717,1.4475677406305645,1.8170594925112875,0.2329537677435305,-0.0938200538518064,2
500773,1.314482140598632,0.9744013643849618,0.5,0.5,1.0,0.0,2.0,0.6460980741874547,-0.658683161076804,-0.7323949782604657,0.2449467451820483,0.0,0.0,0.0,0.0,1.0,0.7777756952349618,0.018991900408288,5
500791,1.7133351772609235,0.8013505413698264,-1.0,-1.0,-0.5,0.0,4.0,-0.7908270795063252,-0.658683161076804,-3.801784016923932,0.7367495369393785,0.0,0.0,-1.945257774202184,0.0,3.10628371950539,-0.4050651887550597,-5.846818380501243,3
500828,-0.4958299315963542,-0.6817349135302966,0.0,0.5,0.0,0.0,0.0,-0.3626412343037853,-0.0955123664504794,0.0,-0.3378778341536493,0.0,0.0,-0.1695975135107168,1.8662394014360388,0.0,-0.699461006768779,0.233458104308118,0
500972,-0.7969149097403911,-0.7292238865448002,0.0,0.5,0.5,1.0,0.0,0.3546408872428757,0.341316838923196,2.2239010857415447,-0.6566197736857983,3.4424745961808574,0.0,0.4641630654510255,0.0,0.0,-0.1491152017189225,0.8005040203898526,6
500974,0.3028208413348977,0.4509389841865806,1.5,1.5,2.0,0.0,0.0,0.5217693477594784,-0.0955123664504794,-0.4772413011367771,0.3515893126021746,0.0,0.0,0.1617063421381263,0.0,0.690813957738791,0.2360487716388196,0.9086922821994572,5
501087,0.044966381854183,-0.1796235475848035,-0.5,0.0,0.0,0.0,0.0,0.1730443940735816,0.1350614931535953,0.0,-0.1423686188473956,0.0,0.0,0.4641630654510255,0.0,0.0,-0.1013598393451788,-0.215651882343702,0
501125,-0.7133193762139726,-0.4798342762580817,-0.5,0.0,0.0,0.0,0.0,0.254208660757192,0.1350614931535953,0.0,0.4308838440812761,0.0,0.0,0.4641630654510255,0.0,0.0,-0.1838057718653371,-0.7171153960839803,0
501184,2.563130053117153,1.5901428376857083,0.5,0.5,1.0,0.0,0.0,0.728155842532674,0.1350614931535953,-0.7323949782604657,0.9061073225814968,1.0,0.0,0.0,0.0,1.0,1.148287826732607,0.5417456416476716,5
501322,-0.2541581476087982,0.5872879779418604,0.5,0.5,1.0,0.75,1.0,0.4746440385249632,0.4368292053736752,-0.7323949782604657,-0.1423686188473956,0.0,0.0,0.0,0.0,1.0,0.3764209426316579,0.5572321499185988,5
501344,-0.1972774513166547,-1.4294200030383808,-1.0,-0.5,-1.0,0.0,4.0,-5.01837906474446,-0.658683161076804,0.0,-1.7312471447788258,-5.8849491923617165,0.0,-1.945257774202184,4.496556105601924,0.0,-5.009979129451652,-1.9482000142584428,4
501436,0.044966381854183,1.751984635180171,0.5,1.5,1.0,1.2000000000000002,0.8,0.941546713514381,0.8848129434284441,1.0,1.0197623700127063,0.0,0.4054651081081644,0.4641630654510255,1.4475677406305645,0.0,1.5006937064148802,0.7860091799326838,5
501512,-0.7372976391487329,-0.7777566563817965,-0.5,0.0,0.0,0.0,4.0,-0.3362046060884055,0.1350614931535953,0.0,0.0269891667947226,0.0,0.0,0.4641630654510255,0.0,0.0,-1.1983103710872367,-0.1104114615131784,0
501708,-0.2541581476087982,0.8722064217150826,-1.0,0.0,-0.5,1.5,4.0,-5.01837906474446,0.69823228777992,0.0,-1.7312471447788258,-5.8849491923617165,1.0986122886681096,0.4641630654510255,4.496556105601924,0.0,-5.009979129451652,1.083623071418565,4
501735,0.9830446534764662,-0.0347747680912913,0.0,0.5,0.5,0.0,0.0,-0.1269816022505823,0.69823228777992,0.0,-1.0833673107571262,0.0,0.0,0.4641630654510255,0.0,0.0,-1.15694297514093,0.0195900406016672,0
501764,-0.7407496853538414,-0.7777566563817965,-0.5,0.0,0.0,0.0,0.0,-0.0681718046055054,0.1350614931535953,0.0,0.0269891667947226,0.0,0.0,0.4641630654510255,0.0,0.0,-0.1293732934952055,-0.4424535271014682,0
501780,1.685640346880504,0.6652308508706292,-1.5,-1.0,-1.0,0.0,0.0,-5.01837906474446,-0.658683161076804,-3.801784016923932,-1.7312471447788258,-5.8849491923617165,0.0,-1.945257774202184,0.0,0.0,,,1
501794,-0.360628370667163,0.1175719885109969,0.5,1.0,1.0,0.0,1.0,0.0549256026441173,0.4368292053736752,0.0,0.3718825359910068,0.0,0.0,0.4641630654510255,0.0,0.0,0.1803685794013028,-0.1959767742462173,5
501817,0.4126395309490205,0.3939512500814855,0.0,0.5,0.5,0.0,0.0,0.1818860114493234,0.341316838923196,2.2239010857415447,-0.2042491549703521,3.4424745961808574,0.0,0.4641630654510255,0.0,0.0,0.7384076712786923,0.2029247355228364,6
501830,-1.348746936987948,-1.0656153830619794,-0.5,-0.5,0.0,0.0,0.0,0.2906529926937602,-0.658683161076804,-1.577882931182386,0.4308838440812761,1.8945304820059297,0.0,-0.5358369345489745,0.0,1.8170594925112875,0.471812393621118,-0.6864521191352453,2
501897,-0.2567874259770644,-1.0656153830619794,-1.0,-1.0,-0.5,0.0,0.0,-1.0969594992736968,-0.658683161076804,-3.801784016923932,1.189120155654825,0.0,0.0,-1.945257774202184,0.0,3.10628371950539,-0.2653467985210243,-5.846818380501243,3
501947,-1.1861165310721564,2.030199053421311,1.0,1.5,1.5,1.0,0.6666666666666664,0.8062283157671384,-0.0955123664504794,-0.4772413011367771,-0.7312471447788259,0.0,0.3364722366212129,0.0979236444127681,1.18274896353532,0.8170594925112873,0.1681169637017041,0.2750464924453573,5
502063,-0.9545133990114522,-1.6365860878501548,-1.0,-0.5,-0.5,0.0,0.0,-1.8491978483998872,-0.658683161076804,0.0,0.5412403216331251,0.0,0.0,0.4641630654510255,0.0,0.0,-1.299066599486068,-0.268880141206936,0
502145,-1.1713772164944602,-0.1425108733599631,0.5,1.0,1.0,0.0,0.0,0.3869713975206568,0.4368292053736752,0.6460181545591593,-0.1423686188473956,1.0,0.0,0.4641630654510255,0.0,0.0,0.127844702091347,0.9524965018596898,5
502210,-0.4659791917316795,1.7363239160834387,0.5,1.0,1.5,0.6000000000000001,0.8,0.5438069007810375,0.0,0.5227586988632229,-0.1791334945787352,2.227521671566561,0.4054651081081644,0.4641630654510255,0.0,1.0,0.458393232821872,0.1271964535033354,5
502212,0.1775390776965543,-0.658368006199544,-1.0,-0.5,-0.5,3.0,0.0,-1.1992179637495972,-0.658683161076804,0.0,-0.8521289889920516,0.0,0.0,0.4641630654510255,0.0,0.0,-1.8671304527933783,-0.3774631499072433,0
502353,-1.0439545018741934,0.4509389841865806,1.0,1.0,1.0,0.0,0.8,0.507547940049412,0.0,-0.5778829311823854,0.6427584400467276,1.0,0.0,-0.311497195240441,1.18274896353532,0.8170594925112873,1.0242343250415866,1.3918734155073806,5
502412,0.2061531384721079,-0.0523696989290143,0.0,0.0,0.5,2.0,0.0,-0.5332193493887077,-0.0955123664504794,-1.0,0.6748690008164222,0.0,0.0,-0.1695975135107168,0.0,1.2892242269941023,-0.3386491960149906,-0.1668300694753715,2
502435,0.5177635367123676,-0.0879858281037825,-0.5,0.0,0.0,1.5,0.0,-0.4852861384835237,0.69823228777992,1.223901085741545,-0.1423686188473956,1.8945304820059297,0.0,0.4641630654510255,0.0,0.0,-0.523206431333509,-0.2648940920820443,6
502444,1.650028583137335,0.7405160565023101,1.5,2.0,1.5,0.0,0.6666666666666664,0.7472549511064115,-0.0955123664504794,0.0,-0.1791334945787352,0.0,0.0,0.1617063421381263,1.0,0.0,0.2431934787125451,0.4108158046361572,5
502609,0.1939463741786511,0.6779579877571728,1.0,1.5,1.5,0.6000000000000001,0.0,0.6601752245970175,-0.658683161076804,0.0,-0.3378778341536493,0.0,0.0,0.4641630654510255,0.0,0.0,-0.1095865694178218,-0.0157229699588065,5
502626,-0.5210946138503713,-0.5672972791819948,-0.5,0.0,0.0,0.0,0.0,-0.0311285469557203,0.69823228777992,0.0,-0.3378778341536493,0.0,0.0,0.4641630654510255,0.0,0.0,-0.3646280874823999,-0.508648050807418,0
502799,1.1495437385660767,0.8837977981322299,0.5,1.0,1.0,0.0,0.0,0.4783641258236343,0.4368292053736752,0.0,-0.1423686188473956,0.0,0.0,0.4641630654510255,0.0,0.0,0.0978232301146337,0.0516548929182726,5
502819,2.253583872022822,1.442588599810844,-1.5,-1.0,-1.0,0.0,0.0,-5.01837906474446,-0.658683161076804,-3.801784016923932,-1.7312471447788258,-5.8849491923617165,0.0,-1.945257774202184,0.0,0.0,,,1
502826,0.1939463741786511,-0.1060116599355281,0.0,0.5,-0.5,0.0,0.0,-0.7009351911800297,-0.0955123664504794,0.0,-1.7312471447788258,0.0,0.0,-0.9452577742021836,3.313807142066604,0.0,-5.009979129451652,0.1873645803565411,0
502847,-0.7779951333492916,0.1338683882105274,1.0,1.0,1.5,0.0,0.0,0.6013293843301729,0.0,-0.5778829311823854,-0.4253814519207233,0.8092012510390698,0.0,0.0979236444127681,0.0,0.8170594925112873,0.2845814574328156,0.113428753699197,5
502850,0.1837095895664544,-1.1222377710152045,-1.5,-1.0,-1.0,0.0,0.0,-5.01837906474446,-0.658683161076804,-3.801784016923932,-1.7312471447788258,-5.8849491923617165,0.0,-1.945257774202184,0.0,0.0,,,1
502875,-0.0875091874213585,-0.2364889768829301,0.0,0.5,0.0,0.0,0.0,-0.2265427032794958,0.341316838923196,0.8454879529219202,-0.8521289889920516,1.8945304820059297,0.0,-0.1695975135107168,1.8662394014360388,0.0,-0.8038144744347813,0.3009725554127844,6
502995,-0.2633777014917708,-0.7777566563817965,-1.5,-1.0,-1.0,0.0,0.0,-5.01837906474446,-0.658683161076804,-3.801784016923932,-1.7312471447788258,-5.8849491923617165,0.0,-1.945257774202184,0.0,0.0,,,1
503042,0.1905406641928037,-0.4373685033222146,-1.0,-0.5,-0.5,0.0,4.0,-1.0732227632892712,0.69823228777992,0.0,-0.3378778341536493,0.0,0.0,0.4641630654510255,0.0,0.0,-1.4844458712809026,-1.4054103190061191,0
503049,-1.663550219633572,-2.863271576129634,-1.5,-1.0,-1.0,0.0,0.0,-5.01837906474446,-0.658683161076804,-3.801784016923932,-1.7312471447788258,-5.8849491923617165,0.0,-1.945257774202184,0.0,0.0,,,1
503058,-0.633482240521008,-0.2173706571356206,0.0,0.0,0.5,0.0,0.0,-0.0564198929834767,-0.0955123664504794,-1.0,-0.0833673107571263,0.0,0.0,-0.1695975135107168,0.0,1.2892242269941023,-0.3345487246530911,-0.1480128369564664,2
503126,0.225740305936731,-0.1425108733599631,-1.0,-1.0,-0.5,0.0,0.0,-0.2438569783417058,-0.658683161076804,-3.801784016923932,1.189120155654825,0.0,0.0,-1.945257774202184,0.0,3.10628371950539,0.4404438625701505,-5.846818380501243,3
503161,0.2597875571184802,-0.4584993070321419,-1.5,-1.0,-1.0,0.0,0.0,-5.01837906474446,-0.658683161076804,-3.801784016923932,-1.7312471447788258,-5.8849491923617165,0.0,-1.945257774202184,0.0,0.0,,,1
503277,-0.2384636960285709,-0.0173189290703666,0.0,0.5,0.5,0.0,1.3333333333333333,0.0630667133623977,0.69823228777992,0.0,0.222498382100976,0.0,0.0,0.4641630654510255,0.0,0.0,-0.0634799446864226,0.4424016242126047,5
503342,-0.0152453915759639,1.7597735396823695,0.0,1.0,1.0,1.5,1.0,0.5311186631469909,-0.2218539557031286,0.0,-0.0548650010803214,0.0,0.5108256237659907,1.0,0.0,0.0,0.288587560169589,0.0127391601560105,5
503418,0.8423366376330648,1.175763283428428,1.0,1.5,1.5,0.6000000000000001,0.0,0.5862247831045926,0.0,0.0,0.1478710110079485,0.0,0.0,0.4641630654510255,0.0,0.0,0.5120272434436066,0.3469754581812716,5
503483,0.4234363861645041,-0.4164379946042029,-1.5,-1.0,-1.0,0.0,0.0,-5.01837906474446,-0.658683161076804,-3.801784016923932,-1.7312471447788258,-5.8849491923617165,0.0,-1.945257774202184,0.0,0.0,,,1
503621,0.1456616898640888,0.5337543951599557,-0.5,-0.5,0.0,0.0,0.0,-0.1739497081948526,-0.658683161076804,-1.577882931182386,1.251000691777781,0.0,0.0,-0.5358369345489745,0.0,1.8170594925112875,0.1646269796878444,-0.7003259822260457,2
503760,0.709988299075969,0.3939512500814855,1.0,1.0,1.5,0.6000000000000001,0.0,0.9394017864219568,0.0,1.0,0.4537367038660508,1.5479441141749286,0.0,0.0979236444127681,0.0,0.8170594925112873,1.1527055471585868,0.6527444164361335,5
503773,0.6357578042062891,-0.2948576299622514,-1.5,-1.0,-1.0,0.0,0.0,-5.01837906474446,-0.658683161076804,-3.801784016923932,-1.7312471447788258,-5.8849491923617165,0.0,-1.945257774202184,0.0,0.0,,,1
503918,0.0597056964318799,-0.983314472996574,-1.5,-1.0,-1.0,0.0,0.0,-5.01837906474446,-0.658683161076804,-3.801784016923932,-1.7312471447788258,-5.8849491923617165,0.0,-1.945257774202184,0.0,0.0,,,1
503928,0.0375505998345391,-0.5013773948113078,-0.5,0.0,0.0,0.0,0.0,0.4020059933952999,-0.658683161076804,0.0,-0.3378778341536493,0.0,0.0,0.4641630654510255,0.0,0.0,0.0229144797449526,-0.5750128984745566,0
503945,-0.3169991994072114,-0.1425108733599631,0.0,0.5,0.0,1.0,0.0,-0.1606382401211373,-0.0955123664504794,0.8454879529219202,-0.3378778341536493,1.8945304820059297,0.0,-0.1695975135107168,1.8662394014360388,0.0,-0.1936985573534778,0.6506783129911455,6
503973,1.0609505857687456,1.2258369061374028,0.5,0.5,0.5,2.25,1.0,0.0321232703090544,-0.2218539557031286,-0.7323949782604657,0.1285072852083251,0.0,0.0,-0.5358369345489745,1.4475677406305645,1.0,0.0010893173248934,-0.707039243633919,2
504081,0.0795153922881903,0.1661047583479931,-0.5,0.0,-0.5,0.0,2.0,-0.4623047574617973,0.1350614931535953,0.0,-0.8521289889920516,0.0,0.0,-0.5358369345489745,2.6303167041658844,0.0,-1.260712804009117,0.0370835507921112,0
504133,-0.3034412922464608,0.2135937313624968,0.0,0.5,0.5,0.0,0.0,0.4658115190192249,0.341316838923196,2.2239010857415447,0.7367495369393785,3.4424745961808574,0.0,0.4641630654510255,0.0,0.0,0.9298996787158132,0.4585210827901446,6
504240,-1.5824367078789177,0.6395543739241726,1.5,2.0,1.5,0.4999999999999998,0.6666666666666664,0.7010482870829762,-0.3569154488567242,0.4390194395059628,-0.3378778341536493,0.0,0.0,0.1617063421381263,1.0,0.0,0.0110950852711346,0.9560766408206236,5
504299,0.1785689862284012,-0.2948576299622514,0.0,0.5,0.5,1.0,0.0,0.2314146620134179,0.341316838923196,0.0,-0.4872619880436798,0.0,0.0,0.4641630654510255,0.0,0.0,-0.3749516680555226,0.3990060862044758,5
504320,-0.5008541986340135,-0.0173189290703666,-0.5,0.0,0.0,0.0,4.0,-0.2980426846663403,0.69823228777992,0.0,-0.5691161559187239,0.0,0.0,0.4641630654510255,0.0,0.0,-0.8312992763441766,-0.2737650087421778,0
504371,1.6634668102732637,0.8488395143843301,1.0,1.5,1.0,0.0,0.8,0.400650243457655,0.0,1.8454879529219212,0.4872619880436801,1.8945304820059297,0.0,0.0979236444127681,1.18274896353532,0.0,0.7456774040794892,1.1916761445067765,5
504435,0.0743236984031695,1.4957996598233354,0.5,1.5,1.5,1.2000000000000002,2.4,1.0873991176920963,0.69823228777992,1.0,-0.4253814519207233,1.5479441141749286,0.4054651081081644,0.8735839051042346,0.0,0.0,0.5571240665078567,0.6766504701744713,5
504473,-0.2049274726775389,-0.4373685033222146,-0.5,0.0,0.0,0.0,0.0,-0.5540253053593464,0.69823228777992,0.0,-0.3378778341536493,0.0,0.0,0.4641630654510255,0.0,0.0,-0.8573070277003173,-0.4896525720557814,0
504579,-0.003255871147178,-1.0378395182527564,-1.5,-1.0,-1.0,0.0,0.0,-5.01837906474446,-0.658683161076804,-3.801784016923932,-1.7312471447788258,-5.8849491923617165,0.0,-1.945257774202184,0.0,0.0,,,1
504610,-0.8016765137007411,-1.6006803839406132,-1.0,-0.5,-0.5,0.0,0.0,-1.190206130204569,0.69823228777992,2.2239010857415447,-0.3378778341536493,3.4424745961808574,0.0,0.4641630654510255,0.0,0.0,-0.9040295682741992,-0.9712288139717282,6
504665,-0.8846402569883903,-0.7292238865448002,-0.5,-0.5,0.0,3.0,0.0,-0.2615345163169901,0.69823228777992,-1.577882931182386,0.8242531547064528,0.0,0.0,-0.5358369345489745,0.0,1.8170594925112875,0.0155510014834202,-0.5139073848503943,2
504669,0.0725030142730446,0.1175719885109969,-0.5,0.0,0.0,1.5,0.0,-0.5373396431954355,0.69823228777992,0.0,-0.3378778341536493,0.0,0.0,0.4641630654510255,0.0,0.0,-0.8435420558294248,0.1869021788773071,0
504786,0.0226254934042333,0.1175719885109969,0.0,-0.5,0.5,0.0,1.3333333333333333,0.5697350512762837,-0.0955123664504794,-2.223901085741545,0.1285072852083251,1.3087681003312956,0.0,-0.9452577742021836,0.0,2.2892242269941026,0.5930477448830375,-1.1504202807177102,2
504859,-1.064566847887558,-0.8781444948462946,-0.5,-0.5,0.0,1.5,0.0,0.0630667133623977,-0.658683161076804,-1.577882931182386,0.3100019998680502,1.8945304820059297,0.0,-0.5358369345489745,0.0,1.8170594925112875,0.3928533175493688,-1.189389161690183,2
504892,-0.3722901145563705,0.1338683882105274,0.0,0.0,0.0,0.0,1.3333333333333333,-0.101976847359489,-0.658683161076804,0.0,1.4203584774198996,3.4424745961808574,0.0,-0.9452577742021836,1.8662394014360388,1.2892242269941023,1.1530500971424331,-0.4879450541497694,2
504916,-0.6863062742965885,1.4154943686347117,-1.0,0.0,0.0,1.5,2.0,0.0889948638576445,-0.658683161076804,0.0,-0.3378778341536493,0.0,1.0986122886681096,1.8735839051042344,0.0,0.0,-0.3272284347519699,-0.02840921918515,5
504936,0.1905406641928037,0.8605538768015021,0.0,0.0,0.5,1.0,1.3333333333333333,0.2027348706712991,-0.0955123664504794,0.0,0.60981374613042,1.3087681003312956,0.0,-0.1695975135107168,0.0,1.2892242269941023,0.5755441311887745,0.1847820405931046,5
504945,0.2182765794931225,0.7405160565023101,0.5,1.0,1.0,0.0,1.0,0.6193139627133369,0.4368292053736752,0.0,-0.5691161559187239,0.0,0.0,0.4641630654510255,0.0,0.0,-0.0150201051580934,0.2788182768431579,5
505062,-1.057669451982427,-0.5451046085908845,0.0,0.5,0.5,0.0,1.3333333333333333,0.0909566770942003,-0.0955123664504794,0.0,0.0269891667947226,0.0,0.0,0.4641630654510255,0.0,0.0,-0.1159704429071855,0.3154349495096553,5
505066,-0.6076479346569527,-0.9565486648353788,-1.0,-1.0,-0.5,0.0,0.0,-0.8728109866596636,-0.658683161076804,-3.801784016923932,0.0269891667947226,3.4424745961808574,0.0,-1.945257774202184,0.0,3.10628371950539,-0.360371550563772,-5.846818380501243,3
505172,-0.6947038181364555,1.3788436992524111,-0.5,0.5,0.5,2.0,1.3333333333333333,0.0968148587759089,1.2614030824062443,2.8017840169239308,1.521876595833502,2.4424745961808583,0.6931471805599453,1.2398233261424922,0.0,0.0,1.3411561796512992,1.1891511434915427,6
505230,-0.1795545095386603,-0.4373685033222146,0.0,0.0,0.5,1.0,0.0,0.0043545234098094,0.341316838923196,0.0,0.222498382100976,2.4424745961808583,0.0,-0.1695975135107168,0.0,1.2892242269941023,0.4258513773705299,-0.3607376548132371,6
505285,1.5998664573142398,0.8133188749341947,0.5,1.0,1.0,0.0,2.0,0.5051541929722428,0.4368292053736752,0.0,0.1038793384945924,0.0,0.0,0.4641630654510255,0.0,0.0,0.2982237240093872,0.1601519625737821,5
505289,-0.4149180138957635,-0.0879858281037825,0.0,0.5,0.5,0.0,0.0,-0.2856966996239918,-0.0955123664504794,0.0,-0.8521289889920516,0.0,0.0,0.4641630654510255,0.0,0.0,-1.1153792121063957,-0.3318827853138209,0
505358,1.1399820615642915,0.6524299330683321,0.0,0.5,0.5,1.0,0.0,-0.2980426846663403,0.341316838923196,1.577882931182386,0.0269891667947226,2.4424745961808583,0.0,0.4641630654510255,0.0,0.0,0.2703749688605285,-0.1256622883270013,6
505414,0.0405206293116058,-0.5231327642549591,-0.5,0.0,0.0,0.0,0.0,-0.2123810522025144,-0.658683161076804,0.0,0.6427584400467276,0.0,0.0,0.4641630654510255,0.0,0.0,0.1444337154888887,-0.2427473707795902,0
505498,0.0706804618161392,-0.3751629211508731,-0.5,0.0,-0.5,0.0,2.0,-0.1984534887515583,1.1350614931535954,0.0,-0.3378778341536493,0.0,0.0,-0.5358369345489745,2.6303167041658844,0.0,-0.5641032941643811,-0.449175538770879,0
505617,0.4589591145550679,1.4515466329356972,-0.5,0.5,0.5,1.0,1.3333333333333333,0.298240762151086,0.341316838923196,0.8454879529219202,0.3918561677430946,1.3087681003312956,0.6931471805599453,1.2398233261424922,0.0,0.0,0.0677531945528579,0.350108679688141,5
505667,-0.133958424712661,-0.1241858541912811,0.0,0.5,0.5,0.0,0.0,0.1730443940735816,-0.658683161076804,0.0,-0.0833673107571263,0.0,0.0,0.4641630654510255,0.0,0.0,0.1361888182668658,0.0681771656168328,5
505680,0.2931943830075027,-0.0523696989290143,0.5,0.5,1.0,0.0,0.0,0.4633842040919734,0.1350614931535953,0.0,-0.4482343117054982,1.0,0.0,0.0,0.0,1.0,0.1056680519181741,0.3211223024688299,5
505713,-0.3863860394463917,-0.2557742709686207,0.5,1.0,0.5,0.75,0.0,-0.2067823711093864,0.1350614931535953,0.6460181545591593,-0.0833673107571263,1.3087681003312956,0.0,0.0,1.4475677406305645,0.0,0.0175222542298894,0.1049663212053355,5
505747,0.2383002099969643,-0.1796235475848035,-0.5,0.0,0.0,0.0,0.0,-0.0379512433783162,0.69823228777992,1.223901085741545,-0.1423686188473956,1.8945304820059297,0.0,0.4641630654510255,0.0,0.0,0.0051089673447411,-0.0555809046055628,6
505771,-0.5033716720723769,0.1011544248762458,1.0,1.5,1.0,0.0,0.0,0.6130102045998693,0.0,1.0,-1.02148677463417,1.0,0.0,0.0979236444127681,1.18274896353532,0.0,-0.6980783788200088,0.6277439370819753,5
505854,-0.3982187095513057,0.3939512500814855,1.0,0.5,1.5,1.2000000000000002,0.0,0.8598256147933506,0.2614030824062447,-1.2239010857415449,0.5412403216331251,0.0,0.0,-0.311497195240441,0.0,1.5078734502500786,0.7577723071951046,0.3064993250471089,5
505916,0.679188500416886,0.9067995908805876,1.0,1.0,1.5,1.2000000000000002,0.8,0.6430506986977619,0.2614030824062447,-0.5778829311823854,1.2142358160464417,0.8092012510390698,0.0,0.0979236444127681,0.0,0.8170594925112873,1.2840695130812276,0.4304213309664461,5
505933,-0.9901298611913568,0.8252226888668068,-0.5,0.5,0.5,1.0,2.6666666666666665,0.149612340213055,-0.658683161076804,0.0,0.3100019998680502,0.0,0.6931471805599453,1.2398233261424922,0.0,0.0,0.2187790808979753,-0.1107187384105509,5
505941,-0.1820755563968706,-0.2948576299622514,0.0,0.0,0.5,2.0,0.0,0.2010170343893152,-0.0955123664504794,-1.0,-0.0833673107571263,0.0,0.0,-0.1695975135107168,0.0,1.2892242269941023,-0.0978637595695334,-0.7771813289849552,2
506013,-0.0696590149249183,0.5337543951599557,0.5,1.0,1.0,0.75,1.0,-0.2675104165746464,0.4368292053736752,0.6460181545591593,-0.5691161559187239,1.0,0.0,0.4641630654510255,0.0,0.0,-0.6632619735982145,0.7140375099490637,5
506130,-0.470919604412088,0.6135758138503429,0.5,1.0,1.0,0.75,1.0,0.8285680834137328,0.1350614931535953,0.0,0.0269891667947226,0.0,0.0,0.4641630654510255,0.0,0.0,0.3124716393255606,0.8910539509981165,5
506186,0.1103508406522334,1.2455526811947004,0.0,0.0,0.0,0.0,0.0,-0.48141211600645,-0.0955123664504794,0.0,0.0269891667947226,1.8945304820059297,0.0,-0.9452577742021836,1.8662394014360388,1.2892242269941023,-0.2328213508113483,-0.1656164871146051,0
506234,0.5680807039753409,0.3056133849682904,0.5,0.5,0.5,0.75,0.0,-0.05176464133835,0.4368292053736752,-0.7323949782604657,0.3918561677430946,0.0,0.0,-0.5358369345489745,1.4475677406305645,1.0,-0.1336440626552682,0.150251205408862,5
506250,0.1474089376325529,-0.0173189290703666,0.0,0.5,0.5,0.0,0.0,-0.1143864737947603,0.341316838923196,0.0,-0.4872619880436798,0.0,0.0,0.4641630654510255,0.0,0.0,-0.684401649688382,-0.2072017536769412,0
506347,-1.1422605445110343,-2.075679036505512,-1.5,-1.0,-1.0,0.0,0.0,-5.01837906474446,-0.658683161076804,-3.801784016923932,-1.7312471447788258,-5.8849491923617165,0.0,-1.945257774202184,0.0,0.0,,,1
506427,-0.4269429563329749,0.9854698193237402,1.5,1.5,1.5,0.0,0.6666666666666664,0.5027536260936183,0.341316838923196,-0.4772413011367771,-0.1066395123885741,0.8092012510390698,0.0,-0.1695975135107168,1.0,0.690813957738791,0.3865235934671954,-0.1836915270839907,5
506611,0.234313503017977,-0.1984164451611818,0.5,-0.5,1.0,0.0,0.0,0.5276248154134621,-0.658683161076804,-2.5778829311823865,0.1038793384945924,0.0,0.0,-1.169597513510717,0.0,2.5078734502500786,0.2428379864276198,-1.6676220632617051,2
506652,-0.6044449090577276,-0.5451046085908845,0.0,0.5,-0.5,0.0,0.0,-0.9914972347232388,-0.658683161076804,0.8454879529219202,-1.7312471447788258,3.4424745961808574,0.0,-0.9452577742021836,3.313807142066604,0.0,-5.009979129451652,-0.2206831838017463,0
506675,0.544776638629751,-0.2557742709686207,0.5,0.5,1.0,0.75,1.0,0.0279102695096463,0.1350614931535953,-0.7323949782604657,0.3100019998680502,0.0,0.0,0.0,0.0,1.0,0.2419484575223527,0.3515518260219796,5
506704,0.8843483070882675,0.1500453992945883,-0.5,0.0,-0.5,1.5,0.0,-1.217536041802452,0.69823228777992,0.0,0.0269891667947226,0.0,0.0,-0.5358369345489745,2.6303167041658844,0.0,-1.125538920410473,0.2672157577131902,0
506777,-0.3347806369353436,-0.3346452313910828,-1.0,-0.5,-0.5,3.0,0.0,-0.6617375002305357,1.491976942010319,2.2239010857415447,-0.3378778341536493,3.4424745961808574,0.0,0.4641630654510255,0.0,0.0,-0.4665508444978963,-1.2105100279183487,6
506807,1.5553743917169558,0.5201657237419183,0.5,1.0,0.0,1.5,0.0,0.2936316023374204,-0.658683161076804,0.0,-0.5691161559187239,0.0,0.0,-0.5358369345489745,2.6303167041658844,0.0,-0.2258939502293821,0.5054818528095053,5
506828,0.9855365194950502,0.3794715120532125,-1.0,-0.5,-0.5,0.0,0.0,-0.5332193493887077,0.69823228777992,0.0,0.3100019998680502,0.0,0.0,0.4641630654510255,0.0,0.0,-0.360371550563772,-0.6186787692749168,0
506837,-0.4512398771539826,-0.3146618177495106,0.0,0.5,0.5,1.0,1.3333333333333333,0.6129363817310958,0.69823228777992,0.0,0.6748690008164222,0.0,0.0,0.4641630654510255,0.0,0.0,0.9599866383474802,-0.133222877918706,5
506858,-0.4439158370292121,-0.4584993070321419,0.0,0.5,0.5,1.0,1.3333333333333333,0.4595972385962305,-0.0955123664504794,0.8454879529219202,-1.7312471447788258,1.3087681003312956,0.0,0.4641630654510255,0.0,0.0,-5.009979129451652,0.613058028701143,0
506990,0.476457553767181,-0.5451046085908845,-1.5,-1.0,-1.0,0.0,0.0,-5.01837906474446,-0.658683161076804,-3.801784016923932,-1.7312471447788258,-5.8849491923617165,0.0,-1.945257774202184,0.0,0.0,,,1
507036,0.4234363861645041,0.2905406156119291,-0.5,-0.5,0.0,0.0,0.0,-0.4510449230288068,0.1350614931535953,-1.577882931182386,0.3100019998680502,0.0,0.0,-0.5358369345489745,0.0,1.8170594925112875,-0.2963709531296706,-1.4062052216912444,2
507133,-0.6367381116681852,-0.2557742709686207,0.0,0.0,0.5,0.0,0.0,0.2396674057973429,0.341316838923196,0.0,0.1285072852083251,2.4424745961808583,0.0,-0.1695975135107168,0.0,1.2892242269941023,0.8410802345230263,0.2994665041118539,6
507207,0.2142446204098905,0.0342356026297282,-0.5,-1.0,0.0,0.0,0.0,0.207867465655135,-0.658683161076804,-3.801784016923932,0.9829974942813668,1.8945304820059297,0.0,-1.945257774202184,0.0,3.10628371950539,0.9150206575149044,-5.846818380501243,3
507273,0.3501857072988972,0.1820481643393343,0.5,1.0,0.5,0.0,1.0,0.1712648825262825,0.1350614931535953,0.0,-0.6566197736857983,0.0,0.0,0.0,1.4475677406305645,0.0,-0.8947965731756141,0.4324234452211032,5
507376,-0.877162026094303,-0.8526164401574539,-0.5,-0.5,0.0,0.0,0.0,-0.5540253053593464,0.1350614931535953,-1.577882931182386,0.3100019998680502,0.0,0.0,-0.5358369345489745,0.0,1.8170594925112875,-0.6925752730565561,0.2530891741292286,2
507395,0.0626389377483067,2.355797116781432,0.0,1.0,1.0,1.5,2.0,0.5051541929722428,0.9288061473839948,0.6460181545591593,-0.2363597157400465,1.0,0.5108256237659907,1.0,0.0,0.0,0.2597340113428728,-0.110708494063758,5
507431,-1.197251847882452,-0.0701059560259865,0.5,0.5,1.0,0.0,1.0,0.0830818683322752,0.1350614931535953,-0.7323949782604657,0.1763733206847534,0.0,0.0,0.0,0.0,1.0,-0.1803472428736541,0.532383476857391,5
507435,0.4054049905452702,-0.1241858541912811,0.5,1.0,1.0,0.0,0.0,0.5311186631469909,0.1350614931535953,0.0,-0.1423686188473956,0.0,0.0,0.4641630654510255,0.0,0.0,0.217120478331968,0.2780782418277261,5
507505,-1.078442521692874,-0.9301034129840848,-0.5,0.0,0.0,0.0,0.0,0.4428971534533078,0.69823228777992,0.0,0.8242531547064528,0.0,0.0,0.4641630654510255,0.0,0.0,0.937347187871678,-0.1996641435876915,5
507513,-0.1154535978728692,-0.2364889768829301,-1.5,-1.0,-1.0,0.0,0.0,-5.01837906474446,-0.658683161076804,-3.801784016923932,-1.7312471447788258,-5.8849491923617165,0.0,-1.945257774202184,0.0,0.0,,,1
507531,0.3626058782869214,-0.3751629211508731,-1.0,-1.0,-0.5,0.0,0.0,-0.8852023629859997,-0.658683161076804,-3.801784016923932,1.6158676927261533,0.0,0.0,-1.945257774202184,0.0,3.10628371950539,0.1650249066350982,-5.846818380501243,3
507557,0.553134664470053,0.1500453992945883,-0.5,-0.5,0.0,1.5,0.0,-0.4399335742612029,0.1350614931535953,-1.577882931182386,0.3100019998680502,0.0,0.0,-0.5358369345489745,0.0,1.8170594925112875,-0.7452269048922645,-2.442161312270035,2
507573,0.096027559690099,-0.4798342762580817,0.0,0.5,0.5,1.0,0.0,-0.1219209359602892,0.341316838923196,0.0,-0.4872619880436798,0.0,0.0,0.4641630654510255,0.0,0.0,-0.5991303210221322,-0.2639985661306,0
507617,0.3835228589655964,0.0,-0.5,0.0,0.0,0.0,2.0,-0.3042841828682106,0.69823228777992,1.223901085741545,-0.3378778341536493,1.8945304820059297,0.0,0.4641630654510255,0.0,0.0,-0.4930658089359395,0.0617154190885754,6
507728,-0.714453887407709,-1.0378395182527564,-0.5,0.0,0.0,0.0,0.0,0.3012995875184266,-0.658683161076804,0.0,-0.3378778341536493,0.0,0.0,0.4641630654510255,0.0,0.0,-0.8135350217593769,-0.6047812601343878,0
507732,-0.8076465267618362,1.5985229317544651,1.0,1.0,2.0,0.4999999999999998,2.0,0.3646125823739102,-0.0955123664504794,-1.0,0.222498382100976,0.6795775573916313,0.3364722366212129,0.0979236444127681,0.0,1.5078734502500786,0.5334004738658452,-0.1410527469899409,5
507753,0.7179674218886439,-0.0173189290703666,-1.0,-0.5,-0.5,0.0,0.0,-0.4970162361072746,0.69823228777992,0.0,1.055491476471528,0.0,0.0,0.4641630654510255,0.0,0.0,0.1497408005226425,-1.375108417212048,0
507759,-1.0249297744542325,-0.6352457830218333,0.0,0.5,0.5,2.0,0.0,0.1888931071699577,0.341316838923196,0.0,-0.2042491549703521,0.0,0.0,0.4641630654510255,0.0,0.0,-0.5031068302019065,-0.237620289605898,0
507773,0.1682429268310234,-0.0701059560259865,0.0,0.0,0.5,0.0,0.0,0.3842087773263074,-0.0955123664504794,-1.0,-0.2042491549703521,0.0,0.0,-0.1695975135107168,0.0,1.2892242269941023,-0.3288485001771873,-0.0586883785627814,2
507805,2.344501801791072,1.805938680440876,1.0,2.0,2.0,0.4999999999999998,1.3333333333333333,1.1209140491437282,0.69823228777992,1.9103977631226812,1.270974323529869,1.8945304820059297,0.3364722366212129,0.7954669210998687,0.0,0.0,2.052627718858814,1.44028586278158,5
508050,-1.078442521692874,0.1338683882105274,0.5,1.0,0.5,0.75,1.0,0.3372671087447133,0.4368292053736752,1.223901085741545,0.9061073225814968,1.3087681003312956,0.0,0.0,1.4475677406305645,0.0,0.4474677254568324,0.444899400406663,5
508096,-1.057669451982427,-0.3548111444861987,0.0,0.0,0.5,1.0,0.0,0.1367198726668031,-0.0955123664504794,-1.0,-0.2042491549703521,0.0,0.0,-0.1695975135107168,0.0,1.2892242269941023,-0.3732203620710077,0.0353847837629376,2
508111,0.89355080028439,1.3695851861629027,-1.5,-1.0,-1.0,0.0,0.0,-5.01837906474446,-0.658683161076804,-3.801784016923932,-1.7312471447788258,-5.8849491923617165,0.0,-1.945257774202184,0.0,0.0,,,1
508144,-0.0578577940088147,-0.4164379946042029,0.0,0.5,0.5,1.0,0.0,0.5414337539642436,-0.0955123664504794,0.0,-0.3378778341536493,0.0,0.0,0.4641630654510255,0.0,0.0,-0.2712922813495004,-0.1073345613038423,5
508153,-1.443693500166647,-0.3146618177495106,-0.5,0.0,0.0,0.0,2.0,-0.5129147908767582,0.1350614931535953,2.2239010857415447,-1.2169959899404237,3.4424745961808574,0.0,0.4641630654510255,0.0,0.0,-1.8523769667080112,0.6611291029815733,6
508240,0.0538246406828366,-0.1060116599355281,0.0,0.5,0.5,2.0,0.0,-0.2265427032794958,0.341316838923196,0.0,-0.3378778341536493,0.0,0.0,0.4641630654510255,0.0,0.0,-0.647482558944199,-0.8502900534156455,0
508360,0.4279157762145582,0.0,-0.5,0.0,0.0,1.5,0.0,0.0300194030375924,-0.658683161076804,1.223901085741545,-0.5691161559187239,1.8945304820059297,0.0,0.4641630654510255,0.0,0.0,-0.3758189448246999,-0.1158976098182594,6
508367,0.3313910640472022,-0.0173189290703666,0.5,1.0,0.5,0.75,1.0,-0.1929462900323835,-0.2218539557031286,0.0,-0.4872619880436798,0.0,0.0,0.0,1.4475677406305645,0.0,-0.7437500402518088,0.3565659268719783,5
508497,0.9786754576361312,0.4226289536358835,-0.5,-0.5,0.0,0.0,0.0,-0.3460213975689505,-0.658683161076804,-1.577882931182386,0.7367495369393785,0.0,0.0,-0.5358369345489745,0.0,1.8170594925112875,0.2544740559153546,-0.8325326386369192,2
508512,1.716225458148407,0.9964830697690392,-1.0,-1.0,-0.5,0.0,0.0,-0.3899342569756081,-0.658683161076804,-3.801784016923932,0.3100019998680502,0.0,0.0,-1.945257774202184,0.0,3.10628371950539,-0.2420619180417934,-5.846818380501243,3
508546,-0.0555069303784932,-0.3146618177495106,0.0,0.5,0.0,0.0,0.0,-0.5049280163443585,0.341316838923196,0.0,-0.3378778341536493,0.0,0.0,-0.1695975135107168,1.8662394014360388,0.0,-0.8168057244585047,-0.0467439154914977,0
508611,-0.2274301094280795,-1.2400338123026975,-1.5,-1.0,-1.0,0.0,0.0,-5.01837906474446,-0.658683161076804,-3.801784016923932,-1.7312471447788258,-5.8849491923617165,0.0,-1.945257774202184,0.0,0.0,,,1
508625,0.9027058577379669,1.938911084814049,0.5,1.0,1.0,0.6000000000000001,0.8,0.5818589784956413,0.4919769420103195,1.8454879529219212,0.4872619880436801,4.12205215357249,0.4054651081081644,0.0,1.4475677406305645,1.0,0.9378393767412636,1.0369284565364387,6
508693,-0.4958299315963542,0.3648961975046188,0.0,0.0,0.5,1.0,2.6666666666666665,0.0791166920525803,-0.0955123664504794,0.0,-0.0833673107571263,1.3087681003312956,0.0,-0.1695975135107168,0.0,1.2892242269941023,-0.1934983780652015,0.3618451220472739,5
508713,-0.3375321126419502,-1.0937450900539751,-1.0,-0.5,-0.5,3.0,4.0,-0.819200076828232,1.491976942010319,0.0,-0.3378778341536493,0.0,0.0,0.4641630654510255,0.0,0.0,-1.1884348963130915,-0.3997112970451668,0
508731,0.2192831407064626,0.3648961975046188,0.5,0.5,1.0,0.75,1.0,0.4845280041120103,0.69823228777992,-0.7323949782604657,1.0197623700127063,0.0,0.0,0.0,0.0,1.0,1.082123842177512,-0.164011963244267,5
508829,0.1939463741786511,1.2844638578702687,0.5,1.0,1.5,1.2000000000000002,0.8,0.8012414917530625,-0.30176771222008,-0.5778829311823854,0.5412403216331251,0.0,0.4054651081081644,0.4641630654510255,0.0,1.0,0.85856401273437,1.3056469355649998,5
508848,-0.9508055120417732,0.2600828618709601,-0.5,0.0,0.0,0.0,0.0,-0.3460213975689505,0.69823228777992,0.0,0.5412403216331251,0.0,0.0,0.4641630654510255,0.0,0.0,-0.0415141857220597,-0.8584966393212827,0
508849,-0.8256779223810709,-0.1984164451611818,1.0,0.5,1.0,0.0,0.8,0.8439409973544434,-0.30176771222008,-0.5778829311823854,0.1038793384945924,1.8945304820059297,0.0,-0.7756602606914664,1.18274896353532,1.5078734502500786,0.883264518077439,0.6905100046167942,5
508856,-0.9301831936969808,0.9520966076976962,-1.0,0.0,-0.5,1.5,2.0,-5.01837906474446,0.69823228777992,0.0,-1.7312471447788258,-5.8849491923617165,1.0986122886681096,0.4641630654510255,4.496556105601924,0.0,-5.009979129451652,0.973993780275418,4
508857,-2.6543615077127427,0.084613882090961,1.0,1.5,1.5,0.0,0.0,0.6914949148519233,0.0,0.5227586988632229,0.0888697029176791,0.8092012510390698,0.0,0.4641630654510255,0.0,0.0,0.3612103661272855,0.8042727010002623,5
508860,-0.6286095976474712,-0.7777566563817965,-0.5,0.0,0.0,0.0,2.0,0.0650897597231013,0.1350614931535953,0.0,-0.5691161559187239,0.0,0.0,0.4641630654510255,0.0,0.0,-0.4195170051873937,-1.4559030249804696,0
508866,0.6583545112184155,0.4788906502885904,0.0,0.5,0.5,1.0,0.0,0.0321232703090544,-0.0955123664504794,1.577882931182386,0.3918561677430946,2.4424745961808583,0.0,0.4641630654510255,0.0,0.0,0.5687327155848868,0.462014498312172,6
508877,-0.1753607007107251,1.0074416636596677,1.5,2.0,1.5,0.0,0.6666666666666664,0.4429874827793338,0.5278974945717202,0.4390194395059628,0.2582274885597975,0.8092012510390698,0.0,0.1617063421381263,1.0,0.0,0.4030880079632056,1.1290990499049656,5
508891,-0.5885158586668233,-0.9301034129840848,-0.5,0.0,-1.0,0.0,0.0,-5.01837906474446,0.69823228777992,0.0,-1.7312471447788258,-5.8849491923617165,0.0,-1.945257774202184,4.496556105601924,0.0,-5.009979129451652,-0.2884887814932504,4
508892,0.8545757551223262,0.4368293378606515,0.0,0.5,0.5,1.0,0.0,0.7189065904443842,0.341316838923196,0.0,-0.2042491549703521,0.0,0.0,0.4641630654510255,0.0,0.0,0.2541243017154754,0.1511485016652159,5
508901,-0.6696293704214786,-1.0937450900539751,-0.5,0.0,0.0,0.0,0.0,-0.4253427611106056,0.1350614931535953,0.0,-1.2169959899404237,0.0,0.0,0.4641630654510255,0.0,0.0,-1.499638071513496,-0.185132303151967,0
508912,0.740263075522199,1.664442816125154,0.0,1.0,0.5,0.75,2.0,-0.3200932470737037,0.1350614931535953,0.0,-0.6566197736857983,0.0,0.5108256237659907,0.4641630654510255,1.8662394014360388,0.0,-0.751166022029556,0.0808328880699129,5
508917,-1.348746936987948,-1.2704915660436666,-0.5,-0.5,-0.5,0.0,2.0,-0.8789838963522666,0.1350614931535953,-1.577882931182386,1.055491476471528,0.0,0.0,-1.945257774202184,2.6303167041658844,1.8170594925112875,-0.2392055280639274,-0.2577560718904533,2
508923,-1.340655455050166,0.9182112552292012,0.5,1.0,0.5,1.8,0.8,-0.0494466250085745,0.4919769420103195,1.4390194395059634,-0.3378778341536493,0.0,0.4054651081081644,-0.5358369345489745,2.6303167041658844,1.0,-0.2557928159704914,1.0716555144310107,5
508938,0.5559119554400472,0.6906121893614907,0.0,0.5,0.5,0.0,0.0,-0.1501384356625912,0.341316838923196,0.0,0.1285072852083251,0.0,0.0,0.4641630654510255,0.0,0.0,-0.1263387692359332,-0.2623694043837462,5
508940,1.2348739009470775,1.1656108419263886,0.5,1.0,1.0,0.75,0.0,0.4746440385249632,-0.658683161076804,0.0,0.1763733206847534,0.0,0.0,0.4641630654510255,0.0,0.0,0.3639031372263429,0.5192932734459483,5
508944,0.4822522643345849,0.4083366568994223,-0.5,0.0,0.0,1.5,0.0,-0.4891780548923324,0.69823228777992,0.0,-0.5691161559187239,0.0,0.0,0.4641630654510255,0.0,0.0,-1.048147157820421,0.062359619405165,0
508946,-0.3652838837217738,0.1175719885109969,0.5,0.5,1.0,0.75,0.0,0.0151433827745718,-0.2218539557031286,-0.7323949782604657,-0.1423686188473956,0.0,0.0,0.0,0.0,1.0,-0.1143317560230637,0.0822720413373491,5
508964,0.142162029197963,-0.7777566563817965,-1.5,-1.0,-1.0,0.0,0.0,-5.01837906474446,-0.658683161076804,-3.801784016923932,-1.7312471447788258,-5.8849491923617165,0.0,-1.945257774202184,0.0,0.0,,,1
508973,0.0226254934042333,0.0342356026297282,-0.5,0.0,0.0,0.0,0.0,-0.752644567480189,1.491976942010319,1.223901085741545,-0.5691161559187239,1.8945304820059297,0.0,0.4641630654510255,0.0,0.0,-1.0809486371223944,0.2641054750755212,6
509001,0.0633714917753549,-0.9301034129840848,-1.5,-1.0,-1.0,0.0,0.0,-5.01837906474446,-0.658683161076804,-3.801784016923932,-1.7312471447788258,-5.8849491923617165,0.0,-1.945257774202184,0.0,0.0,,,1
509024,0.7416919390050603,0.0511563914573724,-1.0,-0.5,-0.5,0.0,0.0,0.0467050652015033,0.69823228777992,0.0,0.5412403216331251,0.0,0.0,0.4641630654510255,0.0,0.0,0.2727630222940181,-1.9340990610916613,0
509036,-0.7827062162531537,-0.3146618177495106,-0.5,0.0,-0.5,0.0,2.0,-1.9533547704670295,0.69823228777992,0.0,0.0269891667947226,0.0,0.0,-0.5358369345489745,2.6303167041658844,0.0,-1.738230113050761,0.0340544535358863,0
509052,0.6956815007789139,0.0511563914573724,-1.0,-0.5,-0.5,0.0,0.0,-1.0057789055147548,-0.658683161076804,0.0,-1.7312471447788258,0.0,0.0,0.4641630654510255,0.0,0.0,-5.009979129451652,-0.578781802394309,0
509061,-0.4077419345842769,1.1858692605047223,0.0,0.5,0.0,1.0,2.6666666666666665,-0.6197155758110998,-0.0955123664504794,0.0,0.7367495369393785,0.0,0.0,-0.1695975135107168,1.8662394014360388,0.0,-0.2079929365418046,0.5735593288234435,5
509069,-0.0578577940088147,0.1978772796996186,0.5,0.0,0.5,0.0,0.0,0.1441111341357359,0.1350614931535953,-1.577882931182386,-0.4872619880436798,0.0,0.0,-1.169597513510717,1.4475677406305645,1.8170594925112875,-0.6039371873202166,0.2691408155685863,2
509098,0.9677052114345694,0.4788906502885904,-0.5,0.0,-0.5,0.0,4.0,-1.501047011525147,0.1350614931535953,2.2239010857415447,0.7367495369393785,0.0,0.0,-0.5358369345489745,2.6303167041658844,0.0,-0.9175448617331126,0.4981627870358498,0
509115,-7.737851272510618,0.4649590448526473,2.5,1.5,2.5,0.75,0.0,0.8892586543365426,0.2917543134616932,-0.3539818454408412,0.4472492247404742,1.1337064958495628,0.0,-0.5358369345489745,0.7640773027298453,1.4271249571990454,1.1525140564955192,1.1905872769931607,5
509119,-1.219734138124874,-0.589715259924501,0.5,0.0,0.5,0.0,0.0,-0.3105722598456124,-0.658683161076804,-1.577882931182386,0.60981374613042,1.3087681003312956,0.0,-1.169597513510717,1.4475677406305645,1.8170594925112875,0.1382592518343391,0.3695864879112289,2
509157,0.8304881799927095,-0.0523696989290143,-0.5,0.0,0.0,0.0,0.0,-0.428966845856491,-0.658683161076804,0.0,1.366380143830454,0.0,0.0,0.4641630654510255,0.0,0.0,0.1830869888231818,-0.4690882167004998,0
509160,0.3595089686733146,0.2753642525262495,-0.5,0.0,0.0,1.5,0.0,-0.4891780548923324,0.69823228777992,0.0,-0.5691161559187239,0.0,0.0,0.4641630654510255,0.0,0.0,-0.8893152190453394,-0.0962540392222752,0
509162,-0.7546253591591585,-1.1222377710152045,-0.5,-1.0,0.0,1.5,0.0,0.1217399509351415,-0.658683161076804,-3.801784016923932,1.472132988728153,1.8945304820059297,0.0,-1.945257774202184,0.0,3.10628371950539,1.2718593606931048,-5.846818380501243,3
509202,-0.5467238783965637,-1.1803503916127198,-0.5,-0.5,0.0,0.0,0.0,-0.6197155758110998,0.1350614931535953,-1.577882931182386,-0.5691161559187239,0.0,0.0,-0.5358369345489745,0.0,1.8170594925112875,-1.0102963788456492,-0.9681721140061124,2
509221,0.5779753101425147,0.5201657237419183,0.5,0.5,1.0,0.75,0.0,0.4709074541111494,0.4368292053736752,-0.7323949782604657,0.1038793384945924,0.0,0.0,0.0,0.0,1.0,0.3127931731530516,-0.5609521778047332,2
509242,-0.4192376201111174,0.2446949798295298,0.0,0.5,0.5,1.0,0.0,0.0425645241694755,-0.658683161076804,0.0,-0.8521289889920516,0.0,0.0,0.4641630654510255,0.0,0.0,-0.8135350217593769,0.1255128352223955,0
509272,-0.880897205627443,-0.589715259924501,-1.0,-1.0,-0.5,0.0,0.0,-1.155092782707833,-0.658683161076804,-3.801784016923932,1.189120155654825,0.0,0.0,-1.945257774202184,0.0,3.10628371950539,-0.3136085968943486,-5.846818380501243,3
509278,-0.7031412554459255,1.2258369061374028,0.0,0.5,0.5,0.75,1.0,-0.2980426846663403,0.9288061473839948,1.223901085741545,0.5412403216331251,3.4424745961808574,0.5108256237659907,-0.1695975135107168,1.8662394014360388,1.2892242269941023,0.5277650535882804,1.0545849969615424,6
509282,1.1375835774544754,0.4083366568994223,0.5,0.5,1.0,0.75,0.0,0.5596054103097344,0.4368292053736752,-0.7323949782604657,0.1763733206847534,1.0,0.0,0.0,0.0,1.0,0.1265843787757585,0.5331880604367172,5
509302,-0.2362329100370766,-0.3346452313910828,-0.5,0.0,0.0,1.5,0.0,-0.0154205319084055,0.1350614931535953,0.0,-0.5691161559187239,0.0,0.0,0.4641630654510255,0.0,0.0,-0.5561787772068475,-1.703314959453465,0
509316,0.1939463741786511,0.6004710149305419,0.5,1.0,0.5,0.0,0.0,0.0909566770942003,0.1350614931535953,0.6460181545591593,-0.4872619880436798,1.3087681003312956,0.0,0.0,1.4475677406305645,0.0,-0.1977143273805633,0.3173225457289234,5
509324,0.4054049905452702,0.2446949798295298,0.0,0.5,0.0,1.0,1.3333333333333333,0.4557931761328516,0.341316838923196,0.8454879529219202,-0.3378778341536493,1.8945304820059297,0.0,-0.1695975135107168,1.8662394014360388,0.0,0.2207274716181436,0.325114195375444,6
509341,-0.2074848197189481,-0.9039711300422292,-0.5,0.0,-0.5,0.0,2.0,-0.5456411724586002,-0.658683161076804,0.0,-0.3378778341536493,0.0,0.0,-0.5358369345489745,2.6303167041658844,0.0,-0.8503903849462744,-0.0083043756415166,0
509346,-0.6044449090577276,-0.3957040193861091,0.0,0.0,0.0,1.0,0.0,-0.5209779950345411,-0.0955123664504794,-1.0,-0.1423686188473956,0.0,0.0,-0.9452577742021836,1.8662394014360388,1.2892242269941023,-0.7148547057019231,-0.5812681169963916,0
509353,-0.5885158586668233,-1.1222377710152045,-1.0,-0.5,-0.5,0.0,0.0,-0.5332193493887077,-0.658683161076804,2.2239010857415447,0.3100019998680502,3.4424745961808574,0.0,0.4641630654510255,0.0,0.0,0.1198236896375251,-0.2965137114389504,6
509354,-0.7986990155794161,-0.2752294817283874,0.5,0.0,0.5,0.75,1.0,0.0811016126512152,-0.2218539557031286,-1.577882931182386,1.055491476471528,0.0,0.0,-1.169597513510717,1.4475677406305645,1.8170594925112875,0.7437807811010815,-0.6548536951862954,2
509359,-1.0994614322526868,-0.2364889768829301,0.5,1.0,1.0,0.0,1.0,0.6307497735984421,-0.2218539557031286,0.0,0.3718825359910068,0.0,0.0,0.4641630654510255,0.0,0.0,0.4778686642560709,0.8789360877225407,5
509402,-0.6919002229001504,-1.825432057876876,-1.5,-1.0,-1.0,0.0,0.0,-5.01837906474446,-0.658683161076804,-3.801784016923932,-1.7312471447788258,-5.8849491923617165,0.0,-1.945257774202184,0.0,0.0,,,1
509411,-0.5160128443937786,0.0511563914573724,0.5,1.0,0.0,0.75,2.0,-0.5250387180961157,-0.2218539557031286,0.0,-0.8521289889920516,0.0,0.0,-0.5358369345489745,2.6303167041658844,0.0,-1.359458968502358,0.5587149748218374,0
509413,-0.6947038181364555,-0.9565486648353788,-0.5,0.0,-0.5,1.5,0.0,0.1216076941696255,0.1350614931535953,1.223901085741545,-0.8521289889920516,0.0,0.0,-0.5358369345489745,2.6303167041658844,0.0,-0.7802019202404108,0.1919245704107996,0
509414,1.5530015427155122,1.018346140816755,-1.0,-0.5,-0.5,0.0,0.0,-1.7923719328067176,0.69823228777992,2.2239010857415447,1.3100019998680503,0.0,0.0,0.4641630654510255,0.0,0.0,-0.7723629294299812,-0.33117941092072,0
509419,-0.5058927189305872,0.2600828618709601,0.5,1.0,1.0,0.75,0.0,0.299878614833185,0.69823228777992,0.0,-0.702744835102021,0.0,0.0,0.4641630654510255,0.0,0.0,-0.5083399696574136,0.5373817483970751,5
509421,-0.2006733934858729,1.6399528926021596,0.5,1.0,1.0,1.2000000000000002,1.6,0.0065233750692196,-0.30176771222008,-0.5778829311823854,0.1285072852083251,0.0,0.4054651081081644,0.0,1.4475677406305645,1.0,-0.1415840554620273,0.786825116384419,5
509435,1.0133317223479803,1.1656108419263886,0.5,1.0,1.0,0.0,0.0,0.9270921232509948,0.4368292053736752,1.223901085741545,-0.4482343117054982,1.8945304820059297,0.0,0.4641630654510255,0.0,0.0,0.4874450005424484,0.1029272494501763,6
509445,-1.3609537012814048,-0.5451046085908845,0.5,0.5,0.5,0.0,0.0,0.0811016126512152,-0.2218539557031286,-0.7323949782604657,0.0269891667947226,2.4424745961808583,0.0,-0.5358369345489745,1.4475677406305645,1.0,0.4250316085815744,0.4999621503797893,5
509453,0.142162029197963,-0.2364889768829301,0.0,0.0,0.5,0.0,0.0,-0.0356708674141617,-0.658683161076804,0.0,0.1285072852083251,1.3087681003312956,0.0,-0.1695975135107168,0.0,1.2892242269941023,-0.39607170746778,-0.0516526681929303,2
509454,-0.2611782247854098,-0.4164379946042029,-0.5,-0.5,0.0,0.0,0.0,0.3603534406795055,0.1350614931535953,-1.577882931182386,1.366380143830454,1.8945304820059297,0.0,-0.5358369345489745,0.0,1.8170594925112875,1.2668429984910992,-0.4483380917201612,2
509459,-0.4512398771539826,-0.5231327642549591,-0.5,-0.5,-0.5,0.0,0.0,0.1216076941696255,0.1350614931535953,-1.577882931182386,0.5412403216331251,3.4424745961808574,0.0,-1.945257774202184,2.6303167041658844,1.8170594925112875,0.8149813839267512,-0.6438545392128224,2
509467,-0.0114217577775157,-0.4798342762580817,-0.5,0.0,0.0,0.0,0.0,0.370258153942826,1.1350614931535954,2.2239010857415447,0.7367495369393785,3.4424745961808574,0.0,0.4641630654510255,0.0,0.0,1.1332898117139802,0.5563608997749492,6
509498,-0.2134663218814831,-0.5672972791819948,-0.5,0.0,0.0,0.0,2.0,0.0909566770942003,-0.658683161076804,3.0693890386634664,0.8242531547064528,4.751242696512155,0.0,0.4641630654510255,0.0,0.0,1.190794418879376,0.3181346646335538,6
509515,0.4054049905452702,-0.4584993070321419,-0.5,-0.5,0.0,0.0,2.0,0.1477825926873703,0.1350614931535953,-1.577882931182386,0.7367495369393785,0.0,0.0,-0.5358369345489745,0.0,1.8170594925112875,0.4944412661490114,-0.9859067718290716,2
509516,0.1775390776965543,0.3205839652723227,0.0,0.0,0.5,0.0,1.3333333333333333,0.2671370923558518,0.341316838923196,0.0,-0.6566197736857983,1.3087681003312956,0.0,-0.1695975135107168,0.0,1.2892242269941023,-0.3287674069443528,0.2161764405721643,5
509530,-2.330544345179027,0.1500453992945883,1.5,1.5,1.5,0.0,0.0,0.6661370306325549,0.1350614931535953,0.4390194395059628,-0.0380660878912795,1.5479441141749286,0.0,-0.1695975135107168,1.0,0.690813957738791,0.5825943303933301,1.0380828950964711,5
509552,0.7261990421986249,-0.1796235475848035,0.0,-0.5,0.0,0.0,0.0,-0.1659376186237856,-0.0955123664504794,-2.223901085741545,0.8242531547064528,0.0,0.0,-1.945257774202184,1.8662394014360388,2.2892242269941026,0.3027556323398256,-0.2607799920799908,2
509598,-0.0815391743602634,-0.0347747680912913,0.0,0.5,0.5,1.0,0.0,0.098758569913415,0.341316838923196,0.0,0.222498382100976,0.0,0.0,0.4641630654510255,0.0,0.0,0.1286836467630321,-0.002960763974716,5
509603,-1.057669451982427,0.0171841500464987,-0.5,-0.5,0.0,0.0,2.0,-0.4039196137942915,0.1350614931535953,-1.577882931182386,1.055491476471528,3.4424745961808574,0.0,-0.5358369345489745,0.0,1.8170594925112875,0.8583079138629236,-1.593290083665435,2
509626,1.0004147402250447,0.2600828618709601,0.0,0.5,0.5,0.0,1.3333333333333333,-0.3137339836471855,0.69823228777992,0.8454879529219202,0.7367495369393785,0.0,0.0,0.4641630654510255,0.0,0.0,0.0192916028449249,0.4077085335422721,5
509635,0.6701036866783769,-0.0701059560259865,0.0,0.5,0.5,0.0,0.0,0.2163529190848271,-0.658683161076804,0.0,-1.0833673107571262,0.0,0.0,0.4641630654510255,0.0,0.0,-1.059684656730505,0.0752578346866938,0
509638,0.7973702557788818,-0.2173706571356206,-1.0,-0.5,-1.0,0.0,0.0,-5.01837906474446,-0.658683161076804,0.0,-1.7312471447788258,-5.8849491923617165,0.0,-1.945257774202184,4.496556105601924,0.0,-5.009979129451652,-1.29356687294723,4
509645,-1.2310829129263403,1.6966791862626178,0.5,1.5,1.5,1.8,1.6,0.5483738409827771,-0.30176771222008,0.0,0.1478710110079485,0.0,0.4054651081081644,0.8735839051042346,0.0,0.0,0.4378719865858606,0.3378452840494302,5
509681,0.1665160650387822,-0.0173189290703666,0.5,0.5,1.0,0.0,0.0,0.6551746259171194,-0.2218539557031286,0.0,0.5412403216331251,1.0,0.0,0.0,0.0,1.0,0.8756177583377266,0.0753402064368306,5
509712,-0.4005947329336307,-0.5451046085908845,0.0,0.0,0.5,0.0,0.0,-0.1094006698719756,0.341316838923196,-1.0,0.852128988992052,0.0,0.0,-0.1695975135107168,0.0,1.2892242269941023,0.0302005820223367,0.1046719127814339,2
509713,-0.3458122078877629,-0.1060116599355281,0.0,0.5,0.5,0.0,1.3333333333333333,0.5229437011265249,0.341316838923196,0.8454879529219202,0.0269891667947226,1.3087681003312956,0.0,0.4641630654510255,0.0,0.0,0.7931717567353221,0.0761387998906306,5
509717,-1.2310829129263403,-0.589715259924501,0.5,1.0,1.0,0.75,0.0,0.4260437111312598,-0.658683161076804,0.0,-0.2363597157400465,0.0,0.0,0.4641630654510255,0.0,0.0,0.0287494736729181,0.6426685020346689,5
509749,-1.638824847510617,0.7031942868616717,2.0,2.0,2.5,0.8571428571428571,0.5714285714285712,0.7790215849891747,0.22612978235164,-0.4064685134159581,-0.0670019300979282,0.0,0.0,0.2065593450588091,0.0,0.598410269255311,0.3736439499968118,0.4453105378201851,5
509763,-7.737851272510618,0.5472599549180527,1.5,2.0,1.5,0.4999999999999998,1.3333333333333333,0.6108984280446866,0.1350614931535953,0.0,-0.1066395123885741,0.0,0.0,0.1617063421381263,1.0,0.0,0.2901171169007884,1.1562978925612923,5
509765,0.7908178011566153,0.728145423941257,0.5,1.0,1.0,0.0,1.0,0.5437267585346578,-0.2218539557031286,0.0,-0.8521289889920516,0.0,0.0,0.4641630654510255,0.0,0.0,-0.7692948373155415,0.9283279371685303,5
509781,-0.4838293642281197,-0.5451046085908845,-0.5,-0.5,-0.5,0.0,0.0,-0.5884218528090575,0.69823228777992,0.0,1.189120155654825,0.0,0.0,-1.945257774202184,2.6303167041658844,1.8170594925112875,0.1558143081413232,-0.8357861788577988,0
509822,0.9140837135191288,0.2446949798295298,0.0,0.5,0.5,0.0,0.0,0.2703107247497532,-0.0955123664504794,0.0,-0.3378778341536493,0.0,0.0,0.4641630654510255,0.0,0.0,-0.0250987430202317,-0.0026267689723632,5
509826,-0.8697151505580853,-0.983314472996574,-1.0,-0.5,-0.5,0.0,0.0,-1.6418065167211409,-0.658683161076804,0.0,0.3100019998680502,0.0,0.0,0.4641630654510255,0.0,0.0,-1.279624549552686,-1.2607156640656785,0
509841,-0.436621875182693,-0.0173189290703666,0.0,0.5,0.0,1.0,1.3333333333333333,-0.3934088944951812,-0.0955123664504794,1.577882931182386,-0.3378778341536493,1.8945304820059297,0.0,-0.1695975135107168,1.8662394014360388,0.0,-0.1983858893570876,0.8313048585362797,6
509855,0.1734134609439123,-1.0656153830619794,-1.5,-1.0,-1.0,0.0,0.0,-5.01837906474446,-0.658683161076804,-3.801784016923932,-1.7312471447788258,-5.8849491923617165,0.0,-1.945257774202184,0.0,0.0,,,1
509876,0.0075739015134857,-1.332697148215006,-1.5,-1.0,-1.0,0.0,0.0,-5.01837906474446,-0.658683161076804,-3.801784016923932,-1.7312471447788258,-5.8849491923617165,0.0,-1.945257774202184,0.0,0.0,,,1
509892,1.7958531271950395,0.963277148732632,-1.0,-1.0,-0.5,0.0,0.0,-0.9105455787791988,-0.658683161076804,-3.801784016923932,0.9061073225814968,0.0,0.0,-1.945257774202184,0.0,3.10628371950539,-0.2848589949601348,-5.846818380501243,3
509903,0.7048919477645138,0.4368293378606515,1.0,1.5,1.5,0.6000000000000001,0.0,0.8831047948486727,0.4919769420103195,0.0,0.0269891667947226,0.0,0.0,0.4641630654510255,0.0,0.0,0.4854430569777048,0.7464296959777418,5
509919,-1.348746936987948,-0.7292238865448002,0.0,0.0,0.5,0.0,0.0,0.1923749237130809,-0.658683161076804,-1.0,0.3918561677430946,0.0,0.0,-0.1695975135107168,0.0,1.2892242269941023,0.3069826278104106,0.2464899774496997,2
509924,0.4054049905452702,-0.0523696989290143,-1.5,-1.0,-1.0,0.0,0.0,-5.01837906474446,-0.658683161076804,-3.801784016923932,-1.7312471447788258,-5.8849491923617165,0.0,-1.945257774202184,0.0,0.0,,,1
509933,-0.7779951333492916,-1.0656153830619794,0.0,0.0,0.5,0.0,1.3333333333333333,0.5217693477594784,-0.0955123664504794,-1.0,0.6748690008164222,0.0,0.0,-0.1695975135107168,0.0,1.2892242269941023,0.9064710973442272,-0.5279926468868288,2
509969,-0.5109455735858626,-0.9301034129840848,-1.0,-1.0,-0.5,0.0,4.0,-1.3260904140595566,-0.658683161076804,-3.801784016923932,0.7367495369393785,0.0,0.0,-1.945257774202184,0.0,3.10628371950539,-0.8907726818763465,-5.846818380501243,3
509990,-0.6531076027838256,-1.3644696695666334,-1.0,-0.5,-0.5,3.0,4.0,-1.315623218529378,-0.658683161076804,0.0,-0.8521289889920516,0.0,0.0,0.4641630654510255,0.0,0.0,-2.115510397575312,-0.8746486724798482,0
510003,-0.5938096843845948,-1.0104087041727063,-1.0,-0.5,-0.5,0.0,0.0,-1.514110814362828,0.69823228777992,2.2239010857415447,0.3100019998680502,3.4424745961808574,0.0,0.4641630654510255,0.0,0.0,-0.6939469603220094,-0.3199904986337836,6
510022,0.3501857072988972,-0.1241858541912811,0.5,0.5,0.5,0.0,0.0,0.4441866543469224,0.1350614931535953,-0.7323949782604657,-0.6566197736857983,0.0,0.0,-0.5358369345489745,1.4475677406305645,1.0,-0.3478148488575328,0.1200043331517085,5
510044,0.8089597077557817,0.1661047583479931,0.0,0.5,0.5,1.0,1.3333333333333333,0.2363760015946733,-0.0955123664504794,0.8454879529219202,-0.2042491549703521,1.3087681003312956,0.0,0.4641630654510255,0.0,0.0,-0.1936985573534778,0.4275101652396274,5
510048,-0.0229174433043562,-0.4164379946042029,-0.5,0.0,0.0,0.0,0.0,-0.2438569783417058,1.1350614931535954,0.0,0.5412403216331251,0.0,0.0,0.4641630654510255,0.0,0.0,0.1562173233729883,-0.3038693614058608,0
510061,-0.1176640240616086,0.8252226888668068,1.0,1.5,1.0,1.2000000000000002,0.0,0.7086137556814008,0.0,0.0,-0.3378778341536493,0.0,0.0,0.0979236444127681,1.18274896353532,0.0,0.1946180919290165,0.5444540585150998,5
510067,-1.1509455359659198,-0.160989241751724,0.5,0.5,1.0,0.75,0.0,0.5719524167781955,-0.658683161076804,-0.7323949782604657,0.1038793384945924,0.0,0.0,0.0,0.0,1.0,0.7730248641232375,0.2066896241574432,5
510070,1.3253119132592956,0.9408591679901256,0.5,0.0,1.0,0.0,1.0,0.2655457823371474,0.1350614931535953,0.0,1.055491476471528,2.703731733044999,0.0,-0.5358369345489745,0.0,1.8170594925112875,1.0481513017428683,-0.2564546996970712,2
510078,0.4174462381139991,2.1112412550579096,0.0,1.0,1.0,0.75,1.0,0.5472344244407065,0.1350614931535953,0.0,-0.5691161559187239,0.0,0.5108256237659907,1.0,0.0,0.0,-0.0638395497420672,-0.4062194242776345,5
510079,-0.7756442697189709,-0.6123631726854253,-1.0,-0.5,-0.5,0.0,0.0,-1.2950710190444592,-0.658683161076804,0.0,-1.7312471447788258,0.0,0.0,0.4641630654510255,0.0,0.0,-5.009979129451652,-0.7203960513358888,0
510081,1.6753271362398188,1.029197033103319,0.0,-0.5,0.5,1.0,0.0,0.1103276084696746,-0.658683161076804,-2.223901085741545,0.7957508450296478,0.0,0.0,-0.9452577742021836,0.0,2.2892242269941026,0.4715567668213347,-0.2697684651567478,2
510090,0.093148989832421,-0.4373685033222146,-1.0,-0.5,-0.5,0.0,0.0,-1.236261221399383,0.69823228777992,0.0,-0.8521289889920516,0.0,0.0,0.4641630654510255,0.0,0.0,-1.897613941236276,-0.6407023848424193,0
510093,0.8053461211309961,0.5337543951599557,0.5,1.0,0.5,0.75,0.0,0.3059733857426701,0.1350614931535953,0.0,0.60981374613042,0.0,0.0,0.0,1.4475677406305645,0.0,0.5242195148255772,0.6238904543071727,5
510094,-0.7430547826448339,-1.151102915861414,-1.0,-0.5,-0.5,0.0,0.0,-0.9041379554706426,1.491976942010319,0.0,1.189120155654825,0.0,0.0,0.4641630654510255,0.0,0.0,-0.1054610036509345,-4.270085209029146,2
510104,-0.485823836322499,-0.1060116599355281,0.0,0.5,0.0,0.0,0.0,-0.3011576545890609,-0.0955123664504794,0.0,-0.3378778341536493,0.0,0.0,-0.1695975135107168,1.8662394014360388,0.0,-0.6487678006218323,0.1803074252069248,0
510108,0.5845412222910321,1.6317288527908729,0.0,1.0,0.5,0.75,1.0,-0.18475239980928,0.69823228777992,0.6460181545591593,1.270974323529869,0.0,0.5108256237659907,0.4641630654510255,1.8662394014360388,0.0,0.4622908692036884,0.1782438217215604,5
510112,0.3539208868320372,-0.1060116599355281,-1.0,-0.5,-0.5,0.0,0.0,-1.3260904140595566,0.69823228777992,0.0,2.0031830567555966,0.0,0.0,0.4641630654510255,0.0,0.0,0.0243778380508008,-0.7370553460784283,0
510114,-1.2310829129263403,0.7031942868616717,1.5,2.0,1.5,0.4999999999999998,0.0,0.5807639836638749,-0.0955123664504794,0.0,0.5828276343672492,0.0,0.0,0.1617063421381263,1.0,0.0,0.8336884541674664,0.489377310960072,5
510134,0.9208756040652278,0.6266032978723975,1.5,1.5,2.0,0.4999999999999998,1.3333333333333333,0.5438069007810375,0.341316838923196,0.0,0.7061866266408084,1.3087681003312956,0.0,0.1617063421381263,0.0,0.690813957738791,0.981610092957338,-0.5540680812741997,5
510155,-1.4360103856038784,-0.4584993070321419,0.5,0.0,0.5,0.0,0.0,0.4595972385962305,-0.658683161076804,-0.7323949782604657,1.146122837879747,2.4424745961808583,0.0,-1.169597513510717,1.4475677406305645,1.8170594925112875,1.1961202113197138,0.040942763817675,2
510156,0.3626058782869214,0.4788906502885904,1.0,1.0,1.5,0.0,0.0,0.7685652141377244,0.0,0.0,0.4537367038660508,0.8092012510390698,0.0,0.0979236444127681,0.0,0.8170594925112873,0.793091359299258,1.0440699139352292,5
510163,0.7908178011566153,0.2600828618709601,0.5,0.5,1.0,0.0,0.0,0.6182666059539196,0.4368292053736752,-0.7323949782604657,1.0902415790965525,0.0,0.0,0.0,0.0,1.0,0.9973340632954404,0.2804777738853643,5
510164,0.5313214438731182,-0.1060116599355281,-0.5,0.0,0.0,3.0,0.0,-0.3042841828682106,0.1350614931535953,0.0,0.8242531547064528,0.0,0.0,0.4641630654510255,0.0,0.0,0.1303584970617939,-0.2239993488889557,0
510170,0.2182765794931225,0.0511563914573724,0.0,0.5,0.5,0.0,1.3333333333333333,0.2750488725929357,0.341316838923196,0.8454879529219202,0.3918561677430946,1.3087681003312956,0.0,0.4641630654510255,0.0,0.0,0.1231700186980467,-0.013133278634955,6
510172,0.1871284110521476,-0.3957040193861091,0.0,0.5,0.5,1.0,1.3333333333333333,0.4286727254464961,-0.0955123664504794,0.0,-0.2042491549703521,0.0,0.0,0.4641630654510255,0.0,0.0,-0.2377817335460769,0.1643178122401782,5
510179,0.2867476346829352,0.0679485038398385,1.0,1.0,1.0,0.0,0.0,0.6182666059539196,0.0,1.0,-0.0548650010803214,1.8945304820059297,0.0,-0.311497195240441,1.18274896353532,0.8170594925112873,0.4730891159235669,1.1839416382772538,5
510185,-0.6286095976474712,0.4649590448526473,0.5,0.5,1.0,0.75,1.0,0.5182364352274699,-0.2218539557031286,-0.7323949782604657,0.5412403216331251,1.0,0.0,0.0,0.0,1.0,1.172904702539402,0.1061191055492348,5
510188,0.1032036390015857,2.8053745848606324,1.5,2.0,2.5,0.75,1.5,1.2536400779982693,0.1350614931535953,-0.3539818454408412,0.8832544627967224,0.0,0.5108256237659907,0.1617063421381263,1.0,1.2892242269941023,1.4122321011166563,1.3370975532955889,5
510195,-1.1422605445110343,0.1175719885109969,0.5,0.5,1.0,0.75,0.0,0.5205109744120778,0.1350614931535953,-0.7323949782604657,0.5412403216331251,0.0,0.0,0.0,0.0,1.0,0.5786007194750241,-0.0785015517045865,5
510198,1.3906746915596246,1.0074416636596677,0.0,0.5,0.5,1.0,1.3333333333333333,0.4684071602751417,0.341316838923196,0.0,-0.2042491549703521,0.0,0.0,0.4641630654510255,0.0,0.0,0.0610102815812654,0.1758751050124453,5
510213,1.376744602790429,0.8013505413698264,1.0,1.0,1.0,0.0,0.0,0.6511526688560793,0.2614030824062447,0.0,-0.2363597157400465,0.0,0.0,-0.311497195240441,1.18274896353532,0.8170594925112873,0.1780300015131643,-0.5767094983616949,5
510215,0.9821716737521304,0.8953286448927934,0.0,-0.5,0.5,0.0,1.3333333333333333,-0.3362046060884055,-0.0955123664504794,-2.223901085741545,1.189120155654825,0.0,0.0,-0.9452577742021836,0.0,2.2892242269941026,0.2831738353709964,-1.1113974850651518,2
510219,0.1939463741786511,0.2753642525262495,0.0,0.5,0.0,0.0,0.0,-0.2856966996239918,-0.658683161076804,0.0,0.3100019998680502,0.0,0.0,-0.1695975135107168,1.8662394014360388,0.0,-0.1360963647218059,0.0940452527545973,0
510227,-1.9512202522668167,-1.0937450900539751,-0.5,0.0,0.0,0.0,0.0,-0.2980426846663403,0.1350614931535953,0.0,-0.3378778341536493,0.0,0.0,0.4641630654510255,0.0,0.0,-0.9541293523491752,-0.3629240791115344,0
510238,-0.899691848879138,-0.4373685033222146,0.0,0.5,0.5,0.0,0.0,0.5991130472594391,-0.658683161076804,0.8454879529219202,-0.8521289889920516,1.3087681003312956,0.0,0.4641630654510255,0.0,0.0,-0.0106704473092736,0.8698623683936222,6
510239,-0.2699925218508799,-0.2173706571356206,-0.5,-0.5,0.0,0.0,2.0,0.5310373048905812,-0.658683161076804,-1.577882931182386,0.7367495369393785,0.0,0.0,-0.5358369345489745,0.0,1.8170594925112875,0.7236568045344768,-3.116609063144528,2
510243,0.3313910640472022,-0.0347747680912913,0.0,0.5,0.0,0.0,0.0,-0.1475338017355012,0.341316838923196,0.0,-0.1423686188473956,0.0,0.0,-0.1695975135107168,1.8662394014360388,0.0,-0.2442119591026496,-0.6658394098258544,0
510257,-1.509933693605872,-1.332697148215006,-0.5,0.0,-0.5,0.0,0.0,-1.910135122456495,-0.658683161076804,1.223901085741545,-1.7312471447788258,3.4424745961808574,0.0,-0.5358369345489745,2.6303167041658844,0.0,-5.009979129451652,0.4449314442082641,0
510270,1.4604004148626768,0.6266032978723975,-1.0,-0.5,-1.0,0.0,0.0,-5.01837906474446,-0.658683161076804,2.2239010857415447,-1.7312471447788258,-5.8849491923617165,0.0,-1.945257774202184,4.496556105601924,0.0,-5.009979129451652,-0.1585010351480003,4
510283,0.6105647972166517,-0.5672972791819948,-1.5,-1.0,-1.0,0.0,0.0,-5.01837906474446,-0.658683161076804,-3.801784016923932,-1.7312471447788258,-5.8849491923617165,0.0,-1.945257774202184,0.0,0.0,,,1
510315,2.621757604485965,1.274800156946006,-0.5,0.0,-0.5,1.5,0.0,-0.428966845856491,1.1350614931535954,0.0,-0.8521289889920516,0.0,0.0,-0.5358369345489745,2.6303167041658844,0.0,-1.233278504014808,-1.553846821299393,0
510316,-1.153123435948697,0.4083366568994223,-1.0,-1.0,-0.5,0.0,0.0,-0.9705185974517686,-0.658683161076804,-3.801784016923932,1.9346096322583015,0.0,0.0,-1.945257774202184,0.0,3.10628371950539,0.2802152333057709,-5.846818380501243,3
510326,1.1134188888647316,1.103695978225202,1.5,2.0,2.0,0.4999999999999998,1.3333333333333333,0.9191146883753126,0.9999999999999998,0.8454879529219202,0.0787636781029754,1.3087681003312956,0.0,0.4641630654510255,0.0,0.0,0.7373628880274401,0.4211363136373969,5
510328,0.3749397973918489,0.6906121893614907,1.0,1.5,1.0,0.0,0.8,0.4339062727343475,-0.30176771222008,0.0,-0.4482343117054982,0.0,0.0,0.0979236444127681,1.18274896353532,0.0,-0.3282000197122824,0.1869599927721651,5
510343,-0.899691848879138,1.3695851861629027,1.0,2.0,2.0,1.0,1.3333333333333333,0.6571784280611594,0.1350614931535953,0.4390194395059628,-0.2693044096563544,0.6795775573916313,0.3364722366212129,0.7954669210998687,0.0,0.0,0.4104427416631831,0.5896519691640167,5
510356,-0.4134804766150164,-0.5013773948113078,-0.5,0.0,0.0,1.5,0.0,-0.3460213975689505,0.1350614931535953,0.0,0.1763733206847534,0.0,0.0,0.4641630654510255,0.0,0.0,-0.2285976564119239,-0.4701336277000982,0
510365,-0.9967694099083624,-0.4798342762580817,0.5,1.0,1.0,0.0,0.0,0.5938109293077358,-0.2218539557031286,1.223901085741545,0.3718825359910068,1.8945304820059297,0.0,0.4641630654510255,0.0,0.0,1.09566351578827,0.6984539247410727,6
510369,0.941096815436512,0.3502240363019069,0.0,0.5,0.5,1.0,0.0,-0.1527511459868734,-0.658683161076804,0.0,0.4687463394429643,0.0,0.0,0.4641630654510255,0.0,0.0,0.0965070873216998,0.3329144902764792,5
510379,0.2108776483808671,-0.6817349135302966,-1.0,-1.0,-0.5,3.0,0.0,-1.1213843515923745,-0.658683161076804,-3.801784016923932,0.0269891667947226,0.0,0.0,-1.945257774202184,0.0,3.10628371950539,-1.0458625175770475,-5.846818380501243,3
510393,-0.3292904402501106,-0.1060116599355281,-1.0,-0.5,-0.5,0.0,0.0,-1.236261221399383,-0.658683161076804,0.0,1.189120155654825,0.0,0.0,0.4641630654510255,0.0,0.0,-0.3810455099221137,-0.7242780551015028,0
510418,-0.1107262136248662,-0.8526164401574539,-1.5,-1.0,-1.0,0.0,0.0,-5.01837906474446,-0.658683161076804,-3.801784016923932,-1.7312471447788258,-5.8849491923617165,0.0,-1.945257774202184,0.0,0.0,,,1
510423,0.188835357087813,-0.3146618177495106,-0.5,-0.5,-0.5,1.5,2.0,-0.7964257605994532,0.1350614931535953,-1.577882931182386,0.9061073225814968,0.0,0.0,-1.945257774202184,2.6303167041658844,1.8170594925112875,-0.2633516495410095,-1.86721353002582,2
510449,1.5530015427155122,1.274800156946006,0.5,1.0,0.5,1.5,0.0,-0.0243606518992428,0.4368292053736752,0.0,-0.6566197736857983,0.0,0.0,0.0,1.4475677406305645,0.0,-0.7022345612130932,-0.3394172922774694,5
510452,-0.2436797855732951,-0.0347747680912913,0.5,1.0,1.0,1.5,1.0,0.7961655823999592,0.4368292053736752,0.0,0.1763733206847534,0.0,0.0,0.4641630654510255,0.0,0.0,0.7560001364517227,0.0738562965388833,5
510459,1.3574105678822217,0.4649590448526473,0.0,0.5,0.5,0.0,0.0,0.0043545234098094,0.341316838923196,0.8454879529219202,-0.2042491549703521,1.3087681003312956,0.0,0.4641630654510255,0.0,0.0,0.0737417519205962,-0.1179304688430433,6
510490,1.128560303786776,-0.2173706571356206,-1.0,-1.0,-0.5,3.0,0.0,-0.7687971082062188,-0.658683161076804,-3.801784016923932,0.3100019998680502,0.0,0.0,-1.945257774202184,0.0,3.10628371950539,-0.5550540605181377,-5.846818380501243,3
510494,-0.2877534419935543,0.1820481643393343,1.0,1.5,1.5,0.6000000000000001,0.0,0.2445805299477607,0.0,0.5227586988632229,-0.3378778341536493,0.8092012510390698,0.0,0.4641630654510255,0.0,0.0,-0.1785166878576298,0.5706331748297867,5
510511,1.311764347851928,0.3502240363019069,-0.5,-0.5,0.0,0.0,2.0,0.1532599580500368,-0.658683161076804,-1.577882931182386,0.1763733206847534,0.0,0.0,-0.5358369345489745,0.0,1.8170594925112875,0.0719242209020534,-0.95156702392828,2
510533,-0.4269429563329749,-0.3346452313910828,-1.0,-0.5,-0.5,0.0,0.0,-0.6959345925001316,0.69823228777992,0.0,0.3100019998680502,0.0,0.0,0.4641630654510255,0.0,0.0,-0.4948150998647015,-1.149208016864262,0
510537,0.1368995743452979,0.6395543739241726,1.0,1.0,1.0,0.0,0.8,0.1605081610636437,0.4919769420103195,0.5227586988632229,0.5930148329413781,0.0,0.0,-0.311497195240441,1.18274896353532,0.8170594925112873,0.3911901727207227,0.9499625265415044,5
510543,-0.9456274406964738,-1.67308530127459,-1.5,-1.0,-1.0,0.0,0.0,-5.01837906474446,-0.658683161076804,-3.801784016923932,-1.7312471447788258,-5.8849491923617165,0.0,-1.945257774202184,0.0,0.0,,,1
510545,0.4868744587804661,-0.160989241751724,-1.0,-1.0,-0.5,0.0,0.0,-0.0995167042849277,-0.658683161076804,-3.801784016923932,0.5412403216331251,0.0,0.0,-1.945257774202184,0.0,3.10628371950539,0.1521765911536031,-5.846818380501243,3
510558,-0.9250648120180158,0.3056133849682904,-0.5,0.5,0.0,2.0,1.3333333333333333,-1.0203068241065072,1.2614030824062443,1.577882931182386,-0.8521289889920516,0.0,0.6931471805599453,0.4641630654510255,2.6303167041658844,0.0,-1.71990161808404,1.0892321224174533,0
510570,0.5023861487621162,-0.2557742709686207,0.5,0.0,1.0,0.75,0.0,0.5170554982374359,-0.2218539557031286,-1.577882931182386,0.6427584400467276,1.0,0.0,-0.5358369345489745,0.0,1.8170594925112875,0.8002900503029202,-0.089082679287067,2
510571,-0.5964625261226147,-0.7292238865448002,0.5,-0.5,1.0,1.5,2.0,0.6521599593579435,0.1350614931535953,-0.7323949782604657,0.9829974942813668,1.8945304820059297,0.0,-1.169597513510717,0.0,2.5078734502500786,1.3283452973553764,0.4926206152799864,2
510575,-0.3569127266061206,-1.151102915861414,-1.5,-1.0,-1.0,0.0,0.0,-5.01837906474446,-0.658683161076804,-3.801784016923932,-1.7312471447788258,-5.8849491923617165,0.0,-1.945257774202184,0.0,0.0,,,1
510580,-0.659697878298532,-0.7533569369943934,0.0,0.0,0.5,0.0,0.0,0.036315310818796,0.341316838923196,-1.0,0.0269891667947226,0.0,0.0,-0.1695975135107168,0.0,1.2892242269941023,0.0140688754758004,-0.1574290792686171,2
510582,0.6040945634182836,0.1500453992945883,-0.5,-0.5,0.0,0.0,2.0,0.0610387980526892,-0.658683161076804,-1.577882931182386,0.6427584400467276,0.0,0.0,-0.5358369345489745,0.0,1.8170594925112875,0.446699634203507,-2.8350755718050547,2
510585,0.5363790947898848,-0.5231327642549591,-1.0,-0.5,-0.5,0.0,0.0,-0.4004014525057859,0.69823228777992,2.2239010857415447,1.6158676927261533,0.0,0.0,0.4641630654510255,0.0,0.0,0.5660606980718751,0.154165233260818,0
510586,-1.0303446482015892,0.3939512500814855,1.0,1.5,1.5,0.0,0.0,0.185396843213915,0.0,0.5227586988632229,0.2582274885597975,0.8092012510390698,0.0,0.4641630654510255,0.0,0.0,0.1733290500387751,0.7136790408202495,5
510610,-0.3849714020052954,-0.9039711300422292,-1.0,-0.5,-0.5,0.0,4.0,-0.8852023629859997,-0.658683161076804,0.0,0.7367495369393785,0.0,0.0,0.4641630654510255,0.0,0.0,-0.4831681196365233,-0.5045580849953,0
510618,0.5391826900261899,-0.0879858281037825,0.0,0.0,0.5,1.0,1.3333333333333333,0.2575438380146787,-0.658683161076804,-1.0,0.0269891667947226,0.0,0.0,-0.1695975135107168,0.0,1.2892242269941023,0.1057547199623539,-0.4632450849550098,2
510676,-1.4030956819889788,-0.0347747680912913,0.0,0.5,0.5,0.0,0.0,-0.8666829712529469,-0.0955123664504794,0.8454879529219202,-0.6566197736857983,1.3087681003312956,0.0,0.4641630654510255,0.0,0.0,-1.1842452298710069,-0.0702649625584679,0
510686,-0.1620066737887841,0.5064929114075749,0.0,0.0,0.5,1.0,0.0,0.644067715603926,-0.658683161076804,0.8454879529219202,-0.0833673107571263,3.4424745961808574,0.0,-0.1695975135107168,0.0,1.2892242269941023,0.8924014791496768,0.0325228705131433,6
510694,-0.5364277497740233,2.5597714610179456,0.5,1.5,1.5,0.6000000000000001,1.6,0.3660275254511002,0.0,0.0,-0.5193725488133742,0.0,0.4054651081081644,0.8735839051042346,0.0,0.0,-0.2760856480234119,1.1853596603458618,5
510700,0.3501857072988972,2.163662758750312,0.5,1.0,1.5,1.8,0.8,0.5807639836638749,0.2614030824062447,-0.5778829311823854,0.0269891667947226,0.8092012510390698,0.4054651081081644,0.4641630654510255,0.0,1.0,1.0532307627339408,-0.0763340736992031,5
510707,0.2639979357320658,-0.4373685033222146,-0.5,0.0,-0.5,0.0,0.0,-0.6617375002305357,0.69823228777992,1.223901085741545,-0.3378778341536493,3.4424745961808574,0.0,-0.5358369345489745,2.6303167041658844,0.0,-0.4665508444978963,-1.1069062594564103,6
510719,-0.4269429563329749,-0.3346452313910828,-1.0,-1.0,-0.5,0.0,0.0,-1.155092782707833,-0.658683161076804,-3.801784016923932,2.0031830567555966,0.0,0.0,-1.945257774202184,0.0,3.10628371950539,0.1666143346928063,-5.846818380501243,3
510733,-0.6286095976474712,-0.7053517390478198,-0.5,0.0,-0.5,0.0,2.0,-1.0654568244033888,0.69823228777992,0.0,-0.3378778341536493,0.0,0.0,-0.5358369345489745,2.6303167041658844,0.0,-1.39174952061757,-0.2024430207886773,0
510754,-0.4659791917316795,0.4368293378606515,1.0,1.0,1.5,1.2000000000000002,0.0,0.416777020981638,-0.30176771222008,-0.5778829311823854,-0.3378778341536493,0.8092012510390698,0.0,0.0979236444127681,0.0,0.8170594925112873,-0.0605271818829305,0.1003795345865859,5
510779,0.0779594769776433,0.084613882090961,0.5,0.5,1.0,0.0,0.0,0.4595972385962305,0.1350614931535953,0.0,-0.5691161559187239,1.0,0.0,0.0,0.0,1.0,-0.26682839670559,0.8158083796341735,5
510805,0.8622993685384407,0.084613882090961,-0.5,-0.5,0.0,0.0,0.0,-0.549822810839958,0.69823228777992,-1.577882931182386,0.5412403216331251,0.0,0.0,-0.5358369345489745,0.0,1.8170594925112875,-0.2638683593968171,-0.7579975473478304,2
510815,0.0833992276722917,0.6135758138503429,0.5,1.0,1.0,0.75,0.0,0.715178272837252,-0.2218539557031286,0.0,0.5412403216331251,0.0,0.0,0.4641630654510255,0.0,0.0,0.7688743208636305,0.3329449396872305,5
510822,0.1734134609439123,0.1500453992945883,0.5,0.5,0.5,0.75,4.0,0.4247261214891064,-0.2218539557031286,-0.7323949782604657,0.7367495369393785,1.3087681003312956,0.0,-0.5358369345489745,1.4475677406305645,1.0,0.7735295341913943,0.3315858380403296,5
510828,-0.8871400142109023,-0.4373685033222146,-1.5,-1.0,-1.0,0.0,0.0,-5.01837906474446,-0.658683161076804,-3.801784016923932,-1.7312471447788258,-5.8849491923617165,0.0,-1.945257774202184,0.0,0.0,,,1
510836,-0.1095725421238259,0.5606834135017086,1.0,1.5,1.5,0.0,0.0,0.4918656272991571,0.2614030824062447,0.0,-0.7312471447788259,0.0,0.0,0.4641630654510255,0.0,0.0,-0.2894408685920183,0.1593760597405358,5
510841,-0.6531076027838256,2.4994206896544164,2.5,3.5,3.5,0.3333333333333333,0.8888888888888888,1.083184611705706,0.0611804538576185,0.5778829311823861,-0.3378778341536493,0.8945304820059298,0.2231435513142097,0.6748978578548738,0.0,0.0,0.4903724273446832,1.415266398914834,5
510890,0.0226254934042333,0.4649590448526473,1.0,1.0,0.5,0.0,0.8,-0.0776927918335968,0.4919769420103195,-0.5778829311823854,0.222498382100976,0.0,0.0,-0.7756602606914664,2.18274896353532,0.8170594925112873,-0.0226956792436373,0.2397442332636333,5
510899,0.0338310650438883,0.1011544248762458,-0.5,0.0,0.0,0.0,0.0,0.2968146172588332,0.1350614931535953,0.0,0.0269891667947226,0.0,0.0,0.4641630654510255,0.0,0.0,-0.0044760278037952,-0.9146301670520256,0
510944,-1.884190515710166,0.3502240363019069,1.5,2.0,0.5,0.4999999999999998,0.6666666666666664,0.4966373673430351,0.1350614931535953,0.8454879529219202,-0.8521289889920516,0.0,0.0,-0.5358369345489745,2.6303167041658844,0.0,-0.4860819228166615,0.4746820288499715,5
510946,1.251458783213596,0.5872879779418604,0.0,0.5,0.5,0.0,0.0,0.3029315109427162,0.341316838923196,1.577882931182386,0.60981374613042,2.4424745961808583,0.0,0.4641630654510255,0.0,0.0,1.111691563725196,0.705026338717677,6
510953,0.242277988173453,0.4083366568994223,-0.5,0.0,-0.5,0.0,2.0,-0.7110263106475204,-0.658683161076804,1.223901085741545,-1.7312471447788258,3.4424745961808574,0.0,-0.5358369345489745,2.6303167041658844,0.0,-5.009979129451652,0.2969928416981071,6
510960,-0.436621875182693,0.6004710149305419,0.0,0.5,0.0,0.0,0.0,-0.2467775996522255,-0.0955123664504794,0.0,-0.3378778341536493,0.0,0.0,-0.1695975135107168,1.8662394014360388,0.0,-0.6039371873202166,-0.2645382226296888,0
510961,0.3626058782869214,0.2291991117677428,0.5,0.5,1.0,1.5,0.0,0.605595714480067,0.1350614931535953,-0.7323949782604657,0.0269891667947226,0.0,0.0,0.0,0.0,1.0,0.0586026830284766,0.159987888129793,5
510972,1.1435737255049818,-0.0523696989290143,0.0,0.5,0.5,1.0,0.0,0.8002794190134188,0.341316838923196,0.8454879529219202,-0.3378778341536493,1.3087681003312956,0.0,0.4641630654510255,0.0,0.0,0.2526498986484817,0.1137122813009814,6
511017,0.1255701044161817,-0.6123631726854253,-1.0,-0.5,-0.5,0.0,0.0,-0.6522165130024442,0.69823228777992,0.0,-0.8521289889920516,0.0,0.0,0.4641630654510255,0.0,0.0,-1.4169942212625797,-0.5251069686883783,0
511055,-0.9572994030547236,-0.3346452313910828,-0.5,0.0,0.0,1.5,0.0,-0.006574273178458,0.1350614931535953,1.223901085741545,-0.5691161559187239,1.8945304820059297,0.0,0.4641630654510255,0.0,0.0,-0.4150946398171306,-0.4117126413587592,6
511066,0.565598415362467,0.7405160565023101,0.0,0.5,0.5,1.0,0.0,0.1623105112791227,-0.658683161076804,0.8454879529219202,-0.4872619880436798,1.3087681003312956,0.0,0.4641630654510255,0.0,0.0,-0.3010297904987561,0.0315262983767619,6
511093,-0.899691848879138,0.0342356026297282,0.0,0.0,0.5,2.0,2.6666666666666665,0.0549256026441173,-0.658683161076804,-1.0,0.0269891667947226,0.0,0.0,-0.1695975135107168,0.0,1.2892242269941023,-0.3123403977542423,-0.7052274143769675,2
511122,-0.4439158370292121,-0.2752294817283874,-0.5,0.0,0.0,1.5,0.0,-0.026610582219974,-0.658683161076804,0.0,-0.3378778341536493,0.0,0.0,0.4641630654510255,0.0,0.0,-0.4224809966055943,-1.45605179984051,0
511125,-0.5570800430937265,-0.5451046085908845,0.0,0.5,0.5,1.0,2.6666666666666665,-0.2765544934337305,0.341316838923196,0.0,-0.3378778341536493,0.0,0.0,0.4641630654510255,0.0,0.0,-0.8984750310682384,0.0839615804074542,0
511126,0.067029736556652,0.3648961975046188,1.0,0.5,1.5,0.6000000000000001,0.8,0.697239926229306,0.0,-0.5778829311823854,0.3100019998680502,0.8092012510390698,0.0,-0.311497195240441,0.0,1.5078734502500786,0.6612022749010174,0.7660202506614553,5
511140,0.1017707408089781,0.0679485038398385,0.0,0.0,0.0,2.0,1.3333333333333333,-0.6522165130024442,-0.658683161076804,0.0,1.4203584774198996,1.8945304820059297,0.0,-0.9452577742021836,1.8662394014360388,1.2892242269941023,0.4125616602473428,-0.3106671403972139,2
511142,-0.1504037015898025,0.084613882090961,0.0,0.5,0.5,0.0,0.0,-0.0311285469557203,0.9999999999999998,0.8454879529219202,0.3918561677430946,1.3087681003312956,0.0,0.4641630654510255,0.0,0.0,0.295213388767516,-0.2621002186444524,6
511145,-0.0539414148840952,-0.5672972791819948,0.0,-0.5,0.5,1.0,1.3333333333333333,0.1179529854393986,-0.0955123664504794,-2.223901085741545,0.7957508450296478,3.4424745961808574,0.0,-0.9452577742021836,0.0,2.2892242269941026,0.8529373733026262,-3.0383154505050936,2
511148,-0.8622993685384407,-0.3548111444861987,0.0,0.0,0.5,0.0,2.6666666666666665,0.4519718616265066,-0.658683161076804,-1.0,0.4687463394429643,0.0,0.0,-0.1695975135107168,0.0,1.2892242269941023,0.1176973841179686,0.2705113297951517,2
511160,0.3501857072988972,0.1338683882105274,0.0,0.5,0.0,0.0,0.0,-0.3761772427418038,-0.658683161076804,0.0,0.0269891667947226,0.0,0.0,-0.1695975135107168,1.8662394014360388,0.0,-0.5663841767689926,0.192685793476434,0
511178,1.2981126494829909,0.6779579877571728,0.5,0.5,1.0,0.75,2.0,0.149612340213055,0.1350614931535953,-0.7323949782604657,-0.2363597157400465,0.0,0.0,0.0,0.0,1.0,-0.2757850898537475,0.1991431561055763,5
511195,0.4144435709349078,0.4083366568994223,-0.5,-0.5,0.0,0.0,0.0,-0.0448296358979986,0.1350614931535953,-1.577882931182386,0.1763733206847534,1.8945304820059297,0.0,-0.5358369345489745,0.0,1.8170594925112875,0.1884920427024277,-0.4268629831979246,2
511208,-0.3736946834025277,-0.3751629211508731,0.0,0.5,0.5,1.0,0.0,0.7197710657246055,0.9999999999999998,0.8454879529219202,0.7957508450296478,1.3087681003312956,0.0,0.4641630654510255,0.0,0.0,1.089340127763898,0.1208246801580679,6
511219,-0.7827062162531537,-1.67308530127459,-1.0,-1.0,-0.5,3.0,0.0,-1.10502270343148,-0.658683161076804,-3.801784016923932,-0.3378778341536493,3.4424745961808574,0.0,-1.945257774202184,0.0,3.10628371950539,-0.8333947378560458,-5.846818380501243,3
511223,-0.1128047126489765,2.1376075639802554,0.5,1.5,1.0,0.6000000000000001,1.6,0.5948891103946596,0.4919769420103195,1.0,1.055491476471528,1.8945304820059297,0.4054651081081644,0.4641630654510255,1.4475677406305645,0.0,1.62221801159301,0.0887426768170552,5
511238,-0.0839247720505603,-1.1222377710152045,-1.5,-1.0,-1.0,0.0,0.0,-5.01837906474446,-0.658683161076804,-3.801784016923932,-1.7312471447788258,-5.8849491923617165,0.0,-1.945257774202184,0.0,0.0,,,1
511260,-0.4439158370292121,0.3939512500814855,-0.5,-0.5,0.0,0.0,0.0,0.2297543690536391,0.1350614931535953,-1.577882931182386,0.6427584400467276,0.0,0.0,-0.5358369345489745,0.0,1.8170594925112875,0.4013926827016396,-0.2335288671155537,2
511298,0.067029736556652,0.7157050973079879,0.5,0.5,1.0,0.0,1.0,0.2494651720590502,0.4368292053736752,-0.7323949782604657,0.3718825359910068,0.0,0.0,0.0,0.0,1.0,0.2887206991267109,-0.1468577773989616,5
511314,1.2234765749048606,0.4226289536358835,0.0,0.0,0.5,0.0,0.0,0.0043545234098094,-0.0955123664504794,0.0,0.60981374613042,0.0,0.0,-0.1695975135107168,0.0,1.2892242269941023,0.5105786613988638,0.6001117703624527,5
511326,-0.0321678663686793,0.0679485038398385,0.0,0.5,0.5,1.0,0.0,-0.0402378076159011,0.341316838923196,0.0,0.0269891667947226,0.0,0.0,0.4641630654510255,0.0,0.0,-0.1528802119823833,0.2226946983185801,5
511328,-0.0855169525367521,-0.7292238865448002,-0.5,-0.5,0.0,0.0,2.0,-0.638133760600969,-0.658683161076804,-1.577882931182386,0.8242531547064528,0.0,0.0,-0.5358369345489745,0.0,1.8170594925112875,-0.0936915997786953,-0.7184094343753848,2
511331,-2.168971442845178,1.6151883100055875,2.0,3.0,2.0,0.75,1.5,0.9556100557093796,-0.0352733000546046,0.9425668579655164,-0.7312471447788259,1.5479441141749286,0.251314428280906,0.2065593450588091,1.6303167041658837,0.0,0.0071150831687425,1.652651701923204,5
511364,1.674144661353662,1.2553449461862392,0.0,0.5,0.5,0.0,0.0,0.3660275254511002,0.341316838923196,0.0,-0.6566197736857983,0.0,0.0,0.4641630654510255,0.0,0.0,-0.2594518623854877,0.3635564932890487,5
511377,1.2062422672538786,0.3648961975046188,-0.5,-1.0,0.0,1.5,0.0,0.455704209312029,-0.658683161076804,-3.801784016923932,0.3100019998680502,0.0,0.0,-1.945257774202184,0.0,3.10628371950539,0.5652972837971038,-5.846818380501243,3
511379,0.0151156419895084,0.0342356026297282,0.0,0.5,0.5,1.0,0.0,0.1623105112791227,0.69823228777992,0.0,-0.2042491549703521,0.0,0.0,0.4641630654510255,0.0,0.0,-0.5253564723943647,-0.2820025311757089,0
511397,0.0888223684153056,0.6906121893614907,1.0,1.5,1.5,0.6000000000000001,0.0,0.7944072750703969,-0.30176771222008,1.0,-0.4253814519207233,1.5479441141749286,0.0,0.4641630654510255,0.0,0.0,0.4497405232017897,0.6398854493200851,5
511398,1.3017633747424795,1.103695978225202,1.0,1.5,1.5,0.0,1.6,0.7658691498637072,0.2614030824062447,0.0,0.3597456069733999,0.0,0.0,0.4641630654510255,0.0,0.0,0.5354530408754671,0.6197193148588064,5
511399,0.067029736556652,-0.2364889768829301,-0.5,0.0,-0.5,0.0,0.0,-1.4881826638675812,0.1350614931535953,0.0,0.7367495369393785,0.0,0.0,-0.5358369345489745,2.6303167041658844,0.0,-0.8713508026832342,0.2834257793661722,0
511418,0.50524387619024,-0.5013773948113078,-0.5,0.0,-0.5,1.5,4.0,-0.9235088868461168,0.1350614931535953,0.0,0.3100019998680502,0.0,0.0,-0.5358369345489745,2.6303167041658844,0.0,-0.7559542167086564,0.2628304117973817,0
511424,0.5363790947898848,-0.3957040193861091,-0.5,-0.5,0.0,1.5,0.0,-0.2180171829458386,-0.658683161076804,-1.577882931182386,1.055491476471528,0.0,0.0,-0.5358369345489745,0.0,1.8170594925112875,0.5151554944290733,-0.7882853031818023,2
511433,-0.7315590971179934,-0.1241858541912811,1.0,1.0,1.0,0.0,1.6,0.2095714063863997,0.2614030824062447,0.5227586988632229,0.4308838440812761,1.8945304820059297,0.0,-0.311497195240441,1.18274896353532,0.8170594925112873,0.1632723173398767,0.640734903576938,5
511440,0.8470539769624768,0.1978772796996186,-0.5,0.0,0.0,0.0,0.0,-0.1501384356625912,0.1350614931535953,0.0,0.1763733206847534,0.0,0.0,0.4641630654510255,0.0,0.0,-0.1811332482703771,-0.3604355715791247,0
511455,0.7944610377436472,0.2291991117677428,0.0,0.5,-0.5,0.0,1.3333333333333333,-0.73157851013244,0.341316838923196,0.0,-0.3378778341536493,0.0,0.0,-0.9452577742021836,3.313807142066604,0.0,-1.0038261513072058,0.4178900951190624,0
511469,0.0,-0.658368006199544,0.0,0.0,0.0,0.0,0.0,-0.3460213975689505,0.341316838923196,-1.0,0.1763733206847534,0.0,0.0,-0.9452577742021836,1.8662394014360388,1.2892242269941023,-0.2787965503379386,-0.2435609945067603,0
511489,1.2871152322195962,0.4788906502885904,0.0,-0.5,0.5,0.0,1.3333333333333333,0.2061600721540697,-0.0955123664504794,-1.0,0.5412403216331251,1.3087681003312956,0.0,-0.9452577742021836,0.0,2.2892242269941026,0.5524529391449873,0.0896584310326936,2
511502,1.0599061416260898,1.029197033103319,-0.5,0.0,0.0,0.0,0.0,0.2380233108279882,0.69823228777992,0.0,0.6427584400467276,0.0,0.0,0.4641630654510255,0.0,0.0,0.7956594647777223,-0.368518723681374,5
511504,0.2835154641577846,0.1500453992945883,0.0,0.5,0.5,0.0,0.0,0.2297543690536391,-0.658683161076804,0.0,-0.2042491549703521,0.0,0.0,0.4641630654510255,0.0,0.0,-0.1054610036509345,0.4030038620127926,5
511535,0.711005816842788,0.4368293378606515,0.0,0.5,0.0,1.0,1.3333333333333333,-0.144937194427998,0.341316838923196,0.0,0.3100019998680502,0.0,0.0,-0.1695975135107168,1.8662394014360388,0.0,-0.2874516716136549,0.0728490656098837,5
511542,-0.3147323487952075,-0.2364889768829301,0.0,0.5,0.5,1.0,0.0,0.2044492118617907,0.341316838923196,1.577882931182386,-0.4872619880436798,2.4424745961808583,0.0,0.4641630654510255,0.0,0.0,-0.1227147835306023,0.9692616040557084,6
511549,0.3047398876733038,-0.3548111444861987,-0.5,0.0,-0.5,0.0,0.0,-0.6762237894947197,0.1350614931535953,0.0,0.0269891667947226,0.0,0.0,-0.5358369345489745,2.6303167041658844,0.0,-0.6776631351717186,-1.3942665015984346,0
511552,0.2867476346829352,0.4368293378606515,-1.0,0.0,-0.5,3.0,2.0,-5.01837906474446,0.69823228777992,2.2239010857415447,-1.7312471447788258,-5.8849491923617165,1.0986122886681096,0.4641630654510255,4.496556105601924,0.0,-5.009979129451652,-0.0579561891119181,4
511554,0.2659593685249017,-0.0347747680912913,-0.5,0.0,0.0,0.0,0.0,-0.3592909380231978,0.1350614931535953,0.0,0.1763733206847534,0.0,0.0,0.4641630654510255,0.0,0.0,-0.3296599545548286,-0.0663464747571967,0
511560,-3.050681684519504,0.2446949798295298,0.5,1.0,1.0,0.75,0.0,0.6203600192157348,-0.658683161076804,1.223901085741545,-0.3378778341536493,1.8945304820059297,0.0,0.4641630654510255,0.0,0.0,0.2059605643644722,0.5000873129823785,6
511567,0.5997679420011682,0.5337543951599557,1.0,1.5,1.0,0.6000000000000001,0.8,0.3105157062011116,0.2614030824062447,0.0,0.5412403216331251,0.0,0.0,0.0979236444127681,1.18274896353532,0.0,-0.444165859408448,0.0719233463112336,5
511568,-0.8746762633184875,-0.3751629211508731,-1.0,-0.5,-1.0,0.0,0.0,-5.01837906474446,-0.658683161076804,0.0,-1.7312471447788258,-5.8849491923617165,0.0,-1.945257774202184,4.496556105601924,0.0,-5.009979129451652,0.2222371952120846,4
511570,-0.1570246867538253,0.5740257630792477,0.0,0.0,0.5,0.0,0.0,0.917595322218823,-0.658683161076804,-1.0,0.60981374613042,0.0,0.0,-0.1695975135107168,0.0,1.2892242269941023,0.972804985088052,0.2739247494292969,2
511577,-0.3306613991861102,-1.0378395182527564,-0.5,0.0,-0.5,3.0,0.0,-0.1371950412950404,-0.658683161076804,0.0,-1.7312471447788258,0.0,0.0,-0.5358369345489745,2.6303167041658844,0.0,-5.009979129451652,0.0248409103448203,0
511578,0.220959476096036,0.4649590448526473,1.0,1.5,1.5,1.2000000000000002,0.0,0.5051541929722428,0.8848129434284441,1.0,0.2582274885597975,1.5479441141749286,0.0,0.4641630654510255,0.0,0.0,0.8001308886617851,0.5069182953915656,5
511587,0.4648111040779986,0.0342356026297282,-0.5,0.0,0.0,0.0,0.0,-0.7059656443572273,1.1350614931535954,0.0,-0.5691161559187239,0.0,0.0,0.4641630654510255,0.0,0.0,-1.2957881646004847,-0.1625301888331752,0
511589,0.1980246244513931,-1.0656153830619794,-1.0,-1.0,-0.5,0.0,4.0,-1.305284458088918,-0.658683161076804,-3.801784016923932,-0.3378778341536493,3.4424745961808574,0.0,-1.945257774202184,0.0,3.10628371950539,-1.0349998251302774,-5.846818380501243,3
511608,0.7532235617593156,-0.1796235475848035,-1.0,-1.0,-0.5,0.0,0.0,-0.5129147908767582,-0.658683161076804,-3.801784016923932,0.7367495369393785,0.0,0.0,-1.945257774202184,0.0,3.10628371950539,-0.0627336680298823,-5.846818380501243,3
511609,-0.6863062742965885,-0.8273801410529529,-0.5,-0.5,0.0,3.0,2.0,0.2843369473430812,0.1350614931535953,-1.577882931182386,0.5412403216331251,0.0,0.0,-0.5358369345489745,0.0,1.8170594925112875,0.3819388742219397,-0.0003824679073705,2
511613,0.4519111798563742,0.2905406156119291,0.0,0.5,0.5,0.0,0.0,0.4326009302510322,0.69823228777992,0.0,-0.4872619880436798,0.0,0.0,0.4641630654510255,0.0,0.0,-0.1013598393451788,0.1355957574713467,5
511638,-0.7087885645390104,-0.6352457830218333,0.0,0.0,0.5,1.0,0.0,0.3059733857426701,-0.0955123664504794,-1.0,0.0269891667947226,1.3087681003312956,0.0,-0.1695975135107168,0.0,1.2892242269941023,0.3902708650798481,-0.1475420683155206,2
511665,0.0888223684153056,1.7983112043356797,-0.5,0.5,0.5,2.0,1.3333333333333333,0.3488893399656456,0.69823228777992,0.8454879529219202,0.1285072852083251,1.3087681003312956,0.6931471805599453,1.2398233261424922,0.0,0.0,0.3671801635417472,0.5492405386840895,5
511666,-0.142162029197963,0.3648961975046188,0.0,0.0,0.5,0.0,1.3333333333333333,0.1587019472863331,0.341316838923196,-1.0,0.6748690008164222,0.0,0.0,-0.1695975135107168,0.0,1.2892242269941023,0.4982403898856135,-0.7340717055073,2
511677,-0.9186875081701394,1.9815134121012072,0.5,1.5,1.5,0.6000000000000001,1.6,0.6789113619015444,0.0,1.0,-0.1066395123885741,1.5479441141749286,0.4054651081081644,0.8735839051042346,0.0,0.0,0.6996748493206342,0.8056278795219097,5
511680,1.0827432176273992,0.3648961975046188,0.5,0.5,1.0,0.0,0.0,0.2510871136656692,0.1350614931535953,-0.7323949782604657,0.3100019998680502,1.8945304820059297,0.0,0.0,0.0,1.0,0.6598199963411311,-0.011836813798541,5
511697,0.2192831407064626,0.0,0.5,1.0,0.5,0.0,1.0,0.5517828749160226,0.1350614931535953,0.0,-0.2042491549703521,0.0,0.0,0.0,1.4475677406305645,0.0,0.1783812914066326,-0.1868330907761317,5
511712,0.1630572962467511,-0.2364889768829301,0.0,0.5,0.0,1.0,2.6666666666666665,-0.0946178625527365,0.341316838923196,0.8454879529219202,0.4308838440812761,1.8945304820059297,0.0,-0.1695975135107168,1.8662394014360388,0.0,0.1055813730398116,0.0670218166546266,6
511726,-0.0057016973956241,-0.3957040193861091,-0.5,0.0,0.0,0.0,0.0,0.116053100971645,-0.658683161076804,0.0,-0.5691161559187239,0.0,0.0,0.4641630654510255,0.0,0.0,-0.0544953015732317,-1.4316556430228995,0
511739,0.0815878280115536,0.3354537328232688,0.0,0.5,0.5,0.0,0.0,0.4141105681093573,0.69823228777992,1.577882931182386,-0.2042491549703521,2.4424745961808583,0.0,0.4641630654510255,0.0,0.0,0.9568903945973102,0.4993911759824913,6
511757,-0.0839247720505603,-0.589715259924501,-1.5,-1.0,-1.0,0.0,0.0,-5.01837906474446,-0.658683161076804,-3.801784016923932,-1.7312471447788258,-5.8849491923617165,0.0,-1.945257774202184,0.0,0.0,,,1
511762,-0.5821840258877913,-0.4584993070321419,0.0,0.0,0.5,0.0,0.0,0.5205933553781293,-0.0955123664504794,0.0,0.3918561677430946,1.3087681003312956,0.0,-0.1695975135107168,0.0,1.2892242269941023,0.7903522850573635,0.5554746847321076,5
511764,0.5559119554400472,-0.1984164451611818,-1.0,-0.5,-0.5,0.0,0.0,-0.7009351911800297,-0.658683161076804,0.0,0.3100019998680502,0.0,0.0,0.4641630654510255,0.0,0.0,-0.4989485707437044,-0.3692258429168161,0
511772,-0.5758746863454215,-0.7292238865448002,0.0,0.5,0.5,0.0,1.3333333333333333,-0.2123810522025144,-0.0955123664504794,0.0,0.60981374613042,0.0,0.0,0.4641630654510255,0.0,0.0,0.1103111698709269,0.0480821011840559,5
511778,0.1316214806736528,0.3205839652723227,0.0,0.5,0.5,0.0,1.3333333333333333,0.4570631061463565,0.69823228777992,0.0,0.222498382100976,0.0,0.0,0.4641630654510255,0.0,0.0,0.4856034253387715,0.2208423768081645,5
511783,-0.0114217577775157,0.2291991117677428,0.5,1.0,0.5,0.0,1.0,-0.0021857299012968,-0.2218539557031286,0.0,-0.0833673107571263,0.0,0.0,0.0,1.4475677406305645,0.0,-0.0781528500912107,-0.4739359794678474,5
511784,-0.8256779223810709,0.9520966076976962,-1.0,0.0,0.0,3.0,2.0,-0.4623047574617973,1.491976942010319,2.2239010857415447,1.3100019998680503,0.0,1.0986122886681096,1.8735839051042344,0.0,0.0,0.3330672588003342,1.0171420315982305,5
511800,-2.604327855050644,0.5472599549180527,2.0,2.0,2.5,0.0,0.5714285714285712,1.1680894167938776,0.39646457555984,0.7323949782604657,-0.222498382100976,2.133706495849563,0.0,0.2065593450588091,0.0,0.598410269255311,1.092120499161103,1.12957546020944,5
511803,-0.6863062742965885,0.084613882090961,0.5,0.5,0.5,0.0,2.0,0.7614596152694408,-0.2218539557031286,1.223901085741545,0.3100019998680502,2.4424745961808583,0.0,-0.5358369345489745,1.4475677406305645,1.0,0.9121527064068572,0.7897032830435606,6
511805,-0.3292904402501106,-0.0347747680912913,0.5,1.0,1.0,0.0,0.0,0.507547940049412,0.1350614931535953,0.0,0.1763733206847534,0.0,0.0,0.4641630654510255,0.0,0.0,0.369849894830914,0.4306331587626754,5
511809,-0.4293577455743089,-0.4798342762580817,-0.5,-0.5,0.0,1.5,0.0,-0.2180171829458386,-0.658683161076804,0.0,-0.1423686188473956,1.8945304820059297,0.0,-0.5358369345489745,0.0,1.8170594925112875,-0.2092202923896615,-0.1279694321408756,2
511811,3.120520337071096,0.728145423941257,0.0,0.5,0.0,0.0,1.3333333333333333,-0.4473248357301356,-0.0955123664504794,0.8454879529219202,-0.5691161559187239,1.8945304820059297,0.0,-0.1695975135107168,1.8662394014360388,0.0,-0.5424699507933765,0.2652533825208848,6
511821,-0.1483396952989411,-1.209990462642304,-1.5,-1.0,-1.0,0.0,0.0,-5.01837906474446,-0.658683161076804,-3.801784016923932,-1.7312471447788258,-5.8849491923617165,0.0,-1.945257774202184,0.0,0.0,,,1
511827,-0.1972774513166547,0.8837977981322299,-0.5,0.0,0.0,1.0,1.3333333333333333,-0.2236912677174332,0.341316838923196,0.8454879529219202,1.055491476471528,0.0,0.6931471805599453,-0.5358369345489745,2.6303167041658844,1.8170594925112875,0.3754524624345734,-0.46383379935749,5
511851,-0.133958424712661,-0.4798342762580817,-0.5,0.0,0.0,0.0,0.0,-0.0824939353333797,-0.658683161076804,0.0,0.1763733206847534,0.0,0.0,0.4641630654510255,0.0,0.0,0.009105449224301,-0.8838292181942923,0
511859,-1.2540003562306965,-0.7292238865448002,0.0,0.0,0.5,0.0,1.3333333333333333,0.5551781719392171,0.341316838923196,-1.0,1.189120155654825,0.0,0.0,-0.1695975135107168,0.0,1.2892242269941023,1.0561198363285105,-0.6225527499688752,2
511860,0.7798430357723576,0.1978772796996186,0.5,0.5,1.0,0.0,0.0,0.5438069007810375,0.1350614931535953,-0.7323949782604657,-0.2363597157400465,0.0,0.0,0.0,0.0,1.0,-0.3436019862625545,-0.1170217909305871,5
511862,-1.1207320722741068,0.0511563914573724,0.5,1.0,1.0,0.0,1.0,0.0467050652015033,0.4368292053736752,0.6460181545591593,-0.2363597157400465,1.0,0.0,0.4641630654510255,0.0,0.0,-0.2214411686808034,0.4306005732946634,5
511878,2.5026864551642864,0.7772174909202333,-1.5,-1.0,-1.0,0.0,0.0,-5.01837906474446,-0.658683161076804,-3.801784016923932,-1.7312471447788258,-5.8849491923617165,0.0,-1.945257774202184,0.0,0.0,,,1
511884,0.3313910640472022,0.3648961975046188,0.5,1.0,1.0,0.0,0.0,0.5449509585324415,-0.2218539557031286,0.0,-0.4482343117054982,0.0,0.0,0.4641630654510255,0.0,0.0,0.1159916324912967,0.4812888944924247,5
511902,0.5143578267265202,0.5872879779418604,0.0,0.5,0.5,0.0,1.3333333333333333,0.2527059391481663,-0.0955123664504794,0.0,-0.2042491549703521,0.0,0.0,0.4641630654510255,0.0,0.0,-0.125007774227791,0.1295494962012123,5
511910,-0.4483066358375558,-1.0104087041727063,-1.0,-1.0,-0.5,0.0,0.0,-1.2554120094935366,-0.658683161076804,-3.801784016923932,1.189120155654825,0.0,0.0,-1.945257774202184,0.0,3.10628371950539,-0.3969658245311444,-5.846818380501243,3
511916,-0.099509754789593,-0.160989241751724,-0.5,0.0,-0.5,1.5,2.0,-0.5009628400646635,0.69823228777992,0.0,-0.8521289889920516,0.0,0.0,-0.5358369345489745,2.6303167041658844,0.0,-1.2925251577008516,-0.2646118386121763,0
511923,-0.5338630168902189,-0.658368006199544,-0.5,0.0,0.0,1.5,0.0,0.1676945449619792,0.1350614931535953,0.0,-0.5691161559187239,0.0,0.0,0.4641630654510255,0.0,0.0,-0.3419471222632962,-0.1957164249029815,0
511936,0.768061385847195,0.1978772796996186,0.0,0.0,0.0,0.0,0.0,-0.3493192428921639,-0.0955123664504794,-1.0,0.8242531547064528,0.0,0.0,-0.9452577742021836,1.8662394014360388,1.2892242269941023,-0.118510601048436,-0.0309431446314193,2
511943,-0.2436797855732951,-0.0879858281037825,0.0,0.0,0.5,1.0,1.3333333333333333,0.3029315109427162,-0.658683161076804,-1.0,0.1285072852083251,1.3087681003312956,0.0,-0.1695975135107168,0.0,1.2892242269941023,0.8547199187167834,-1.2302619566120945,2
511977,-1.884190515710166,1.1245277566605365,-0.5,0.5,0.0,1.0,1.3333333333333333,-0.7908270795063252,-0.0955123664504794,0.0,-0.3378778341536493,0.0,0.6931471805599453,0.4641630654510255,2.6303167041658844,0.0,-1.0527391460374853,1.1458942066257392,0
511989,-0.0427991122583487,-1.2400338123026975,-1.5,-1.0,-1.0,0.0,0.0,-5.01837906474446,-0.658683161076804,-3.801784016923932,-1.7312471447788258,-5.8849491923617165,0.0,-1.945257774202184,0.0,0.0,,,1
511996,-0.2859693361545277,-0.6123631726854253,0.0,0.0,0.5,0.0,2.6666666666666665,0.0650897597231013,0.341316838923196,-1.0,-0.8521289889920516,0.0,0.0,-0.1695975135107168,0.0,1.2892242269941023,-0.9666304285435852,-0.6512358781477651,2
511998,-1.348746936987948,-0.6817349135302966,-0.5,0.0,0.0,0.0,0.0,-0.7797400984355424,-0.658683161076804,0.0,-0.3378778341536493,0.0,0.0,0.4641630654510255,0.0,0.0,-1.1306751489814553,-0.2271640406348248,0
512009,0.6319635767145821,-0.4164379946042029,0.0,0.5,0.0,0.0,0.0,-0.7110263106475204,0.69823228777992,0.8454879529219202,0.7367495369393785,1.8945304820059297,0.0,-0.1695975135107168,1.8662394014360388,0.0,-0.1233174673465198,0.2964591126473964,6
512010,0.1595917786332844,-0.1425108733599631,0.0,0.0,0.5,0.0,1.3333333333333333,0.2687254027308957,-0.0955123664504794,0.0,0.60981374613042,1.3087681003312956,0.0,-0.1695975135107168,0.0,1.2892242269941023,0.1821561628372458,-0.1098381739618488,2
512016,0.4383239604537428,-0.160989241751724,-0.5,-0.5,-0.5,0.0,2.0,-0.329723047939766,-0.658683161076804,-1.577882931182386,1.055491476471528,3.4424745961808574,0.0,-1.945257774202184,2.6303167041658844,1.8170594925112875,0.7328172136911321,-0.9177907980671832,2
512024,1.1231242529793526,0.5606834135017086,-0.5,-0.5,0.0,0.0,0.0,-0.144937194427998,-0.658683161076804,1.223901085741545,0.6427584400467276,3.4424745961808574,0.0,-0.5358369345489745,0.0,1.8170594925112875,0.3931396639034525,0.4926206152799864,6
512028,0.8843483070882675,0.1500453992945883,-0.5,0.0,0.0,0.0,0.0,-0.7367958543838122,0.1350614931535953,0.0,-1.2169959899404237,0.0,0.0,0.4641630654510255,0.0,0.0,-2.171011025475024,-0.1826766275432493,0
512060,0.1103508406522334,0.1011544248762458,0.0,0.0,0.5,1.0,1.3333333333333333,0.3120243877222771,0.341316838923196,-1.0,0.0269891667947226,0.0,0.0,-0.1695975135107168,0.0,1.2892242269941023,0.1030629604885665,-0.0771610063563177,2
512063,-1.1861165310721564,-0.4798342762580817,-1.0,-0.5,-0.5,3.0,0.0,-0.7579944165917915,-0.658683161076804,2.2239010857415447,-0.3378778341536493,3.4424745961808574,0.0,0.4641630654510255,0.0,0.0,-0.54612140639636,-0.3535578751099863,6
512069,0.3219186297891719,0.7650513326678573,1.0,1.5,1.5,1.2000000000000002,0.8,0.6581785449791243,0.0,1.0,0.1478710110079485,1.5479441141749286,0.0,0.4641630654510255,0.0,0.0,0.7258005943782291,0.84910235463405,5
512078,0.4980909176157393,-0.3146618177495106,-0.5,0.0,0.0,0.0,0.0,0.0487677306243735,0.69823228777992,0.0,-0.5691161559187239,0.0,0.0,0.4641630654510255,0.0,0.0,-0.594356548730268,-0.235352758807957,0
512099,0.6583545112184155,0.5337543951599557,0.5,1.0,0.5,0.75,2.0,-0.1659376186237856,0.69823228777992,0.0,0.3100019998680502,0.0,0.0,0.0,1.4475677406305645,0.0,-0.1312613897282427,0.6107395179491277,5
512103,1.843664833827613,1.0074416636596677,0.0,1.0,0.5,1.5,1.0,0.0257958432947767,0.9288061473839948,2.2239010857415447,-0.5691161559187239,0.0,0.5108256237659907,0.4641630654510255,1.8662394014360388,0.0,-0.6966985023714617,1.101325970689586,5
512144,0.044966381854183,-1.0937450900539751,-1.5,-1.0,-1.0,0.0,0.0,-5.01837906474446,-0.658683161076804,-3.801784016923932,-1.7312471447788258,-5.8849491923617165,0.0,-1.945257774202184,0.0,0.0,,,1
512147,-1.527783866102313,1.7906572897855868,0.0,0.0,1.0,0.75,1.0,0.0151433827745718,0.1350614931535953,1.223901085741545,0.3100019998680502,4.12205215357249,0.5108256237659907,-0.1695975135107168,0.0,2.2892242269941026,0.5387584433417986,0.8128054811624543,6
512148,0.1734134609439123,-1.332697148215006,-1.0,-1.0,-0.5,0.0,0.0,-0.9500496134530128,-0.658683161076804,-3.801784016923932,0.0269891667947226,0.0,0.0,-1.945257774202184,0.0,3.10628371950539,-0.9040295682741992,-5.846818380501243,3
512163,-0.2049274726775389,-0.6817349135302966,-0.5,-0.5,0.0,1.5,2.0,-0.1956953900386035,0.1350614931535953,-1.577882931182386,0.7367495369393785,0.0,0.0,-0.5358369345489745,0.0,1.8170594925112875,0.0938672832960846,-0.6194781989137395,2
512173,-0.5338630168902189,-0.3146618177495106,0.5,1.0,0.5,0.0,2.0,0.3503309115823942,0.1350614931535953,1.223901085741545,0.9061073225814968,1.3087681003312956,0.0,0.0,1.4475677406305645,0.0,0.9860313353254788,1.140041740513581,5
512190,-0.6286095976474712,0.1978772796996186,-1.0,-1.0,-0.5,0.0,0.0,-1.275008204445934,-0.658683161076804,-3.801784016923932,2.0031830567555966,3.4424745961808574,0.0,-1.945257774202184,0.0,3.10628371950539,0.5472918437112145,-5.846818380501243,3
512193,-1.2310829129263403,-1.462625924074788,-1.0,-0.5,-0.5,0.0,0.0,-1.8491978483998872,-0.658683161076804,0.0,1.055491476471528,0.0,0.0,0.4641630654510255,0.0,0.0,-0.9744052907902246,-0.8377779104423732,0
512197,-1.7420284865122029,0.5606834135017086,0.5,0.5,1.0,0.0,0.0,0.1623105112791227,-0.2218539557031286,-0.7323949782604657,0.7812558369313752,0.0,0.0,0.0,0.0,1.0,0.4092689764062484,0.2655170510544571,5
512201,0.7048919477645138,0.3502240363019069,0.5,1.0,0.5,0.0,1.0,0.2781929001380224,0.4368292053736752,0.0,0.3100019998680502,0.0,0.0,0.0,1.4475677406305645,0.0,0.2471625900765907,0.668060095252043,5
512204,-0.7315590971179934,0.7031942868616717,0.5,1.0,1.0,0.75,1.0,0.5851354508204023,0.1350614931535953,0.0,-0.2363597157400465,0.0,0.0,0.4641630654510255,0.0,0.0,0.2970244463214181,0.3032014352232569,5
512243,2.174412383859126,1.469354407972039,0.0,0.0,0.5,1.0,0.0,0.7161118999737273,-0.0955123664504794,-1.0,0.0269891667947226,0.0,0.0,-0.1695975135107168,0.0,1.2892242269941023,0.2548236337833889,-0.2309654392356397,2
512249,-0.093499335471865,-1.0937450900539751,-1.5,-1.0,-1.0,0.0,0.0,-5.01837906474446,-0.658683161076804,-3.801784016923932,-1.7312471447788258,-5.8849491923617165,0.0,-1.945257774202184,0.0,0.0,,,1
512266,1.250895931929087,1.0720751208824848,0.0,0.5,0.5,0.0,0.0,0.3195275397461404,0.341316838923196,0.0,-0.3378778341536493,0.0,0.0,0.4641630654510255,0.0,0.0,0.059529672052319,-0.3293109887020435,5
512271,-1.1713772164944602,0.3502240363019069,1.5,1.5,0.5,0.4999999999999998,0.0,-0.1606382401211373,0.1350614931535953,0.4390194395059628,0.95788183388975,2.4424745961808583,0.0,-0.9452577742021836,2.6303167041658844,0.690813957738791,0.5008433286216101,1.0635612840509907,5
512283,-0.1176640240616086,1.1656108419263886,1.0,1.5,1.5,0.6000000000000001,0.0,0.6161679787059933,0.0,0.0,-0.7312471447788259,0.0,0.0,0.4641630654510255,0.0,0.0,-0.2955975144699341,0.1193944213910256,5
512289,0.5222943483873299,-0.2948576299622514,-0.5,0.0,-0.5,1.5,0.0,-0.5373396431954355,0.1350614931535953,0.0,0.3100019998680502,0.0,0.0,-0.5358369345489745,2.6303167041658844,0.0,-0.3637746871450615,-0.0149534774964884,0
512294,0.3963201768067612,0.8370626750721992,1.0,1.0,1.5,0.0,0.0,0.6160944319946661,0.4919769420103195,0.0,-0.1791334945787352,0.8092012510390698,0.0,0.0979236444127681,0.0,0.8170594925112873,-0.0367082448965952,0.6358859132783327,5
512295,-2.4621658258526806,0.3794715120532125,1.0,1.5,1.0,0.6000000000000001,0.8,0.54151411459228,0.0,0.5227586988632229,-0.4482343117054982,0.0,0.0,0.0979236444127681,1.18274896353532,0.0,-0.0527503803967957,0.6939708960209411,5
512301,-0.899691848879138,0.0511563914573724,1.0,1.0,0.5,0.0,1.6,0.0870284722896642,0.69823228777992,-0.5778829311823854,-0.0833673107571263,0.0,0.0,-0.7756602606914664,2.18274896353532,0.8170594925112873,-0.1664777305537385,0.197467368338009,5
512302,0.5363790947898848,-0.0701059560259865,0.5,0.5,0.0,0.0,1.0,-0.0946178625527365,-0.2218539557031286,-0.7323949782604657,-0.3378778341536493,0.0,0.0,-1.169597513510717,2.6303167041658844,1.0,-0.6249950701561647,-0.4887265773897678,0
512303,0.0169960838945513,-0.0347747680912913,0.5,0.5,0.5,0.0,3.0,0.0751327678248068,0.1350614931535953,1.223901085741545,0.3100019998680502,1.3087681003312956,0.0,-0.5358369345489745,1.4475677406305645,1.0,0.1883574285878805,0.4397944355375308,5
512305,1.2004601334001264,0.6004710149305419,-0.5,-1.0,0.0,0.0,0.0,0.0487677306243735,-0.658683161076804,-3.801784016923932,0.4308838440812761,0.0,0.0,-1.945257774202184,0.0,3.10628371950539,0.1705720377123993,-5.846818380501243,3
512322,-2.09338228146478,0.8488395143843301,1.0,1.0,1.0,1.2000000000000002,0.0,0.3924696121650622,-0.658683161076804,0.5227586988632229,-0.2363597157400465,1.8945304820059297,0.0,-0.311497195240441,1.18274896353532,0.8170594925112873,0.1017567352610275,0.7691957893545993,5
512329,-1.3245822483982044,0.2446949798295298,1.5,2.0,2.0,1.0,0.6666666666666664,0.7694415516108538,-0.658683161076804,0.0,-0.2693044096563544,0.0,0.0,0.4641630654510255,0.0,0.0,0.1587108030374473,-0.044968481758281,5
512362,-0.5727284017079248,-0.1425108733599631,0.0,0.5,0.5,1.0,0.0,-0.0154205319084055,0.341316838923196,0.0,-0.3378778341536493,0.0,0.0,0.4641630654510255,0.0,0.0,-0.6683378960487724,-0.0848185637757415,0
512377,0.242277988173453,1.3788436992524111,-0.5,0.5,0.5,1.0,1.3333333333333333,0.8203052776461397,0.69823228777992,0.0,0.60981374613042,0.0,0.6931471805599453,1.2398233261424922,0.0,0.0,0.9277564759411095,-0.919534149970596,5
512392,-0.018310236535641,-0.2948576299622514,0.0,0.5,0.5,1.0,0.0,-0.3362046060884055,0.341316838923196,0.0,0.3918561677430946,0.0,0.0,0.4641630654510255,0.0,0.0,-0.1547704112989361,-0.0784620938149558,0
512397,0.7502410636387984,0.2291991117677428,-1.5,-1.0,-1.0,0.0,0.0,-5.01837906474446,-0.658683161076804,-3.801784016923932,-1.7312471447788258,-5.8849491923617165,0.0,-1.945257774202184,0.0,0.0,,,1
512402,-0.8329420519894543,-0.7053517390478198,-1.0,-0.5,-0.5,0.0,0.0,-0.6016913932633047,-0.658683161076804,0.0,-0.8521289889920516,0.0,0.0,0.4641630654510255,0.0,0.0,-1.3754162931493108,-0.3778413803357951,0
512416,1.05152840338768,0.2905406156119291,-1.0,-1.0,-0.5,0.0,0.0,-0.1820387150016389,-0.658683161076804,-3.801784016923932,1.055491476471528,0.0,0.0,-1.945257774202184,0.0,3.10628371950539,0.4098281600547477,-5.846818380501243,3
512418,-0.2006733934858729,0.1661047583479931,-0.5,0.0,0.0,0.0,0.0,0.0279102695096463,-0.658683161076804,3.801784016923932,0.5412403216331251,5.8849491923617165,0.0,0.4641630654510255,0.0,0.0,1.0187977768360084,0.4643302984129323,6
512419,-0.9475674487685556,-0.8526164401574539,0.0,0.5,0.5,0.0,0.0,0.3165342918222923,1.2614030824062443,2.2239010857415447,0.222498382100976,3.4424745961808574,0.0,0.4641630654510255,0.0,0.0,0.6654486466785607,0.1722287785224085,6
512440,-0.2436797855732951,0.4226289536358835,0.0,0.5,0.5,0.0,0.0,0.8228329224377878,0.341316838923196,0.0,-0.2042491549703521,0.0,0.0,0.4641630654510255,0.0,0.0,0.4635671234238556,-0.330052567238542,5
512443,-0.1176640240616086,-0.589715259924501,-0.5,0.0,0.0,0.0,2.0,0.0065233750692196,0.1350614931535953,0.0,-0.5691161559187239,0.0,0.0,0.4641630654510255,0.0,0.0,-0.5148843989013986,-0.8698706455389065,0
512447,-0.4192376201111174,-1.2400338123026975,-0.5,-0.5,0.0,1.5,0.0,-0.5624937023138106,0.1350614931535953,1.223901085741545,0.9061073225814968,3.4424745961808574,0.0,-0.5358369345489745,0.0,1.8170594925112875,0.1299401636032162,0.2473925738379684,6
512463,0.2243074077441219,0.5201657237419183,0.5,1.0,0.5,0.0,0.0,0.340187730055233,0.4368292053736752,0.6460181545591593,0.222498382100976,1.3087681003312956,0.0,0.0,1.4475677406305645,0.0,-0.1910342401980969,0.6953815920280519,5
512495,-1.61040700583855,-0.1425108733599631,1.5,1.0,2.0,0.0,0.0,0.802926689123718,-0.0955123664504794,-0.4772413011367771,0.7957508450296478,0.6795775573916313,0.0,-0.1695975135107168,0.0,1.2892242269941023,1.0241190965101103,-0.2507255737834574,5
512529,-0.6269883495080566,-0.589715259924501,-1.5,-1.0,-1.0,0.0,0.0,-5.01837906474446,-0.658683161076804,-3.801784016923932,-1.7312471447788258,-5.8849491923617165,0.0,-1.945257774202184,0.0,0.0,,,1
512536,1.1790964538955455,0.6395543739241726,-0.5,0.0,0.0,0.0,0.0,-0.4970162361072746,0.1350614931535953,1.223901085741545,0.1763733206847534,1.8945304820059297,0.0,0.4641630654510255,0.0,0.0,-0.1572987192471922,0.0232401477357601,6
512552,-1.3814866145161429,-1.4963388252848984,-0.5,0.0,0.0,1.5,0.0,-0.73157851013244,0.1350614931535953,0.0,-0.3378778341536493,0.0,0.0,0.4641630654510255,0.0,0.0,-1.0038261513072058,-0.2217093501304752,0
512556,-0.142162029197963,0.6779579877571728,1.0,1.0,1.5,0.0,0.0,1.0146838254114152,0.2614030824062447,0.5227586988632229,0.0888697029176791,1.5479441141749286,0.0,0.0979236444127681,0.0,0.8170594925112873,1.2791569796035762,0.7576592376804548,5
512558,1.2907886093582202,1.8954706254192453,0.5,1.5,1.5,0.6000000000000001,1.6,0.7327426715213872,0.0,1.4390194395059634,-0.7312471447788259,2.227521671566561,0.4054651081081644,0.8735839051042346,0.0,0.0,0.2387009012382743,0.63869053508235,5
512587,0.5746832291009761,-0.0173189290703666,-0.5,0.0,0.0,0.0,0.0,-0.5796901849871293,0.69823228777992,0.0,-0.3378778341536493,0.0,0.0,0.4641630654510255,0.0,0.0,-0.913387168953076,0.1959813663303289,0
512589,0.138655459029492,-0.0523696989290143,0.5,1.0,1.0,0.0,0.0,0.0909566770942003,-0.658683161076804,0.0,-0.702744835102021,0.0,0.0,0.4641630654510255,0.0,0.0,-0.6210285942040015,-0.2186694259486852,5
512596,-0.1545389239780106,0.2135937313624968,1.0,1.0,1.0,0.0,0.0,0.5345980833883642,-0.30176771222008,-0.5778829311823854,0.0269891667947226,0.0,0.0,-0.311497195240441,1.18274896353532,0.8170594925112873,0.3868125652098897,0.3747337683694567,5
512598,-0.7201373393404769,0.9744013643849618,1.0,1.5,1.0,0.0,0.0,0.4646427531003592,0.2614030824062447,0.5227586988632229,0.0269891667947226,1.0,0.0,0.0979236444127681,1.18274896353532,0.0,0.2832409298300506,0.3051288506914719,5
512610,-1.4574349784892098,0.3205839652723227,1.5,2.0,0.5,0.4999999999999998,0.0,0.3965698558009484,0.1350614931535953,0.4390194395059628,-0.4872619880436798,1.3087681003312956,0.0,-0.5358369345489745,2.6303167041658844,0.0,-0.0914997060900918,0.8315458848648234,5
512623,-0.3306613991861102,-1.6365860878501548,-1.5,-1.0,-1.0,0.0,0.0,-5.01837906474446,-0.658683161076804,-3.801784016923932,-1.7312471447788258,-5.8849491923617165,0.0,-1.945257774202184,0.0,0.0,,,1
512628,0.7427628327447111,0.1338683882105274,0.5,0.5,1.0,0.0,1.0,0.427359243645891,0.1350614931535953,-0.7323949782604657,0.1038793384945924,0.0,0.0,0.0,0.0,1.0,0.3368035283878167,0.2089814532828435,5
512631,0.9610903910754603,0.4649590448526473,0.0,0.5,0.5,0.0,4.0,-0.0402378076159011,0.341316838923196,1.577882931182386,-0.8521289889920516,2.4424745961808583,0.0,0.4641630654510255,0.0,0.0,-0.9183983787907624,0.1907454888636061,6
512655,2.28261131631402,1.688664106185414,0.5,1.0,0.5,0.75,1.0,0.1605081610636437,-0.2218539557031286,0.6460181545591593,-0.6566197736857983,1.3087681003312956,0.0,0.0,1.4475677406305645,0.0,-0.47296033527051,0.0743759586954967,5
512671,0.2442635414416244,0.3205839652723227,1.0,1.5,1.5,0.0,0.0,0.7104287992929661,-0.30176771222008,0.0,-0.1791334945787352,0.0,0.0,0.4641630654510255,0.0,0.0,0.0354954807491515,0.381358993424737,5
512677,0.0974650969708461,-1.151102915861414,-1.0,-0.5,-1.0,0.0,0.0,-5.01837906474446,-0.658683161076804,0.0,-1.7312471447788258,-5.8849491923617165,0.0,-1.945257774202184,4.496556105601924,0.0,-5.009979129451652,-1.282853048725895,4
512680,0.1368995743452979,-0.5013773948113078,-1.0,-0.5,-0.5,0.0,0.0,-0.7687971082062188,-0.658683161076804,0.0,0.0269891667947226,0.0,0.0,0.4641630654510255,0.0,0.0,-0.754154766685177,-0.4102414102342652,0
512691,-0.2436797855732951,-0.0523696989290143,-0.5,0.0,0.0,0.0,2.0,-0.4698957854209191,-0.658683161076804,0.0,-0.3378778341536493,0.0,0.0,0.4641630654510255,0.0,0.0,-0.8583505007137396,0.2110353351873343,0
512693,0.4054049905452702,0.9964830697690392,0.5,1.0,1.0,0.0,0.0,0.2297543690536391,-0.2218539557031286,0.6460181545591593,0.1763733206847534,1.0,0.0,0.4641630654510255,0.0,0.0,0.1578270459451951,-0.2215226825896405,5
512695,0.7798430357723576,0.4083366568994223,1.0,1.5,0.5,0.6000000000000001,0.0,-0.0176466848663658,0.0,0.0,-0.4872619880436798,0.0,0.0,-0.311497195240441,2.18274896353532,0.0,-0.6136520598838991,0.2416508963082798,5
512696,0.0338310650438883,0.3502240363019069,0.0,-0.5,0.5,1.0,0.0,0.479600514019741,-0.0955123664504794,-2.223901085741545,1.230707468388949,1.3087681003312956,0.0,-0.9452577742021836,0.0,2.2892242269941026,1.3133976189393182,-0.2253809922382053,2
512704,0.3810747852307988,-0.1984164451611818,-1.0,-0.5,-1.0,3.0,0.0,-5.01837906474446,-0.658683161076804,0.0,-1.7312471447788258,-5.8849491923617165,0.0,-1.945257774202184,4.496556105601924,0.0,-5.009979129451652,-0.7753706899768104,4
512706,-0.0602117734301469,0.2446949798295298,0.5,0.5,1.0,0.75,1.0,0.7987073593031884,0.1350614931535953,0.6460181545591593,0.2449467451820483,1.8945304820059297,0.0,0.0,0.0,1.0,0.9187600558359276,0.5098829292802112,5
512780,0.3687835443878995,0.1338683882105274,0.0,0.0,0.5,1.0,1.3333333333333333,0.6886076530737741,-0.0955123664504794,-1.0,0.222498382100976,0.0,0.0,-0.1695975135107168,0.0,1.2892242269941023,0.5847693249199822,-0.1809618513435686,2
512786,0.2243074077441219,0.3648961975046188,0.5,1.0,1.0,0.0,0.0,0.263951461323235,0.1350614931535953,0.0,0.7367495369393785,0.0,0.0,0.4641630654510255,0.0,0.0,0.5910385002563493,0.3640322441184567,5
512787,0.0338310650438883,0.6395543739241726,0.5,1.0,1.0,0.75,1.0,0.1026325923904887,-0.2218539557031286,1.223901085741545,-0.2363597157400465,1.8945304820059297,0.0,0.4641630654510255,0.0,0.0,-0.2609209046438022,0.5183823769065277,6
512791,-0.2699925218508799,-0.4798342762580817,0.0,0.5,0.5,1.0,0.0,-0.0288665364577208,0.69823228777992,0.8454879529219202,-0.2042491549703521,1.3087681003312956,0.0,0.4641630654510255,0.0,0.0,-0.5242806185143547,0.1417137729964584,6
512801,-0.0114217577775157,0.5872879779418604,2.0,2.5,2.0,0.0,0.0,0.5883992318067482,0.0395491267031159,0.0,-0.2042491549703521,0.0,0.0,0.2065593450588091,0.8662394014360383,0.0,-0.0749964708440246,1.1746529648890245,5
512826,1.0889208837283773,0.2135937313624968,0.5,1.0,0.0,0.0,0.0,-0.6909634960489951,0.69823228777992,1.223901085741545,-0.3378778341536493,0.0,0.0,-0.5358369345489745,2.6303167041658844,0.0,-0.8660509983858266,0.6010951437301287,0
512831,-0.6696293704214786,-0.2364889768829301,0.5,0.5,0.0,0.0,1.0,0.3430982628437193,0.4368292053736752,0.6460181545591593,-0.3378778341536493,0.0,0.0,-1.169597513510717,2.6303167041658844,1.0,-0.1491152017189225,0.6985253350961285,5
512835,-0.899691848879138,0.0,1.0,1.5,1.5,0.6000000000000001,0.8,0.8195958460936642,-0.30176771222008,1.4390194395059634,0.0888697029176791,2.227521671566561,0.0,0.4641630654510255,0.0,0.0,1.0418222179739431,1.0693650137696602,6
512846,0.9544508423584548,0.9520966076976962,0.5,1.0,0.5,0.0,1.0,0.1006978076036124,-0.658683161076804,0.0,-0.3378778341536493,0.0,0.0,0.0,1.4475677406305645,0.0,-0.4313557328082016,0.3573001187569979,5
512848,-1.3980855877967648,0.0171841500464987,0.0,0.0,0.5,0.0,1.3333333333333333,-0.1527511459868734,-0.658683161076804,-1.0,-0.3378778341536493,0.0,0.0,-0.1695975135107168,0.0,1.2892242269941023,-0.571543761699831,-0.5070977483460881,2
512880,-1.6852608837419163,-1.825432057876876,-0.5,0.0,-0.5,0.0,2.0,-0.8789838963522666,0.1350614931535953,0.0,0.0269891667947226,0.0,0.0,-0.5358369345489745,2.6303167041658844,0.0,-0.8452478074560966,-0.7811738189742397,0
512887,0.7847290834574784,0.6779579877571728,0.0,0.5,0.5,3.0,0.0,0.5585598423156307,0.341316838923196,0.0,-0.0833673107571263,0.0,0.0,0.4641630654510255,0.0,0.0,-0.0361763018812005,0.2441955122713129,5
512888,-0.7616040605285349,-0.8781444948462946,0.0,0.0,0.5,1.0,0.0,0.3210201856714035,-0.0955123664504794,-1.0,0.9061073225814968,1.3087681003312956,0.0,-0.1695975135107168,0.0,1.2892242269941023,0.8067844199145539,-0.2796515287685099,2
512900,-1.277217382434204,-0.7053517390478198,0.5,-0.5,1.0,0.75,1.0,0.3416442531568319,-0.658683161076804,-2.5778829311823865,0.8242531547064528,1.0,0.0,-1.169597513510717,0.0,2.5078734502500786,0.8285433176520376,-0.8345167789445304,2
512904,-1.1861165310721564,-0.1060116599355281,1.0,1.0,1.5,0.0,0.8,0.843195026220391,0.69823228777992,-0.5778829311823854,0.8072287460232249,0.0,0.0,0.0979236444127681,0.0,0.8170594925112873,1.0200739864411836,0.4632019352204777,5
512922,1.2907886093582202,0.2905406156119291,-0.5,0.0,-0.5,0.0,2.0,-0.5710480743108943,0.69823228777992,0.0,-1.7312471447788258,0.0,0.0,-0.5358369345489745,2.6303167041658844,0.0,-5.009979129451652,-0.2831177696253866,0
512928,1.4453275333362292,1.8135399001219947,-1.0,0.0,0.0,3.0,2.0,-0.1094006698719756,0.69823228777992,2.2239010857415447,1.7852254783682713,0.0,1.0986122886681096,1.8735839051042344,0.0,0.0,0.9055146061479344,1.039882087773098,5
512943,0.4706438752099307,-0.3548111444861987,0.5,1.0,0.0,0.0,0.0,0.3828240631207255,0.1350614931535953,0.0,-0.3378778341536493,0.0,0.0,-0.5358369345489745,2.6303167041658844,0.0,-0.0214452051688168,0.4689067752865042,5
512945,0.6622795453316629,-0.1425108733599631,0.0,0.0,0.0,0.0,0.0,-0.2497083796660127,-0.658683161076804,-1.0,1.1240649009688228,0.0,0.0,-0.9452577742021836,1.8662394014360388,1.2892242269941023,0.4897251691979977,0.0157741073758001,2
512974,0.6661959244563824,0.4927349096618701,0.0,-0.5,0.0,1.0,1.3333333333333333,-0.2526493892991873,-0.658683161076804,-2.223901085741545,0.7367495369393785,0.0,0.0,-1.945257774202184,1.8662394014360388,2.2892242269941026,0.0750111948816599,-0.0612753370945125,2
512976,-0.9123330212005406,0.4927349096618701,1.0,1.0,1.5,0.0,0.0,0.7000978093685838,0.0,1.4390194395059634,0.407611642449828,3.4424745961808574,0.0,0.0979236444127681,0.0,0.8170594925112873,1.1865223700680292,1.1962302859883478,6
512984,1.2480789968208916,0.3354537328232688,0.0,0.0,0.5,0.0,0.0,0.4312935624100654,-0.0955123664504794,-1.0,-0.3378778341536493,0.0,0.0,-0.1695975135107168,0.0,1.2892242269941023,-0.0452753059907008,0.0573185419979952,2
512999,-1.3245822483982044,-0.2752294817283874,0.0,0.5,0.0,0.0,0.0,-0.2826382628560088,0.341316838923196,0.8454879529219202,-0.5691161559187239,0.0,0.0,-0.1695975135107168,1.8662394014360388,0.0,-0.695321366493633,0.4161629201522248,0
513004,-0.0344880198186815,0.5201657237419183,0.5,1.0,0.5,0.0,0.0,0.050825359008231,0.1350614931535953,0.0,0.5412403216331251,0.0,0.0,0.0,1.4475677406305645,0.0,0.2975175512514518,0.4329002210282167,5
513005,0.0582372571474026,-0.6352457830218333,-1.0,-0.5,-0.5,3.0,4.0,-0.5710480743108943,0.69823228777992,0.0,-0.8521289889920516,0.0,0.0,0.4641630654510255,0.0,0.0,-1.4228621351531976,-3.4396727468267048,0
513006,0.9821716737521304,0.9854698193237402,-0.5,0.0,0.0,0.0,2.0,-0.4436211005163201,0.69823228777992,1.223901085741545,0.3100019998680502,1.8945304820059297,0.0,0.4641630654510255,0.0,0.0,-0.2115445754832197,0.2886117181469719,6
513026,1.2907886093582202,0.3056133849682904,0.0,0.5,0.5,1.0,0.0,0.4087522136159723,-0.0955123664504794,0.0,0.60981374613042,0.0,0.0,0.4641630654510255,0.0,0.0,0.5806309849950346,-0.3028036641579964,5
513030,-0.0229174433043562,-0.5672972791819948,0.0,0.5,0.5,0.0,0.0,0.1975708193421089,-0.658683161076804,0.0,0.3100019998680502,0.0,0.0,0.4641630654510255,0.0,0.0,0.3143986095881571,-0.3791735258708282,5
513031,-0.2832965332221107,-0.7533569369943934,0.0,0.0,0.0,1.0,0.0,0.0384035359383385,0.341316838923196,-1.0,0.3100019998680502,1.8945304820059297,0.0,-0.9452577742021836,1.8662394014360388,1.2892242269941023,0.5394542664674868,-0.2565519299100896,2
513058,0.476457553767181,1.313203770779006,1.5,1.5,0.5,0.0,1.3333333333333333,-0.0705419845212851,-0.0955123664504794,0.0,0.222498382100976,1.3087681003312956,0.0,-0.9452577742021836,2.6303167041658844,0.690813957738791,0.1826992965086034,0.6051766854214905,5
513089,0.4099300304793652,0.2291991117677428,0.0,-0.5,0.5,1.0,1.3333333333333333,-0.1712705377199262,-0.0955123664504794,-2.223901085741545,1.1016165378877505,0.0,0.0,-0.9452577742021836,0.0,2.2892242269941026,0.3332545512031907,-1.2592574418729674,2
513090,0.3841343505238492,-0.0701059560259865,-0.5,0.0,-0.5,3.0,0.0,-1.4881826638675812,1.1350614931535954,1.223901085741545,-0.8521289889920516,0.0,0.0,-0.5358369345489745,2.6303167041658844,0.0,-2.1049241203949336,0.1077621096925138,0
513091,0.2607240597573156,-0.6817349135302966,-1.5,-1.0,-1.0,0.0,0.0,-5.01837906474446,-0.658683161076804,-3.801784016923932,-1.7312471447788258,-5.8849491923617165,0.0,-1.945257774202184,0.0,0.0,,,1
513093,0.1049931376047629,0.1661047583479931,0.5,0.0,1.0,0.75,1.0,0.8982744484387901,-0.658683161076804,-1.577882931182386,0.3718825359910068,1.0,0.0,-0.5358369345489745,0.0,1.8170594925112875,1.4410625307061833,-0.2626264336760094,2
513096,-1.116457516147238,-1.1222377710152045,-0.5,0.0,-0.5,0.0,0.0,-0.6197155758110998,1.1350614931535954,1.223901085741545,-0.3378778341536493,0.0,0.0,-0.5358369345489745,2.6303167041658844,0.0,-0.9115055187167672,0.0861359105598124,0
513103,0.0779594769776433,0.0511563914573724,0.0,0.5,0.5,1.0,0.0,0.0108444019977208,-0.0955123664504794,0.8454879529219202,-0.2042491549703521,1.3087681003312956,0.0,0.4641630654510255,0.0,0.0,-0.1245244087940935,0.5494059262719664,6
513126,-0.2699925218508799,0.1011544248762458,1.0,1.5,1.5,1.2000000000000002,0.0,0.6749327991087344,0.0,0.0,0.2582274885597975,0.0,0.0,0.4641630654510255,0.0,0.0,0.1378166986943661,0.4000818735157565,5
513138,-0.4149180138957635,-1.565349196005918,-1.5,-1.0,-1.0,0.0,0.0,-5.01837906474446,-0.658683161076804,-3.801784016923932,-1.7312471447788258,-5.8849491923617165,0.0,-1.945257774202184,0.0,0.0,,,1
513164,-1.383139548291477,-1.151102915861414,-0.5,0.0,-0.5,0.0,2.0,-1.129685880855539,-0.658683161076804,0.0,0.3100019998680502,0.0,0.0,-0.5358369345489745,2.6303167041658844,0.0,-0.8538400820447045,-0.9514023201900036,0
513206,-0.5508591007847717,-1.7863486988832475,-1.5,-1.0,-1.0,0.0,0.0,-5.01837906474446,-0.658683161076804,-3.801784016923932,-1.7312471447788258,-5.8849491923617165,0.0,-1.945257774202184,0.0,0.0,,,1
513216,1.6364879034716104,1.195929196523542,0.5,1.0,0.5,0.75,1.0,-0.0946178625527365,0.1350614931535953,0.0,0.3918561677430946,0.0,0.0,0.0,1.4475677406305645,0.0,0.0916597434290407,0.1246658913089367,5
513220,0.3749397973918489,0.9520966076976962,1.0,1.5,1.5,1.8,0.8,0.9771511664320204,0.0,0.0,0.0269891667947226,0.0,0.0,0.4641630654510255,0.0,0.0,0.7475087503014791,0.2107191344529992,5
513221,0.8118452928152229,-0.3346452313910828,-1.0,-0.5,-0.5,0.0,0.0,-1.208327224409779,-0.658683161076804,2.2239010857415447,0.7367495369393785,3.4424745961808574,0.0,0.4641630654510255,0.0,0.0,-0.1585663387712808,-0.2019298416371905,6
513227,0.3626058782869214,0.7031942868616717,-0.5,0.0,0.0,0.0,0.0,0.0384035359383385,-0.658683161076804,0.0,0.0269891667947226,0.0,0.0,0.4641630654510255,0.0,0.0,-0.2230057899236131,0.0664810081041182,0
513233,-0.3793240929122098,-0.2557742709686207,0.0,0.0,0.5,0.0,1.3333333333333333,-0.0333966463183919,0.341316838923196,-1.0,-0.2042491549703521,2.4424745961808583,0.0,-0.1695975135107168,0.0,1.2892242269941023,0.4533458262389571,-0.216184978799597,2
513236,-7.737851272510618,0.6135758138503429,2.5,2.0,3.0,0.0,0.5,1.0067905742049852,-0.4281093014727292,0.3325148319402958,0.2778914390983559,1.8945304820059297,0.0,0.0,0.0,1.0,1.1703802582807146,1.03022969193917,5
513237,0.0282371164403273,0.1978772796996186,-0.5,-0.5,0.0,1.5,0.0,-0.058757199348954,-0.658683161076804,-1.577882931182386,0.3100019998680502,0.0,0.0,-0.5358369345489745,0.0,1.8170594925112875,0.047381059500437,-0.4048588609457096,2
513241,-0.8102112596456391,-2.031951822725933,-1.5,-1.0,-1.0,0.0,0.0,-5.01837906474446,-0.658683161076804,-3.801784016923932,-1.7312471447788258,-5.8849491923617165,0.0,-1.945257774202184,0.0,0.0,,,1
513242,-0.103815398627725,-0.0879858281037825,-0.5,0.0,0.0,3.0,0.0,0.0425645241694755,-0.658683161076804,0.0,0.0269891667947226,0.0,0.0,0.4641630654510255,0.0,0.0,-0.1739613323780137,-0.0677285619310689,0
513259,0.1578564807781902,0.2135937313624968,0.0,0.5,0.0,0.0,0.0,0.3043473488015276,-0.0955123664504794,0.0,0.4308838440812761,0.0,0.0,-0.1695975135107168,1.8662394014360388,0.0,0.5402837026169948,0.2521658103950948,5
513261,0.5303564467217494,-0.2364889768829301,-1.5,-1.0,-1.0,0.0,0.0,-5.01837906474446,-0.658683161076804,-3.801784016923932,-1.7312471447788258,-5.8849491923617165,0.0,-1.945257774202184,0.0,0.0,,,1
513289,0.3426916994996198,-0.0523696989290143,-1.0,-0.5,-0.5,0.0,0.0,0.1064888847255386,-0.658683161076804,0.0,-0.3378778341536493,0.0,0.0,0.4641630654510255,0.0,0.0,-0.3128157006540782,-1.36971279124378,0
513296,1.0913859461829396,0.9964830697690392,0.0,0.5,0.5,0.0,0.0,0.6651463210481533,-0.658683161076804,0.8454879529219202,-0.0833673107571263,1.3087681003312956,0.0,0.4641630654510255,0.0,0.0,0.4255782287806043,0.0696792710799558,5
513317,-0.4561394036084117,0.1338683882105274,-1.0,-0.5,-1.0,3.0,0.0,-5.01837906474446,-0.658683161076804,0.0,-1.7312471447788258,-5.8849491923617165,0.0,-1.945257774202184,4.496556105601924,0.0,-5.009979129451652,-2.2085898407866966,4
513322,0.8446968734799485,0.5472599549180527,0.0,0.5,0.5,0.0,0.0,0.3254823235723821,0.69823228777992,0.0,-0.8521289889920516,0.0,0.0,0.4641630654510255,0.0,0.0,-0.5802293160170953,0.5004626906356092,5
513338,-0.5185519116073422,-0.2948576299622514,0.0,0.5,0.5,0.0,0.0,-0.1295233791538115,-0.658683161076804,0.0,-0.4872619880436798,0.0,0.0,0.4641630654510255,0.0,0.0,-0.5189262468377925,0.055617491689047,0
513339,0.3426916994996198,0.2135937313624968,-0.5,0.0,0.0,0.0,0.0,-0.3232909678166239,0.1350614931535953,2.2239010857415447,0.0269891667947226,3.4424745961808574,0.0,0.4641630654510255,0.0,0.0,-0.1048736358169465,-0.3791314262899458,6
513345,-0.436621875182693,0.0679485038398385,-0.5,-1.0,0.0,1.5,2.0,-0.6334913334055133,-0.658683161076804,-3.801784016923932,1.055491476471528,0.0,0.0,-1.945257774202184,0.0,3.10628371950539,0.0062102981014608,-5.846818380501243,3
513347,0.8717824505179723,0.6266032978723975,-1.0,-0.5,-0.5,3.0,0.0,-0.9170023031282084,0.69823228777992,0.0,-0.3378778341536493,0.0,0.0,0.4641630654510255,0.0,0.0,-1.15694297514093,-0.9182659044272666,0
513366,-1.1861165310721564,0.4509389841865806,0.0,0.5,0.5,0.0,1.3333333333333333,0.6045311553940986,-0.0955123664504794,0.0,0.222498382100976,0.0,0.0,0.4641630654510255,0.0,0.0,0.442606487399881,-0.1343806737131381,5
513381,-1.4747626984996354,-0.4164379946042029,0.0,0.5,0.5,0.0,1.3333333333333333,-0.0970637232090711,0.341316838923196,0.0,-0.8521289889920516,0.0,0.0,0.4641630654510255,0.0,0.0,-0.7595671872099474,0.2695541689712603,0
513387,-1.0439545018741934,-0.3346452313910828,1.0,1.0,1.5,0.0,0.0,1.0461684808335885,-0.30176771222008,0.0,-0.0380660878912795,2.227521671566561,0.0,0.0979236444127681,0.0,0.8170594925112873,0.9340442850911632,-0.2072705838334843,5
513397,1.6395058773726383,0.7031942868616717,1.0,1.0,1.0,0.0,0.8,0.3924696121650622,0.0,-0.5778829311823854,-0.0548650010803214,0.0,0.0,-0.311497195240441,1.18274896353532,0.8170594925112873,0.04416830077596,0.3634624864249279,5
513402,0.0576075541755864,-0.3346452313910828,-1.0,-0.5,-0.5,0.0,0.0,0.1216076941696255,0.69823228777992,0.0,-1.7312471447788258,0.0,0.0,0.4641630654510255,0.0,0.0,-5.009979129451652,-0.4115231326284769,0
513408,0.4633499133634132,1.215912610165116,-0.5,0.0,0.0,1.5,0.0,0.2525927225435946,0.1350614931535953,2.2239010857415447,0.6427584400467276,3.4424745961808574,0.0,0.4641630654510255,0.0,0.0,0.2895156721322135,0.4665825567942948,6
513422,-0.1055405830405939,-0.5231327642549591,-0.5,0.0,0.0,0.0,0.0,0.050825359008231,0.1350614931535953,0.0,-0.8521289889920516,0.0,0.0,0.4641630654510255,0.0,0.0,-1.7698971542356123,-0.4273825579309828,0
513425,-0.0696590149249183,-0.8273801410529529,-1.5,-1.0,-1.0,0.0,0.0,-5.01837906474446,-0.658683161076804,-3.801784016923932,-1.7312471447788258,-5.8849491923617165,0.0,-1.945257774202184,0.0,0.0,,,1
513438,-0.2031030480554781,-0.0879858281037825,-1.0,-0.5,-0.5,0.0,0.0,0.1216076941696255,0.69823228777992,0.0,1.521876595833502,0.0,0.0,0.4641630654510255,0.0,0.0,0.9413749380901332,-0.8521938011318076,2
513441,-0.1837582445505929,-0.7533569369943934,-1.0,0.0,-0.5,1.5,4.0,-5.01837906474446,0.69823228777992,2.2239010857415447,-1.7312471447788258,-5.8849491923617165,1.0986122886681096,0.4641630654510255,4.496556105601924,0.0,-5.009979129451652,0.6221047002451743,4
513470,-0.018310236535641,-0.2948576299622514,-1.5,-1.0,-1.0,0.0,0.0,-5.01837906474446,-0.658683161076804,-3.801784016923932,-1.7312471447788258,-5.8849491923617165,0.0,-1.945257774202184,0.0,0.0,,,1
513495,0.0888223684153056,-0.2948576299622514,-0.5,-0.5,0.0,1.5,2.0,0.2380233108279882,0.1350614931535953,-1.577882931182386,1.1240649009688228,0.0,0.0,-0.5358369345489745,0.0,1.8170594925112875,0.9664736466470424,-0.8600734874091712,2
513497,-0.5058927189305872,-0.4373685033222146,-0.5,-0.5,0.0,0.0,2.0,-0.3394641784491781,-0.658683161076804,-1.577882931182386,0.3100019998680502,0.0,0.0,-0.5358369345489745,0.0,1.8170594925112875,-0.2302488730242556,-0.289814718962063,2
513509,1.034653433558667,-0.0347747680912913,-0.5,0.0,-1.0,0.0,0.0,-5.01837906474446,0.1350614931535953,0.0,-1.7312471447788258,-5.8849491923617165,0.0,-1.945257774202184,4.496556105601924,0.0,-5.009979129451652,-0.3905602224527328,4
513543,0.4305979975349077,1.751984635180171,-0.5,0.0,0.5,1.0,1.3333333333333333,-0.006574273178458,-0.658683161076804,-1.0,-0.2042491549703521,0.0,0.6931471805599453,0.4641630654510255,0.0,1.8170594925112875,-0.5483438047301712,0.1357338964728258,2
513546,-0.9475674487685556,-2.513888900911201,-1.5,-1.0,-1.0,0.0,0.0,-5.01837906474446,-0.658683161076804,-3.801784016923932,-1.7312471447788258,-5.8849491923617165,0.0,-1.945257774202184,0.0,0.0,,,1
513555,-0.2049274726775389,0.3354537328232688,1.0,1.0,1.0,0.0,0.0,0.3387286848344499,0.0,-0.5778829311823854,-0.1423686188473956,1.0,0.0,-0.311497195240441,1.18274896353532,0.8170594925112873,0.3945696245805159,0.749899275121845,5
513568,-1.221998099187832,-0.9565486648353788,-0.5,-0.5,0.0,0.0,0.0,-0.329723047939766,-0.658683161076804,0.0,0.5412403216331251,1.8945304820059297,0.0,-0.5358369345489745,0.0,1.8170594925112875,0.186180748273807,0.191709006526166,2
513569,-0.6779482484562872,-0.8273801410529529,-0.5,-0.5,0.0,1.5,2.0,-1.172466561205996,0.1350614931535953,-1.577882931182386,-0.5691161559187239,0.0,0.0,-0.5358369345489745,0.0,1.8170594925112875,-1.581526839333025,-0.3490214215769316,0
513582,0.712531001318998,0.1175719885109969,0.0,0.5,0.0,0.0,0.0,-0.2012206452762132,0.341316838923196,0.0,-0.3378778341536493,0.0,0.0,-0.1695975135107168,1.8662394014360388,0.0,-0.8820735063641139,0.6547094808983127,0
513602,-0.7546253591591585,-0.3751629211508731,-1.5,-1.0,-1.0,0.0,0.0,-5.01837906474446,-0.658683161076804,-3.801784016923932,-1.7312471447788258,-5.8849491923617165,0.0,-1.945257774202184,0.0,0.0,,,1
513611,-0.0344880198186815,0.0511563914573724,0.0,0.0,0.5,1.0,1.3333333333333333,0.5840447083969388,-0.0955123664504794,-1.0,0.6748690008164222,0.0,0.0,-0.1695975135107168,0.0,1.2892242269941023,0.9221991341363578,-0.1583385309738633,2
513613,-0.2967009531759736,-0.5231327642549591,0.0,0.0,0.5,0.0,1.3333333333333333,0.263951461323235,-0.658683161076804,-1.0,0.3918561677430946,0.0,0.0,-0.1695975135107168,0.0,1.2892242269941023,0.3026903999500549,-0.2949103023515164,2
513620,0.5669778928791185,0.6004710149305419,0.0,0.0,0.5,1.0,0.0,0.5652827375908238,-0.0955123664504794,-1.0,0.0269891667947226,0.0,0.0,-0.1695975135107168,0.0,1.2892242269941023,0.3707375258715586,-1.3087041545862093,2
513625,0.2142446204098905,0.9744013643849618,-0.5,0.5,0.0,2.0,1.3333333333333333,-1.050136431354479,0.69823228777992,2.8017840169239308,-0.3378778341536493,5.8849491923617165,0.6931471805599453,0.4641630654510255,2.6303167041658844,0.0,-0.507290177350057,0.8072638291582221,6
513627,0.7048919477645138,0.3939512500814855,0.0,0.5,0.5,0.0,0.0,0.6317817374806048,0.341316838923196,0.0,-0.4872619880436798,0.0,0.0,0.4641630654510255,0.0,0.0,0.0867782739544756,-0.3141579704743106,5
513628,-0.4293577455743089,0.2446949798295298,0.0,0.5,0.5,0.0,0.0,0.3503309115823942,0.69823228777992,0.0,-0.3378778341536493,0.0,0.0,0.4641630654510255,0.0,0.0,0.0015930497746253,0.2533900550193892,5
513638,-0.5261909651618265,0.3502240363019069,0.5,1.0,1.0,0.0,0.0,0.1906358139017576,0.1350614931535953,1.223901085741545,0.5412403216331251,1.8945304820059297,0.0,0.4641630654510255,0.0,0.0,0.7794505058725439,0.8950962415347533,6
513659,-1.1207320722741068,-0.0879858281037825,0.0,0.5,0.5,0.0,0.0,0.0404865985677702,-0.658683161076804,0.0,0.4687463394429643,0.0,0.0,0.4641630654510255,0.0,0.0,-0.118510601048436,0.6999324857471342,5
513661,-0.0539414148840952,-1.1803503916127198,-1.0,-1.0,-0.5,0.0,0.0,-0.4110003143233572,-0.658683161076804,-3.801784016923932,1.3100019998680503,3.4424745961808574,0.0,-1.945257774202184,0.0,3.10628371950539,0.8559253249076554,-5.846818380501243,3
513683,-1.340655455050166,0.6779579877571728,0.5,0.5,1.0,0.75,1.0,0.2781929001380224,0.69823228777992,-0.7323949782604657,0.3718825359910068,0.0,0.0,0.0,0.0,1.0,-0.0425867113598122,-0.1611270569554826,5
513714,-0.0791567766678274,-1.4294200030383808,-1.0,-0.5,-1.0,0.0,0.0,-5.01837906474446,-0.658683161076804,0.0,-1.7312471447788258,-5.8849491923617165,0.0,-1.945257774202184,4.496556105601924,0.0,-5.009979129451652,-1.1389556470920914,4
513721,-1.3366234959669334,0.0511563914573724,1.0,1.0,1.5,0.0,0.0,0.7588648637272686,0.2614030824062447,-0.5778829311823854,0.0269891667947226,0.0,0.0,0.0979236444127681,0.0,0.8170594925112873,0.3999767383938721,0.365721656896959,5
513742,-0.4149180138957635,-1.332697148215006,-1.5,-1.0,-1.0,0.0,0.0,-5.01837906474446,-0.658683161076804,-3.801784016923932,-1.7312471447788258,-5.8849491923617165,0.0,-1.945257774202184,0.0,0.0,,,1
513761,0.6802238121415685,0.4788906502885904,0.0,0.5,0.5,0.0,1.3333333333333333,0.2429460029473888,-0.0955123664504794,0.0,0.3918561677430946,0.0,0.0,0.4641630654510255,0.0,0.0,0.5388164552796327,0.434988390705502,5
513776,-0.2852052676491315,-0.658368006199544,-0.5,-0.5,0.0,0.0,2.0,-0.1397678628496181,-0.658683161076804,-1.577882931182386,0.1763733206847534,0.0,0.0,-0.5358369345489745,0.0,1.8170594925112875,-0.3077625227510616,-1.1839282607824153,2
513787,0.7352529813299861,2.117862405856485,1.0,2.0,1.5,1.5,1.3333333333333333,0.3979321817314487,0.341316838923196,1.577882931182386,-0.1066395123885741,2.856712214506226,0.3364722366212129,0.4641630654510255,1.18274896353532,0.0,0.213272015074366,1.0651888673699577,5
513791,-0.5160128443937786,0.0511563914573724,0.5,1.0,1.0,0.75,0.0,0.1888931071699577,0.1350614931535953,0.6460181545591593,0.8242531547064528,1.0,0.0,0.4641630654510255,0.0,0.0,0.6605990837113651,0.4537404062192289,5
513796,0.3028208413348977,0.1661047583479931,0.0,0.5,0.0,0.0,0.0,-0.0970637232090711,0.341316838923196,0.8454879529219202,0.9829974942813668,1.8945304820059297,0.0,-0.1695975135107168,1.8662394014360388,0.0,0.8311054358036877,0.7337837416534775,6
513800,-0.7546253591591585,-1.67308530127459,-1.5,-1.0,-1.0,0.0,0.0,-5.01837906474446,-0.658683161076804,-3.801784016923932,-1.7312471447788258,-5.8849491923617165,0.0,-1.945257774202184,0.0,0.0,,,1
513807,0.7048919477645138,1.46046847188864,0.0,1.0,0.5,0.75,2.0,-0.0611010072704138,1.3216421488021193,2.6629205252475083,-0.5691161559187239,1.8945304820059297,0.5108256237659907,0.4641630654510255,1.8662394014360388,0.0,-0.450902503385058,0.9335691761795286,6
513823,-0.3624891117628728,-1.0378395182527564,-1.5,-1.0,-1.0,0.0,0.0,-5.01837906474446,-0.658683161076804,-3.801784016923932,-1.7312471447788258,-5.8849491923617165,0.0,-1.945257774202184,0.0,0.0,,,1
513826,0.890795055412835,0.5064929114075749,0.5,1.0,0.0,0.75,0.0,-0.3968979197887864,0.1350614931535953,1.223901085741545,-0.5691161559187239,3.4424745961808574,0.0,-0.5358369345489745,2.6303167041658844,0.0,-0.6235049814310731,0.441844377081222,6
513844,-0.2436797855732951,-0.1796235475848035,0.0,0.0,0.0,0.0,0.0,0.5741639624164553,-0.0955123664504794,0.8454879529219202,0.4308838440812761,1.8945304820059297,0.0,-0.9452577742021836,1.8662394014360388,1.2892242269941023,1.120371639383744,0.0835537856174101,6
513853,1.0210370585698365,0.7893169849572652,0.0,0.5,0.5,0.0,0.0,0.3716636561944244,-0.658683161076804,0.0,-0.4872619880436798,0.0,0.0,0.4641630654510255,0.0,0.0,-0.0932295723176157,0.2372339753857691,5
513856,0.2309843976132686,-0.3346452313910828,-1.0,-0.5,-0.5,3.0,0.0,-0.8605992018306694,0.69823228777992,0.0,1.055491476471528,0.0,0.0,0.4641630654510255,0.0,0.0,-0.1509951514106836,-0.922792662277331,0
513860,-0.5261909651618265,0.1661047583479931,0.0,0.0,0.5,0.0,0.0,0.3044538210306228,-0.0955123664504794,0.0,0.3100019998680502,1.3087681003312956,0.0,-0.1695975135107168,0.0,1.2892242269941023,0.4761436921699015,0.3203501073397792,5
513869,-1.6245590903849736,0.8605538768015021,-0.5,0.0,0.5,2.0,1.3333333333333333,-0.3795954965351481,0.341316838923196,0.8454879529219202,0.9061073225814968,0.0,0.6931471805599453,0.4641630654510255,0.0,1.8170594925112875,0.1541999006912803,1.083623071418565,5
513875,0.2475678720940918,1.3036653017922135,0.5,1.0,1.0,0.6000000000000001,0.8,0.3044538210306228,0.2614030824062447,0.5227586988632229,0.222498382100976,2.4424745961808583,0.4054651081081644,0.0,1.4475677406305645,1.0,0.3615100798499377,0.8270536568678406,5
513917,0.204124494946699,-0.1796235475848035,0.0,0.5,0.5,0.0,1.3333333333333333,0.22642393624161,0.341316838923196,0.0,0.3100019998680502,0.0,0.0,0.4641630654510255,0.0,0.0,0.3710922603710551,0.5364515979042582,5
513926,1.1073259936495492,0.9408591679901256,0.5,1.0,0.5,0.75,1.0,0.4570631061463565,0.1350614931535953,1.223901085741545,-0.4872619880436798,2.4424745961808583,0.0,0.0,1.4475677406305645,0.0,0.2655052198026472,0.5010729522639747,6
513933,0.6583545112184155,0.8837977981322299,0.0,0.5,0.5,0.0,0.0,0.0236760977630713,0.341316838923196,0.0,-0.2042491549703521,0.0,0.0,0.4641630654510255,0.0,0.0,-0.335366881310327,-0.0739169437503362,5
513953,-1.0695100105924904,-1.462625924074788,-0.5,-0.5,0.0,1.5,0.0,-0.3362046060884055,-0.658683161076804,-1.577882931182386,-0.3378778341536493,1.8945304820059297,0.0,-0.5358369345489745,0.0,1.8170594925112875,-0.4989485707437044,-1.2851636614016464,2
513956,0.4457212106862503,0.0171841500464987,0.5,1.0,0.0,1.5,1.0,-0.6762237894947197,0.1350614931535953,0.0,-0.8521289889920516,0.0,0.0,-0.5358369345489745,2.6303167041658844,0.0,-1.4367501925763484,0.6570990795187109,0
513964,-0.1176640240616086,-0.3146618177495106,1.0,1.5,0.5,0.0,0.8,0.7299935715151672,0.0,0.0,-0.6566197736857983,0.0,0.0,-0.311497195240441,2.18274896353532,0.0,-0.0075306040501297,0.4766653508671706,5
513967,-0.6421778623628336,0.3056133849682904,1.5,2.0,2.0,0.4999999999999998,0.0,0.9948103002814258,0.341316838923196,0.0,0.4308838440812761,0.0,0.0,0.4641630654510255,0.0,0.0,0.930360243175487,1.184316566357582,5
513995,-1.697062104658019,-0.3346452313910828,0.5,0.0,1.0,0.75,0.0,0.8676570208337675,-0.2218539557031286,-1.577882931182386,0.4872619880436801,0.0,0.0,-0.5358369345489745,0.0,1.8170594925112875,1.1075311721518108,-2.022043528605493,2
514002,2.2141275664028064,1.6151883100055875,1.0,1.5,1.5,0.0,0.0,0.6611717929029716,0.0,0.0,-0.1066395123885741,0.0,0.0,0.4641630654510255,0.0,0.0,0.327110013906716,0.7713366211213116,5
514003,0.6771160646935227,0.5337543951599557,0.0,0.5,0.5,0.0,0.0,0.5482941319582209,0.9999999999999998,0.0,-0.2042491549703521,0.0,0.0,0.4641630654510255,0.0,0.0,0.2334549436741415,-0.1827435068254527,5
514021,-1.2310829129263403,-1.462625924074788,-0.5,-1.0,0.0,0.0,4.0,0.1477825926873703,-0.658683161076804,-3.801784016923932,1.8621156500681413,1.8945304820059297,0.0,-1.945257774202184,0.0,3.10628371950539,1.2766315565938935,-5.846818380501243,3
514023,-0.3793240929122098,-0.2364889768829301,0.0,0.0,0.5,1.0,1.3333333333333333,0.149612340213055,-0.658683161076804,-1.0,0.0269891667947226,0.0,0.0,-0.1695975135107168,0.0,1.2892242269941023,0.0051089673447411,-0.1465692567319687,2
514053,-1.208457419522107,-1.565349196005918,-0.5,-0.5,0.0,3.0,2.0,-0.1143864737947603,-0.658683161076804,-1.577882931182386,1.1240649009688228,0.0,0.0,-0.5358369345489745,0.0,1.8170594925112875,0.4542769970112265,-0.9626752555601474,2
514071,-0.3736946834025277,0.0171841500464987,0.0,0.5,0.5,1.0,0.0,0.7244036406723082,0.341316838923196,0.0,-1.0833673107571262,0.0,0.0,0.4641630654510255,0.0,0.0,-0.7481901046436803,0.1897016489707226,5
514076,0.2867476346829352,-0.8781444948462946,-0.5,-0.5,0.0,0.0,0.0,-0.5928218544757642,0.1350614931535953,-1.577882931182386,1.251000691777781,3.4424745961808574,0.0,-0.5358369345489745,0.0,1.8170594925112875,0.8753321785616305,-1.9200565172995785,2
514113,-1.0439545018741934,-0.8024290039733696,-0.5,-0.5,0.0,0.0,0.0,-0.4970162361072746,-0.658683161076804,-1.577882931182386,0.0269891667947226,0.0,0.0,-0.5358369345489745,0.0,1.8170594925112875,-0.6039371873202166,-0.9532433196347396,2
514132,-1.6677047881090332,0.0342356026297282,1.0,1.5,1.0,0.0,0.0,0.2494651720590502,0.0,0.5227586988632229,-0.0548650010803214,0.0,0.0,0.0979236444127681,1.18274896353532,0.0,0.118123167174983,0.6006369704981682,5
514133,0.6504783244155593,-0.2173706571356206,0.0,0.0,0.0,1.0,0.0,-0.1553719829504427,-0.0955123664504794,-1.0,-0.3378778341536493,1.8945304820059297,0.0,-0.9452577742021836,1.8662394014360388,1.2892242269941023,-0.2058163204744874,-0.5892733770567966,2
514164,-0.1372353208699109,0.1978772796996186,0.5,0.5,1.0,0.0,1.0,0.5686241764885333,-0.2218539557031286,-0.7323949782604657,0.0269891667947226,0.0,0.0,0.0,0.0,1.0,0.3911901727207227,0.5737797637913352,5
514167,1.455390320670462,2.5215577385843715,0.0,1.0,1.0,0.75,1.0,-0.0333966463183919,-0.2218539557031286,0.0,-0.5691161559187239,0.0,0.5108256237659907,1.0,0.0,0.0,-0.5483438047301712,0.2304212063812674,5
514206,-0.101517756375332,-0.1984164451611818,0.0,0.5,0.0,2.0,1.3333333333333333,0.3799504536246761,0.9999999999999998,1.577882931182386,0.0269891667947226,0.0,0.0,-0.1695975135107168,1.8662394014360388,0.0,0.2944612339711084,0.0230737760708528,5
514208,0.1734134609439123,-1.0378395182527564,-1.0,-0.5,-0.5,0.0,0.0,-1.1213843515923745,-0.658683161076804,0.0,0.0269891667947226,0.0,0.0,0.4641630654510255,0.0,0.0,-1.0458625175770475,-1.381901301841063,0
514210,-0.2832965332221107,0.5606834135017086,0.0,0.5,0.5,1.0,1.3333333333333333,0.0194205412200212,-0.0955123664504794,0.0,-0.3378778341536493,0.0,0.0,0.4641630654510255,0.0,0.0,-0.7244011371894556,-0.2114105902998751,5
514215,0.5380617829436055,0.5337543951599557,0.0,0.5,0.5,0.0,2.6666666666666665,0.3646125823739102,-0.658683161076804,0.0,0.3918561677430946,0.0,0.0,0.4641630654510255,0.0,0.0,0.257439865109654,0.0039541709377769,5
514235,-0.6313149709251721,-1.3013753161468835,-1.0,-0.5,-0.5,0.0,0.0,-0.9844461609027249,-0.658683161076804,0.0,0.0269891667947226,0.0,0.0,0.4641630654510255,0.0,0.0,-0.9324899662744752,-1.218656326457607,0
514261,-1.1278792739247545,-0.2557742709686207,0.0,0.5,0.5,0.0,2.6666666666666665,0.0811016126512152,0.341316838923196,0.8454879529219202,-1.0833673107571262,1.3087681003312956,0.0,0.4641630654510255,0.0,0.0,-0.9416533841205248,-0.1845959160988252,6
514275,-0.1670026748704246,0.1011544248762458,0.0,0.0,0.5,0.0,0.0,0.299878614833185,-0.0955123664504794,0.0,0.4687463394429643,1.3087681003312956,0.0,-0.1695975135107168,0.0,1.2892242269941023,0.2614323449824804,0.0842958267211779,2
514289,0.1630572962467511,0.0342356026297282,-1.5,-1.0,-1.0,0.0,0.0,-5.01837906474446,-0.658683161076804,-3.801784016923932,-1.7312471447788258,-5.8849491923617165,0.0,-1.945257774202184,0.0,0.0,,,1
514300,-7.737851272510618,2.4085841437370537,0.0,1.0,0.0,0.75,2.0,-1.129685880855539,0.1350614931535953,1.223901085741545,-0.8521289889920516,0.0,0.5108256237659907,-0.1695975135107168,3.313807142066604,0.0,-1.8099113910858329,0.1938335243877033,0
514315,1.2671466334665025,1.0399948645799229,-1.0,-0.5,-0.5,0.0,0.0,-0.1712705377199262,0.69823228777992,0.0,-0.3378778341536493,0.0,0.0,0.4641630654510255,0.0,0.0,-0.5416978654824055,-0.7107986908074804,0
514318,0.6266380038686127,0.1978772796996186,0.5,0.0,1.0,1.5,1.0,0.7290752080406453,0.1350614931535953,-1.577882931182386,0.0269891667947226,0.0,0.0,-0.5358369345489745,0.0,1.8170594925112875,0.4068874020533217,-0.1178478217489102,2
514324,0.0375505998345391,0.1661047583479931,0.0,0.5,0.5,1.0,0.0,0.1941104514213306,0.341316838923196,0.0,-0.2042491549703521,0.0,0.0,0.4641630654510255,0.0,0.0,-0.0490569388982555,-0.3626625132581133,5
514337,-0.7827062162531537,-0.0347747680912913,0.5,0.0,1.0,0.75,2.0,0.6611020714743717,0.1350614931535953,-1.577882931182386,0.7812558369313752,1.0,0.0,-0.5358369345489745,0.0,1.8170594925112875,1.2282847274298156,-0.259486198085919,2
514342,-0.3238171625337165,-0.1060116599355281,0.5,1.0,0.0,0.0,1.0,0.2558215058497945,0.69823228777992,1.223901085741545,0.3100019998680502,3.4424745961808574,0.0,-0.5358369345489745,2.6303167041658844,0.0,0.8055804311481016,0.4261900682887204,6
514344,0.3123954047562008,0.7405160565023101,1.5,2.0,1.5,1.0,0.6666666666666664,0.9235032316524732,0.341316838923196,0.0,-0.1791334945787352,0.0,0.0,0.1617063421381263,1.0,0.0,0.5527713929645734,0.4830833137629211,5
514370,-1.0994614322526868,-0.0347747680912913,0.0,0.5,0.5,1.0,0.0,0.880037813931761,-0.658683161076804,0.8454879529219202,0.3100019998680502,1.3087681003312956,0.0,0.4641630654510255,0.0,0.0,0.9328070517244826,0.6342577349499502,5
514384,-1.0994614322526868,0.084613882090961,-1.0,-0.5,-0.5,0.0,0.0,-1.1213843515923745,0.69823228777992,2.2239010857415447,-0.8521289889920516,3.4424745961808574,0.0,0.4641630654510255,0.0,0.0,-1.3258675274297933,0.1877689761315534,6
514395,0.1316214806736528,0.0511563914573724,0.0,0.5,0.5,0.0,1.3333333333333333,-0.1820387150016389,-0.0955123664504794,0.0,1.055491476471528,0.0,0.0,0.4641630654510255,0.0,0.0,0.1751348503903242,-0.0007065802515916,5
514457,0.2883615168597734,0.3794715120532125,0.5,1.0,1.0,0.75,0.0,0.6661370306325549,0.1350614931535953,0.0,0.4308838440812761,0.0,0.0,0.4641630654510255,0.0,0.0,0.7841902398048446,0.722125236826239,5
514460,-0.9967694099083624,-0.7533569369943934,0.5,0.5,0.5,0.75,1.0,0.3254823235723821,0.1350614931535953,-0.7323949782604657,0.852128988992052,0.0,0.0,-0.5358369345489745,1.4475677406305645,1.0,0.6987174111138325,-0.1087438555148649,2
514461,-0.5261909651618265,-1.0937450900539751,0.0,-0.5,0.5,0.0,0.0,0.3459987765666413,-0.0955123664504794,-2.223901085741545,1.3100019998680503,0.0,0.0,-0.9452577742021836,0.0,2.2892242269941026,1.1934172933184644,-1.9930741257586984,2
514501,-0.0229174433043562,-0.8781444948462946,-1.0,-1.0,-0.5,0.0,4.0,-1.380470468996392,-0.658683161076804,-3.801784016923932,1.3100019998680503,0.0,0.0,-1.945257774202184,0.0,3.10628371950539,-0.4635897537918621,-5.846818380501243,3
514503,-1.1100649097976207,-0.658368006199544,-0.5,-1.0,0.0,1.5,0.0,0.2010170343893152,-0.658683161076804,-3.801784016923932,1.4203584774198996,3.4424745961808574,0.0,-1.945257774202184,0.0,3.10628371950539,1.403085772672319,-5.846818380501243,3
514515,-0.5821840258877913,-0.0701059560259865,0.0,0.5,0.0,0.0,1.3333333333333333,0.2525927225435946,0.69823228777992,1.577882931182386,-1.2169959899404237,3.4424745961808574,0.0,-0.1695975135107168,1.8662394014360388,0.0,-0.3003600989376054,0.7394781604293824,6
514526,0.89355080028439,1.521931942765189,1.0,1.5,1.5,1.2000000000000002,0.8,1.0205556150583763,0.0,0.5227586988632229,-0.8521289889920516,0.8092012510390698,0.0,0.4641630654510255,0.0,0.0,0.3350624410033092,0.4102264047174249,5
514551,0.0919138874089315,0.1661047583479931,-1.0,-1.0,-0.5,0.0,4.0,-0.0824939353333797,-0.658683161076804,-3.801784016923932,1.6158676927261533,0.0,0.0,-1.945257774202184,0.0,3.10628371950539,0.7158510980574821,-5.846818380501243,3
514586,-0.3074978083914555,0.7528177715328302,0.0,0.5,0.5,0.0,0.0,-0.0849048050881716,0.341316838923196,0.0,0.222498382100976,0.0,0.0,0.4641630654510255,0.0,0.0,-0.1785166878576298,-0.3213007917606801,5
514589,1.0848048280891782,-0.2557742709686207,-1.0,-0.5,-0.5,0.0,0.0,-0.2380459318302974,0.69823228777992,0.0,-0.3378778341536493,0.0,0.0,0.4641630654510255,0.0,0.0,-0.5967393266303141,-0.7894876873186502,0
514617,1.2110463740872206,0.3794715120532125,0.5,0.5,0.5,0.75,0.0,0.6077208061600102,-0.2218539557031286,0.0,0.0269891667947226,1.3087681003312956,0.0,-0.5358369345489745,1.4475677406305645,1.0,0.5192251041335091,0.2640856700149507,5
514623,-2.09338228146478,-0.2948576299622514,-1.0,-0.5,-0.5,0.0,0.0,-0.8852023629859997,0.69823228777992,0.0,0.3100019998680502,0.0,0.0,0.4641630654510255,0.0,0.0,-0.6513454529827597,-0.920380695786642,0
514627,-1.0303446482015892,2.071091928321221,0.5,1.5,1.0,1.2000000000000002,0.8,0.7649890871112757,0.0,1.4390194395059634,-0.8521289889920516,2.703731733044999,0.4054651081081644,0.4641630654510255,1.4475677406305645,0.0,0.2858258265104588,0.2030382079574555,6
514638,-0.0696590149249183,-0.0173189290703666,0.5,0.5,1.0,1.5,0.0,-0.3727728001125515,0.4368292053736752,1.223901085741545,0.7367495369393785,3.4424745961808574,0.0,0.0,0.0,1.0,0.5475210249020488,0.8302142971375092,6
514639,-0.1504037015898025,-1.4294200030383808,-1.5,-1.0,-1.0,0.0,0.0,-5.01837906474446,-0.658683161076804,-3.801784016923932,-1.7312471447788258,-5.8849491923617165,0.0,-1.945257774202184,0.0,0.0,,,1
514642,0.4294063992255991,-0.5451046085908845,-1.5,-1.0,-1.0,0.0,0.0,-5.01837906474446,-0.658683161076804,-3.801784016923932,-1.7312471447788258,-5.8849491923617165,0.0,-1.945257774202184,0.0,0.0,,,1
514660,-1.9512202522668167,-0.1984164451611818,0.5,1.0,0.5,0.0,0.0,0.149612340213055,0.1350614931535953,0.6460181545591593,-0.8521289889920516,1.3087681003312956,0.0,0.0,1.4475677406305645,0.0,-0.7631990821301592,0.8976569567681649,6
514675,0.4530877795770478,-0.1796235475848035,0.0,0.5,0.5,0.0,0.0,0.2297543690536391,0.341316838923196,0.8454879529219202,-0.3378778341536493,1.3087681003312956,0.0,0.4641630654510255,0.0,0.0,0.09342633721664,0.1810936345312097,6
514682,0.3250817245048324,0.3354537328232688,0.5,0.5,1.0,1.5,1.0,0.2163529190848271,0.1350614931535953,-0.7323949782604657,0.0269891667947226,0.0,0.0,0.0,0.0,1.0,0.0113433888320907,-0.0976047767614571,5
514684,0.8113646874237356,-0.2173706571356206,-1.5,-1.0,-1.0,0.0,0.0,-5.01837906474446,-0.658683161076804,-3.801784016923932,-1.7312471447788258,-5.8849491923617165,0.0,-1.945257774202184,0.0,0.0,,,1
514689,0.1990427254901064,-0.160989241751724,-0.5,0.0,0.0,0.0,2.0,-0.7908270795063252,0.1350614931535953,0.0,-0.8521289889920516,0.0,0.0,0.4641630654510255,0.0,0.0,-1.5780783677093095,-1.1917870695398691,0
514737,1.6243644624505942,0.6395543739241726,0.5,1.0,1.0,0.75,0.0,0.0671079604591404,0.4368292053736752,0.0,0.4308838440812761,0.0,0.0,0.4641630654510255,0.0,0.0,0.1717549569982643,-0.5455488884751817,5
514785,-0.6097864986882443,0.4509389841865806,0.0,0.5,0.5,1.0,0.0,0.1273886764782729,-0.0955123664504794,0.0,-0.6566197736857983,0.0,0.0,0.4641630654510255,0.0,0.0,-0.9324899662744752,-0.2055171474517357,0
514810,2.1895204622637823,1.2940854510316966,0.0,-0.5,0.5,1.0,1.3333333333333333,0.138573775294697,-0.658683161076804,-2.223901085741545,0.9061073225814968,1.3087681003312956,0.0,-0.9452577742021836,0.0,2.2892242269941026,0.7950183295618533,-2.294636236122515,2
514830,-1.078442521692874,-0.3957040193861091,-0.5,0.0,-0.5,0.0,0.0,-0.1902061302045683,0.69823228777992,0.0,0.0269891667947226,0.0,0.0,-0.5358369345489745,2.6303167041658844,0.0,-0.2765367296959783,-0.167399188978762,0
514867,0.2672657880125675,-0.0173189290703666,0.0,0.5,0.5,0.0,0.0,0.0569682664431991,-0.0955123664504794,1.577882931182386,0.3918561677430946,2.4424745961808583,0.0,0.4641630654510255,0.0,0.0,0.8285127591501683,0.5072708232228755,6
514876,0.2899739338687502,-0.0879858281037825,-1.0,-1.0,-0.5,0.0,0.0,-0.1984534887515583,-0.658683161076804,-3.801784016923932,1.055491476471528,0.0,0.0,-1.945257774202184,0.0,3.10628371950539,0.3962816938122127,-5.846818380501243,3
514892,-0.2699925218508799,0.2446949798295298,1.0,1.5,1.5,0.6000000000000001,0.8,0.6224482443352766,0.4919769420103195,0.5227586988632229,0.3597456069733999,0.8092012510390698,0.0,0.4641630654510255,0.0,0.0,0.7394508826388025,0.5003626060790243,5
514893,0.1734134609439123,-0.7777566563817965,-1.0,-1.0,-0.5,0.0,4.0,-0.1295233791538115,-0.658683161076804,-3.801784016923932,1.3100019998680503,0.0,0.0,-1.945257774202184,0.0,3.10628371950539,0.572279463402738,-5.846818380501243,3
514899,1.5624739769735425,0.7893169849572652,1.5,2.0,1.5,1.0,1.3333333333333333,0.7253917118817101,0.5278974945717202,1.223901085741545,-0.2560236662786049,2.227521671566561,0.0,0.1617063421381263,1.0,0.0,0.778859858051203,0.5912595059776833,5
514925,-0.5200770960835523,1.195929196523542,-0.5,0.0,0.5,1.0,1.3333333333333333,0.1992956887355739,0.341316838923196,-1.0,1.3478644952297385,0.0,0.6931471805599453,0.4641630654510255,0.0,1.8170594925112875,0.8869455608004873,-0.0885035817479734,2
514926,-0.5033716720723769,-0.6817349135302966,0.0,0.0,0.5,0.0,0.0,0.2347254655047748,-0.658683161076804,-1.0,0.1285072852083251,0.0,0.0,-0.1695975135107168,0.0,1.2892242269941023,-0.0024470938424171,-0.0383739108979244,2
514931,-0.1921956818600621,-0.5231327642549591,-1.5,-1.0,-1.0,0.0,0.0,-5.01837906474446,-0.658683161076804,-3.801784016923932,-1.7312471447788258,-5.8849491923617165,0.0,-1.945257774202184,0.0,0.0,,,1
514944,-0.5261909651618265,0.1338683882105274,-1.0,-0.5,-0.5,0.0,0.0,-1.2651531400029488,0.69823228777992,0.0,0.3100019998680502,0.0,0.0,0.4641630654510255,0.0,0.0,-0.9662236302411809,-0.373606383649855,0
514951,1.2797456066524395,-0.1425108733599631,-0.5,0.0,-0.5,0.0,0.0,-1.0889727247412972,0.69823228777992,1.223901085741545,0.3100019998680502,0.0,0.0,-0.5358369345489745,2.6303167041658844,0.0,-0.8200919281761833,0.625672477707704,0
514953,0.5697336377506751,0.9744013643849618,0.0,0.0,1.0,0.75,2.0,0.4557931761328516,0.69823228777992,-1.577882931182386,0.9061073225814968,1.8945304820059297,0.5108256237659907,-0.1695975135107168,0.0,2.2892242269941026,1.3721148554293712,0.0781853810799694,2
514980,1.0261554402488011,0.6266032978723975,2.0,2.5,2.5,0.4285714285714284,2.2857142857142856,0.9307670559865434,0.22612978235164,0.7323949782604657,0.3804812089518964,1.1337064958495628,0.0,0.4641630654510255,0.0,0.0,0.9852090677787312,0.8368920232605961,5
514981,-1.2310829129263403,-0.6123631726854253,0.0,0.5,0.5,0.0,0.0,0.2146626509062495,-0.0955123664504794,0.8454879529219202,0.222498382100976,1.3087681003312956,0.0,0.4641630654510255,0.0,0.0,0.282233830616609,-0.9310340209459907,6
515004,-1.0087835067679567,0.4083366568994223,-0.5,-0.5,0.0,0.0,0.0,-0.1527511459868734,0.1350614931535953,-1.577882931182386,0.4308838440812761,0.0,0.0,-0.5358369345489745,0.0,1.8170594925112875,0.1452528386633691,-0.2164400557958352,2
515013,-0.1031257937992584,-0.5672972791819948,-0.5,0.0,-0.5,1.5,0.0,-0.656963558822875,0.1350614931535953,1.223901085741545,-1.7312471447788258,3.4424745961808574,0.0,-0.5358369345489745,2.6303167041658844,0.0,-5.009979129451652,-0.1628895005916473,6
515020,1.2944544047016953,0.6906121893614907,0.0,0.0,0.5,0.0,0.0,-0.0379512433783162,0.341316838923196,-1.0,0.5412403216331251,0.0,0.0,-0.1695975135107168,0.0,1.2892242269941023,0.4542114625197493,-0.2464027938545386,2
515030,-0.0344880198186815,-0.589715259924501,-1.0,-0.5,-0.5,0.0,0.0,-1.0203068241065072,-0.658683161076804,0.0,1.6158676927261533,0.0,0.0,0.4641630654510255,0.0,0.0,0.0530145720317979,-3.9566224174898794,2
515051,0.9140837135191288,1.2258369061374028,1.0,1.5,1.5,0.0,0.8,0.5276248154134621,0.8848129434284441,0.0,0.6230944895081695,0.0,0.0,0.4641630654510255,0.0,0.0,0.8215408932313122,0.8358963924919843,5
515058,-0.6205181157096885,0.4927349096618701,1.0,1.0,1.5,0.0,0.0,0.8884452949947662,-0.30176771222008,-0.5778829311823854,-0.2560236662786049,0.8092012510390698,0.0,0.0979236444127681,0.0,0.8170594925112873,0.7989934116219943,0.3438126475127225,5
515060,0.2007382647247517,-0.1984164451611818,-0.5,0.0,0.0,0.0,0.0,-0.0448296358979986,0.69823228777992,0.0,0.0269891667947226,0.0,0.0,0.4641630654510255,0.0,0.0,0.0818621949971527,-1.284676696217413,0
515085,0.8269181743416688,0.963277148732632,-0.5,0.0,0.5,1.0,1.3333333333333333,0.1064888847255386,0.9999999999999998,2.2239010857415447,1.5539871566031966,4.337005078186787,0.6931471805599453,0.4641630654510255,0.0,1.8170594925112875,1.5019675714165386,0.5868846020670974,6
515103,1.2234765749048606,0.1978772796996186,0.0,0.5,0.5,0.0,2.6666666666666665,0.3786562142050291,0.69823228777992,0.0,-0.2042491549703521,0.0,0.0,0.4641630654510255,0.0,0.0,0.0145138460197199,-0.3187345079906415,5
515124,-0.8256779223810709,2.0439143281783645,0.5,1.5,1.5,0.6000000000000001,0.8,0.4312935624100654,0.0,0.5227586988632229,-0.6208906672269769,0.8092012510390698,0.4054651081081644,0.8735839051042346,0.0,0.0,-0.2278962019398004,0.871606481443169,5
515131,1.4520423890223748,1.469354407972039,1.0,1.5,1.5,0.0,0.8,0.6789113619015444,0.2614030824062447,0.5227586988632229,0.2042491549703524,0.8092012510390698,0.0,0.4641630654510255,0.0,0.0,0.7664722825957694,0.7115328708500005,5
515139,-0.1079586599469877,1.8586057936254248,0.0,1.0,1.0,0.75,1.0,0.3416442531568319,-0.658683161076804,0.0,-0.3378778341536493,0.0,0.5108256237659907,1.0,0.0,0.0,-0.0219659619988216,0.2353037461868552,5
515161,1.3574105678822217,0.5201657237419183,0.0,0.0,0.5,1.0,1.3333333333333333,-0.1527511459868734,0.341316838923196,-1.0,0.4687463394429643,1.3087681003312956,0.0,-0.1695975135107168,0.0,1.2892242269941023,0.1420527714751488,-0.4766691024114413,2
515168,-0.098306042636842,-0.8526164401574539,-0.5,-1.0,0.0,0.0,0.0,0.2921976281482574,-0.658683161076804,-3.801784016923932,0.1763733206847534,1.8945304820059297,0.0,-1.945257774202184,0.0,3.10628371950539,0.9344378454195194,-5.846818380501243,3
515182,1.208165469621984,0.8837977981322299,1.5,2.0,2.0,0.0,0.0,0.8606670611940265,0.5278974945717202,0.4390194395059628,-0.4103718163438101,0.6795775573916313,0.0,0.4641630654510255,0.0,0.0,0.4318335827529938,0.6841310249810878,5
515198,1.9713459884485396,0.8722064217150826,-1.0,-1.0,-0.5,0.0,4.0,-1.2554120094935366,-0.658683161076804,-3.801784016923932,2.0031830567555966,3.4424745961808574,0.0,-1.945257774202184,0.0,3.10628371950539,0.4905714622040508,-5.846818380501243,3
515200,-0.1985501688296633,0.3205839652723227,-0.5,0.0,0.0,1.5,2.0,-0.48141211600645,0.1350614931535953,2.2239010857415447,0.1763733206847534,3.4424745961808574,0.0,0.4641630654510255,0.0,0.0,-0.0934027965396664,0.4542318315018014,6
515202,0.6425670542595154,-0.4584993070321419,-1.0,-1.0,-0.5,0.0,0.0,-0.1118898841031928,-0.658683161076804,-3.801784016923932,0.0269891667947226,5.8849491923617165,0.0,-1.945257774202184,0.0,3.10628371950539,0.5493517525307232,-5.846818380501243,3
515205,0.5984137084522153,1.4782047289856104,-1.0,0.0,0.0,1.5,2.0,-0.1929462900323835,1.491976942010319,2.2239010857415447,0.5412403216331251,0.0,1.0986122886681096,1.8735839051042344,0.0,0.0,0.0751017805094012,1.083623071418565,5
515229,1.1215103708025145,1.5305744279146267,1.0,1.0,2.0,1.0,2.0,0.8237121141942817,-0.3569154488567242,-0.4772413011367771,0.5759904242581497,1.3087681003312956,0.3364722366212129,0.0979236444127681,0.0,1.5078734502500786,0.9497818052133064,0.862908927476333,5
515240,0.6465270942800192,-0.6123631726854253,-1.0,-1.0,-0.5,0.0,0.0,-0.3934088944951812,-0.658683161076804,-3.801784016923932,0.5412403216331251,3.4424745961808574,0.0,-1.945257774202184,0.0,3.10628371950539,0.389983331305643,-5.846818380501243,3
515243,-1.0889208837283773,0.1661047583479931,0.5,1.0,0.0,0.0,1.0,-0.1501384356625912,-0.2218539557031286,0.6460181545591593,-0.5691161559187239,0.0,0.0,-0.5358369345489745,2.6303167041658844,0.0,-0.831885367522695,1.46328238800136,5
515258,-0.2091917657546151,-0.0347747680912913,0.0,0.5,0.5,1.0,1.3333333333333333,0.1348618820474454,-0.0955123664504794,0.8454879529219202,-0.8521289889920516,1.3087681003312956,0.0,0.4641630654510255,0.0,0.0,-0.9305558292140852,0.0109201014785421,6
515271,0.2931943830075027,0.1175719885109969,0.0,0.5,0.5,0.0,0.0,-0.0634513530188094,-0.658683161076804,0.0,-1.0833673107571262,0.0,0.0,0.4641630654510255,0.0,0.0,-1.110354641666316,0.3212272670273202,0
515274,-0.4758737978988532,-0.160989241751724,1.5,1.0,2.0,0.4999999999999998,0.0,1.0734288126583291,-0.3569154488567242,-1.0,-0.0269891667947223,0.0,0.0,-0.1695975135107168,0.0,1.2892242269941023,0.5105617434029797,0.1977385700220163,5
515306,-0.3793240929122098,0.2905406156119291,0.5,0.5,1.0,0.0,0.0,0.4207609452094122,0.1350614931535953,-0.7323949782604657,1.0902415790965525,0.0,0.0,0.0,0.0,1.0,0.9537088358972636,0.2434586253361208,5
515330,-0.1545389239780106,-0.4584993070321419,0.0,0.5,0.5,0.0,0.0,0.3730668178916485,-0.0955123664504794,0.8454879529219202,-0.6566197736857983,1.3087681003312956,0.0,0.4641630654510255,0.0,0.0,-0.3304723596700958,0.5332073225962652,6
515344,0.6266380038686127,0.7650513326678573,1.0,0.5,1.5,0.6000000000000001,0.8,0.8793231385311527,0.0,-1.2239010857415449,0.3597456069733999,0.8092012510390698,0.0,-0.311497195240441,0.0,1.5078734502500786,1.2551822680066016,0.2443779455676858,5
515398,-1.0168382925164503,0.1661047583479931,0.5,1.0,0.5,0.75,2.0,-0.1219209359602892,0.9288061473839948,1.223901085741545,-0.8521289889920516,1.3087681003312956,0.0,0.0,1.4475677406305645,0.0,-1.173743342356229,0.893014327758986,6
515409,0.9655030075400264,0.6004710149305419,0.0,0.5,0.5,1.0,0.0,0.0731337196642206,0.69823228777992,1.577882931182386,-0.4872619880436798,2.4424745961808583,0.0,0.4641630654510255,0.0,0.0,-0.0660566185743795,0.4508760575027165,6
515421,0.3501857072988972,0.5201657237419183,0.5,1.0,1.0,0.0,0.0,0.1532599580500368,0.1350614931535953,0.6460181545591593,-0.2363597157400465,1.0,0.0,0.4641630654510255,0.0,0.0,0.0145632695691588,0.5811225030233805,5
515423,-1.5824367078789177,-0.8024290039733696,-0.5,0.0,-0.5,0.0,0.0,-1.5545633058487074,0.1350614931535953,0.0,0.7367495369393785,0.0,0.0,-0.5358369345489745,2.6303167041658844,0.0,-0.926703665492017,0.0082064975477079,0
515436,1.259320029366666,0.7650513326678573,-1.0,-1.0,-0.5,0.0,0.0,-0.48141211600645,-0.658683161076804,-3.801784016923932,0.3100019998680502,0.0,0.0,-1.945257774202184,0.0,3.10628371950539,-0.3175867356695826,-5.846818380501243,3
515478,-0.1055405830405939,-0.7777566563817965,-0.5,0.0,0.0,0.0,0.0,-0.6428019077458929,-0.658683161076804,1.223901085741545,-0.3378778341536493,1.8945304820059297,0.0,0.4641630654510255,0.0,0.0,-0.6087776096755729,-0.7530887739247085,6
515490,1.0197551550761488,0.7650513326678573,0.5,1.0,1.0,0.0,0.0,0.5829525521786225,-0.2218539557031286,0.6460181545591593,0.0269891667947226,1.0,0.0,0.4641630654510255,0.0,0.0,0.3789677434063493,0.3809273522401877,5
515502,-1.3165998654630924,-1.6006803839406132,-1.0,-1.0,-0.5,0.0,4.0,-0.4399335742612029,-0.658683161076804,-3.801784016923932,0.3100019998680502,3.4424745961808574,0.0,-1.945257774202184,0.0,3.10628371950539,0.0842798984264426,-5.846818380501243,3
515514,0.3219186297891719,-0.2173706571356206,-1.5,-1.0,-1.0,0.0,0.0,-5.01837906474446,-0.658683161076804,-3.801784016923932,-1.7312471447788258,-5.8849491923617165,0.0,-1.945257774202184,0.0,0.0,,,1
515516,0.8955165749326622,0.0,-1.5,-1.0,-1.0,0.0,0.0,-5.01837906474446,-0.658683161076804,-3.801784016923932,-1.7312471447788258,-5.8849491923617165,0.0,-1.945257774202184,0.0,0.0,,,1
515523,0.3501857072988972,-0.4373685033222146,0.0,-0.5,0.5,0.0,1.3333333333333333,0.624531306964709,-0.658683161076804,-2.223901085741545,0.60981374613042,1.3087681003312956,0.0,-0.9452577742021836,0.0,2.2892242269941026,1.0599879572747994,-0.5128726183117109,2
515529,0.3028208413348977,-0.6817349135302966,-0.5,0.0,-0.5,1.5,0.0,-0.9844461609027249,0.69823228777992,0.0,-0.8521289889920516,0.0,0.0,-0.5358369345489745,2.6303167041658844,0.0,-1.6903913055013269,-0.1873372647146508,0
515530,0.8963022759909965,0.4509389841865806,-1.5,-1.0,-1.0,0.0,0.0,-5.01837906474446,-0.658683161076804,-3.801784016923932,-1.7312471447788258,-5.8849491923617165,0.0,-1.945257774202184,0.0,0.0,,,1
515565,-0.2436797855732951,0.7772174909202333,0.5,1.0,1.0,0.0,0.0,0.3029315109427162,0.4368292053736752,0.6460181545591593,0.1763733206847534,1.0,0.0,0.4641630654510255,0.0,0.0,0.4622908692036884,1.0220320640513414,5
515578,1.739179925815933,0.8252226888668068,1.5,1.5,2.0,0.4999999999999998,0.6666666666666664,0.8286252383446995,0.1350614931535953,-0.4772413011367771,-0.1423686188473956,0.0,0.0,0.1617063421381263,0.0,0.690813957738791,0.4169738268971977,0.7473967575117998,5
515580,1.4803006478547285,0.8605538768015021,0.5,0.5,1.0,0.0,1.0,0.2280907981194525,0.1350614931535953,-0.7323949782604657,0.5930148329413781,1.0,0.0,0.0,0.0,1.0,0.9599057343526908,0.1815519222132441,5
515586,-0.9967694099083624,0.1011544248762458,1.0,1.5,0.5,0.0,0.0,0.5437267585346578,0.2614030824062447,0.0,-0.2042491549703521,0.0,0.0,-0.311497195240441,2.18274896353532,0.0,0.0682427862800601,0.9184807827677254,5
515610,-0.8076465267618362,1.0614334032407846,0.0,1.0,0.0,1.5,1.0,-1.236261221399383,0.9288061473839948,3.0693890386634664,0.0269891667947226,0.0,0.5108256237659907,-0.1695975135107168,3.313807142066604,0.0,-1.1410631737840549,1.476376736876353,0
515634,-0.8902696664980724,0.0,-1.5,-1.0,-1.0,0.0,0.0,-5.01837906474446,-0.658683161076804,-3.801784016923932,-1.7312471447788258,-5.8849491923617165,0.0,-1.945257774202184,0.0,0.0,,,1
515639,0.5697336377506751,0.7157050973079879,2.0,2.5,2.0,0.4285714285714284,0.5714285714285712,0.9478993194530112,0.5531573958679379,0.3784131328196244,-0.0833673107571263,0.6795775573916313,0.0,0.2065593450588091,0.8662394014360383,0.0,0.8710242476566513,1.318259245922806,5
515645,0.4174462381139991,-0.6123631726854253,0.0,0.0,0.0,0.0,0.0,0.6369226832910451,0.341316838923196,-1.0,1.055491476471528,1.8945304820059297,0.0,-0.9452577742021836,1.8662394014360388,1.2892242269941023,1.4935867553660631,-1.1627441176570776,2
515666,0.1263276549558812,0.2753642525262495,0.5,1.0,1.0,0.0,2.0,0.1587019472863331,0.1350614931535953,0.0,0.1038793384945924,0.0,0.0,0.4641630654510255,0.0,0.0,-0.1274296687143463,-0.1652123430445858,5
515675,0.1775390776965543,2.071091928321221,0.0,0.0,1.0,2.25,3.0,0.3372671087447133,-0.658683161076804,-2.5778829311823865,-0.4482343117054982,2.703731733044999,0.5108256237659907,-0.1695975135107168,0.0,2.2892242269941026,0.2610168109988737,-0.6734341376395528,2
515684,-0.899691848879138,1.2844638578702687,2.0,2.5,1.5,0.4285714285714284,0.5714285714285712,0.9249610147227816,0.5531573958679379,0.3784131328196244,-0.6208906672269769,0.8092012510390698,0.0,-0.071673869097949,1.6303167041658837,0.0,0.2352942887322969,0.7475278636155938,5
515688,-1.3007419278512578,0.5064929114075749,0.5,1.0,1.0,0.0,0.0,0.3603534406795055,0.9288061473839948,0.6460181545591593,-0.0548650010803214,1.0,0.0,0.4641630654510255,0.0,0.0,0.2700331459861866,-0.0801406658395739,5
515694,1.716225458148407,1.442588599810844,1.5,2.0,2.0,1.0,0.0,1.2331084518602524,0.1350614931535953,0.0,-0.8521289889920516,0.0,0.0,0.4641630654510255,0.0,0.0,0.1569663092332743,0.5297862923637456,5
515713,-0.2436797855732951,0.3205839652723227,0.0,0.0,0.5,2.0,0.0,-0.0021857299012968,-0.658683161076804,-1.0,1.6158676927261533,1.3087681003312956,0.0,-0.1695975135107168,0.0,1.2892242269941023,0.9534536794319888,0.115435046726883,2
515727,-0.4463538294688619,-0.160989241751724,0.5,1.0,1.0,0.0,2.0,0.4207609452094122,-0.2218539557031286,0.0,-0.2363597157400465,0.0,0.0,0.4641630654510255,0.0,0.0,0.0133761309942983,0.4014373473954671,5
515735,-0.5044516825729113,-0.7292238865448002,-1.0,-0.5,-0.5,0.0,0.0,-0.9844461609027249,0.69823228777992,0.0,-1.7312471447788258,0.0,0.0,0.4641630654510255,0.0,0.0,-5.009979129451652,-0.5152231857481969,0
515739,-2.044719587738681,-0.4584993070321419,0.0,0.5,0.0,0.0,1.3333333333333333,-0.4473248357301356,0.341316838923196,0.0,-0.1423686188473956,0.0,0.0,-0.1695975135107168,1.8662394014360388,0.0,-0.6173305177765229,-0.3080034911329955,0
515751,0.8233409783420634,0.4927349096618701,0.0,0.5,0.5,0.0,0.0,0.2623541178980093,0.341316838923196,0.8454879529219202,-0.0833673107571263,1.3087681003312956,0.0,0.4641630654510255,0.0,0.0,0.7453329491858882,0.529249456540984,5
515764,0.3361084033766142,-0.658368006199544,0.0,-0.5,0.5,0.0,0.0,0.7038270297037543,0.341316838923196,-2.223901085741545,1.055491476471528,0.0,0.0,-0.9452577742021836,0.0,2.2892242269941026,1.145467892401464,-0.812567731449149,2
515778,-0.1176640240616086,0.1661047583479931,0.0,0.0,0.5,0.0,1.3333333333333333,0.2906529926937602,-0.0955123664504794,-1.0,0.3100019998680502,0.0,0.0,-0.1695975135107168,0.0,1.2892242269941023,0.0674510309242923,-0.2259202057985012,2
515802,0.2639979357320658,0.5064929114075749,1.0,1.0,1.5,0.0,0.8,0.6641544452367806,0.2614030824062447,0.5227586988632229,-0.0380660878912795,1.5479441141749286,0.0,0.0979236444127681,0.0,0.8170594925112873,0.5962269793727665,0.7376196096506538,5
515818,0.0888223684153056,0.2135937313624968,-1.0,-0.5,-1.0,0.0,0.0,-5.01837906474446,-0.658683161076804,2.2239010857415447,-1.7312471447788258,-5.8849491923617165,0.0,-1.945257774202184,4.496556105601924,0.0,-5.009979129451652,0.0699777172716013,4
515831,1.068244547615263,0.2905406156119291,-0.5,0.0,-0.5,0.0,2.0,-0.1475338017355012,0.1350614931535953,0.0,-0.8521289889920516,0.0,0.0,-0.5358369345489745,2.6303167041658844,0.0,-1.0016827564426103,-0.2222112216538079,0
515835,0.009084813738509,0.2905406156119291,0.0,0.5,0.5,0.0,0.0,0.631709541133946,-0.0955123664504794,0.8454879529219202,-0.6566197736857983,1.3087681003312956,0.0,0.4641630654510255,0.0,0.0,-0.4896826731260588,-0.1101554819602317,6
515854,-0.6367381116681852,0.0511563914573724,-0.5,-1.0,0.0,0.0,0.0,-0.5373396431954355,-0.658683161076804,-3.801784016923932,0.5412403216331251,0.0,0.0,-1.945257774202184,0.0,3.10628371950539,-0.1554016245301094,-5.846818380501243,3
515874,-0.2753021736780416,-0.2557742709686207,-1.0,-1.0,-0.5,0.0,0.0,-1.0577618083242022,-0.658683161076804,-3.801784016923932,1.189120155654825,3.4424745961808574,0.0,-1.945257774202184,0.0,3.10628371950539,0.2474452305315632,-5.846818380501243,3
515891,0.0,0.084613882090961,1.0,1.5,1.0,0.0,0.8,0.7309109351381303,0.0,0.0,0.1038793384945924,0.0,0.0,0.0979236444127681,1.18274896353532,0.0,0.8111535673262753,0.6473401985732073,5
515901,0.0226254934042333,0.0342356026297282,-0.5,0.0,0.0,0.0,2.0,-0.3011576545890609,0.1350614931535953,0.0,-0.1423686188473956,0.0,0.0,0.4641630654510255,0.0,0.0,-0.3659957164988707,-0.3829005443447729,0
515908,-0.3624891117628728,-0.0347747680912913,-0.5,0.0,0.0,1.5,2.0,-0.5250387180961157,0.1350614931535953,0.0,-0.5691161559187239,0.0,0.0,0.4641630654510255,0.0,0.0,-1.0778365863519213,-0.4413207139071294,0
515941,-0.5261909651618265,-0.0523696989290143,0.5,0.0,1.0,0.0,0.0,0.6789113619015444,-0.2218539557031286,-1.577882931182386,0.5412403216331251,0.0,0.0,-0.5358369345489745,0.0,1.8170594925112875,0.7326417835354689,0.227090834804708,2
515947,0.4589591145550679,-0.0701059560259865,-0.5,0.0,0.0,0.0,0.0,0.138573775294697,0.1350614931535953,0.0,-1.2169959899404237,0.0,0.0,0.4641630654510255,0.0,0.0,-1.312337582317039,-0.4974515262209084,0
515953,1.0133317223479803,0.2135937313624968,0.0,0.5,0.5,2.0,0.0,0.2766223527970877,0.341316838923196,1.577882931182386,-0.4872619880436798,2.4424745961808583,0.0,0.4641630654510255,0.0,0.0,-0.1287653252961859,0.295956848267543,6
515974,0.6051745739188196,-0.2557742709686207,0.0,-0.5,0.5,0.0,0.0,0.4894268458442015,-0.658683161076804,-2.223901085741545,0.95788183388975,0.0,0.0,-0.9452577742021836,0.0,2.2892242269941026,0.6549307666169945,-0.8525848392031256,2
515985,-1.6852608837419163,-0.2364889768829301,0.0,0.0,0.5,1.0,0.0,0.5740866562643334,-0.0955123664504794,-1.0,0.1285072852083251,0.0,0.0,-0.1695975135107168,0.0,1.2892242269941023,0.1736670138130513,-1.6743218074004866,2
516001,0.320018065441517,-0.3957040193861091,-1.0,-1.0,-0.5,0.0,0.0,-0.7742508386015071,-0.658683161076804,-3.801784016923932,0.0269891667947226,3.4424745961808574,0.0,-1.945257774202184,0.0,3.10628371950539,-0.2787965503379386,-5.846818380501243,3
516004,0.0996192236307875,0.0171841500464987,-0.5,0.0,0.0,0.0,0.0,0.2112719082843872,0.1350614931535953,0.0,-0.3378778341536493,0.0,0.0,0.4641630654510255,0.0,0.0,-0.1566657774537584,-0.2770828486680691,0
516006,0.2142446204098905,0.7157050973079879,1.0,1.5,1.5,0.6000000000000001,0.0,0.7508443001101921,0.0,0.0,0.1478710110079485,0.0,0.0,0.4641630654510255,0.0,0.0,0.6683421869183691,0.0364113470442659,5
516039,-0.5779753101425147,-0.6123631726854253,-1.5,-1.0,-1.0,0.0,0.0,-5.01837906474446,-0.658683161076804,-3.801784016923932,-1.7312471447788258,-5.8849491923617165,0.0,-1.945257774202184,0.0,0.0,,,1
516053,0.0505079689189982,0.3939512500814855,1.0,1.5,0.5,0.6000000000000001,0.8,-0.3934088944951812,0.0,0.0,-0.0833673107571263,0.0,0.0,-0.311497195240441,2.18274896353532,0.0,-0.6461996951433685,0.9724787703758854,5
516057,-0.2177511905783598,2.361725045541226,0.5,1.5,1.0,1.2000000000000002,1.6,0.3313953190977514,0.4919769420103195,1.4390194395059634,0.1038793384945924,2.703731733044999,0.4054651081081644,0.4641630654510255,1.4475677406305645,0.0,0.5266088369333312,1.1006552685592288,5
516061,-0.0152453915759639,0.2905406156119291,0.0,0.5,0.0,1.0,0.0,-0.0995167042849277,-0.0955123664504794,0.8454879529219202,0.3100019998680502,1.8945304820059297,0.0,-0.1695975135107168,1.8662394014360388,0.0,0.3405197732096562,-0.2360169602492505,6
516076,-0.3238171625337165,-0.983314472996574,-1.5,-1.0,-1.0,0.0,0.0,-5.01837906474446,-0.658683161076804,-3.801784016923932,-1.7312471447788258,-5.8849491923617165,0.0,-1.945257774202184,0.0,0.0,,,1
516086,-0.2729403685249479,-0.7292238865448002,-1.0,-1.0,-0.5,0.0,4.0,-1.0969594992736968,-0.658683161076804,-3.801784016923932,2.0031830567555966,0.0,0.0,-1.945257774202184,0.0,3.10628371950539,0.1022795206740004,-5.846818380501243,3
516089,-0.0306227795262138,0.1338683882105274,0.0,0.5,0.5,1.0,0.0,-0.3761772427418038,0.341316838923196,0.0,0.0269891667947226,0.0,0.0,0.4641630654510255,0.0,0.0,-0.5755834849916053,0.057957663911296,0
516092,0.1775390776965543,0.6524299330683321,0.5,1.0,0.5,0.0,1.0,0.2591503178234521,0.69823228777992,0.6460181545591593,-0.6566197736857983,0.0,0.0,0.0,1.4475677406305645,0.0,-0.5364266001597334,0.2483211162122248,5
516105,-0.1670026748704246,-0.5231327642549591,0.0,-0.5,0.0,0.0,0.0,-0.1874748525959896,-0.658683161076804,-2.223901085741545,1.055491476471528,0.0,0.0,-1.945257774202184,1.8662394014360388,2.2892242269941026,0.4542114625197493,-1.0292313780276647,2
516117,-1.2386892509478198,-0.9565486648353788,0.0,0.0,0.0,0.0,0.0,-0.0564198929834767,-0.0955123664504794,0.0,0.4308838440812761,0.0,0.0,-0.9452577742021836,1.8662394014360388,1.2892242269941023,0.1440237907435414,-0.7505256429503158,0
516118,-0.6465416906353081,-0.6352457830218333,-0.5,-0.5,0.0,1.5,0.0,0.0909566770942003,-0.658683161076804,-1.577882931182386,1.251000691777781,1.8945304820059297,0.0,-0.5358369345489745,0.0,1.8170594925112875,1.08350034716119,-0.5930338298496473,2
516127,-0.2220464217247383,-1.6365860878501548,-1.5,-1.0,-1.0,0.0,0.0,-5.01837906474446,-0.658683161076804,-3.801784016923932,-1.7312471447788258,-5.8849491923617165,0.0,-1.945257774202184,0.0,0.0,,,1
516132,-1.4488341035047,0.9408591679901256,0.0,1.0,0.0,0.75,2.0,-0.9170023031282084,0.1350614931535953,0.0,-0.3378778341536493,0.0,0.5108256237659907,-0.1695975135107168,3.313807142066604,0.0,-1.15694297514093,0.014925763700908,0
516144,-0.2436797855732951,0.0,0.5,1.0,0.5,0.0,0.0,0.5883232207903338,0.4368292053736752,0.0,-1.366380143830454,0.0,0.0,0.0,1.4475677406305645,0.0,-1.236273703862525,0.2512213400406717,0
516150,-0.3238171625337165,-1.2400338123026975,-1.0,-1.0,-0.5,0.0,0.0,-0.9366747547804596,-0.658683161076804,-3.801784016923932,2.0031830567555966,0.0,0.0,-1.945257774202184,0.0,3.10628371950539,0.3478930391764715,-5.846818380501243,3
516152,0.553134664470053,-0.4164379946042029,-1.0,-0.5,-0.5,0.0,0.0,-0.9636402049320868,0.69823228777992,0.0,-0.3378778341536493,0.0,0.0,0.4641630654510255,0.0,0.0,-1.1954744256756191,-0.6009323760033104,0
516176,3.3174451172145094,1.6068713429722938,0.5,1.0,0.5,0.0,0.0,0.0257958432947767,-0.2218539557031286,0.0,0.5412403216331251,0.0,0.0,0.0,1.4475677406305645,0.0,-0.0245756289353977,-0.206273089755154,5
516177,0.3780099402711201,0.4226289536358835,0.0,0.5,0.5,0.0,0.0,-0.3011576545890609,0.69823228777992,0.0,0.3100019998680502,0.0,0.0,0.4641630654510255,0.0,0.0,-0.5505733490516266,0.3076731635117059,5
516178,0.2475678720940918,0.1978772796996186,0.0,0.5,0.0,2.0,1.3333333333333333,-0.716117555167371,-0.0955123664504794,0.0,-0.8521289889920516,0.0,0.0,-0.1695975135107168,1.8662394014360388,0.0,-1.6295773359961658,0.1122148206466292,0
516211,-0.0461344695078639,0.6135758138503429,0.5,1.5,0.5,0.6000000000000001,0.8,-0.2826382628560088,0.0,1.0,0.5412403216331251,0.0,0.4054651081081644,0.0,2.6303167041658844,0.0,-0.0250987430202317,1.25109615175808,5
516216,0.476457553767181,0.728145423941257,0.5,1.0,1.0,0.75,0.0,0.5299556561929079,-0.2218539557031286,0.0,-0.4482343117054982,0.0,0.0,0.4641630654510255,0.0,0.0,-0.2478102426659295,0.1958168897334377,5
516217,1.7363267891165788,0.8370626750721992,-1.0,-0.5,-1.0,0.0,0.0,-5.01837906474446,-0.658683161076804,0.0,-1.7312471447788258,-5.8849491923617165,0.0,-1.945257774202184,4.496556105601924,0.0,-5.009979129451652,-0.5279091086425449,4
516243,-0.3011916691294831,-1.462625924074788,-1.5,-1.0,-1.0,0.0,0.0,-5.01837906474446,-0.658683161076804,-3.801784016923932,-1.7312471447788258,-5.8849491923617165,0.0,-1.945257774202184,0.0,0.0,,,1
516246,-0.4659791917316795,0.5337543951599557,0.5,1.0,1.0,1.5,1.0,0.5795907611508981,0.4368292053736752,0.0,-0.4482343117054982,0.0,0.0,0.4641630654510255,0.0,0.0,-0.0835575850363689,0.2725989310800663,5
516251,1.5998664573142398,1.46046847188864,2.0,2.5,2.0,0.0,1.1428571428571428,0.6224482443352766,0.39646457555984,0.7323949782604657,-0.4872619880436798,1.3087681003312956,0.0,0.2065593450588091,0.8662394014360383,0.0,0.1922697910089588,1.2886310938165664,5
516269,-0.0383616903038499,0.6779579877571728,1.0,1.0,1.5,0.6000000000000001,0.0,0.4783641258236343,-0.30176771222008,0.5227586988632229,-0.1791334945787352,1.5479441141749286,0.0,0.0979236444127681,0.0,0.8170594925112873,0.1927095091479864,0.9486172602465912,5
516273,-1.308653198007301,-0.7292238865448002,-0.5,0.0,0.0,0.0,0.0,0.3150336709368571,0.1350614931535953,0.0,-0.3378778341536493,0.0,0.0,0.4641630654510255,0.0,0.0,-0.141027142382333,-0.4652452691877212,0
516282,0.1692782385557059,-0.5231327642549591,-0.5,0.0,0.0,0.0,0.0,-0.1346300517816637,1.1350614931535954,0.0,-0.5691161559187239,0.0,0.0,0.4641630654510255,0.0,0.0,-0.6790056093307844,0.0484392044510138,0
516283,-0.4808418492875418,1.1554115067637536,-0.5,0.5,0.5,2.0,2.6666666666666665,0.1941104514213306,1.2614030824062443,2.8017840169239308,1.230707468388949,4.337005078186787,0.6931471805599453,1.2398233261424922,0.0,0.0,1.5142325268851848,1.1336130496409356,6
516287,-0.1711767713002504,0.963277148732632,-0.5,0.5,0.0,1.0,1.3333333333333333,-1.540862216906429,0.341316838923196,1.577882931182386,1.055491476471528,0.0,0.6931471805599453,0.4641630654510255,2.6303167041658844,0.0,-0.7162712285368784,1.2444137118096212,0
516290,1.161423898001422,0.7405160565023101,0.0,0.0,0.5,0.0,0.0,0.3239975682904653,-0.658683161076804,0.0,0.3918561677430946,1.3087681003312956,0.0,-0.1695975135107168,0.0,1.2892242269941023,0.6069938219664756,-0.1654089297558495,2
516296,0.2200017639059915,0.1175719885109969,-0.5,0.0,0.0,1.5,0.0,-0.5753580499713764,0.1350614931535953,0.0,0.7367495369393785,0.0,0.0,0.4641630654510255,0.0,0.0,-0.0943852187293924,-0.638322120051914,0
516301,-1.1861165310721564,1.2940854510316966,1.0,2.0,1.5,0.4999999999999998,0.6666666666666664,0.0968148587759089,0.5278974945717202,1.577882931182386,-0.4482343117054982,1.8945304820059297,0.3364722366212129,0.4641630654510255,1.18274896353532,0.0,-0.2064957793103949,1.6230482449632848,5
516340,0.4054049905452702,-0.5231327642549591,-1.0,-1.0,-0.5,0.0,0.0,-1.5273803548170757,-0.658683161076804,-3.801784016923932,0.7367495369393785,0.0,0.0,-1.945257774202184,0.0,3.10628371950539,-0.9040295682741992,-5.846818380501243,3
516351,-0.2699925218508799,-0.2173706571356206,0.0,0.5,0.5,0.0,0.0,0.0630667133623977,0.341316838923196,0.0,0.1285072852083251,0.0,0.0,0.4641630654510255,0.0,0.0,-0.0178108173603619,-0.1625737337133671,5
516368,0.2931943830075027,1.0399948645799229,-1.0,0.0,-0.5,1.5,2.0,-5.01837906474446,1.491976942010319,3.801784016923932,-1.7312471447788258,-5.8849491923617165,1.0986122886681096,0.4641630654510255,4.496556105601924,0.0,-5.009979129451652,0.7927742645184571,4
516375,0.4144435709349078,0.8133188749341947,1.0,1.5,1.5,1.8,1.6,0.720764581063742,0.0,0.0,-0.3378778341536493,0.0,0.0,0.4641630654510255,0.0,0.0,0.2706312254768947,0.4661502924982795,5
516418,1.1878672233907446,0.3648961975046188,0.0,0.0,0.5,1.0,1.3333333333333333,-0.1475338017355012,-0.0955123664504794,0.0,0.3100019998680502,1.3087681003312956,0.0,-0.1695975135107168,0.0,1.2892242269941023,0.2910796714657532,0.1037562103102485,5
516420,0.2182765794931225,-0.0879858281037825,-0.5,-0.5,0.0,0.0,0.0,-0.0087771460788253,0.1350614931535953,-1.577882931182386,-1.2169959899404237,0.0,0.0,-0.5358369345489745,0.0,1.8170594925112875,-1.368117408000494,-0.3663732268144536,0
516433,-0.5766621291485675,-1.332697148215006,-1.0,-0.5,-1.0,0.0,0.0,-5.01837906474446,-0.658683161076804,0.0,-1.7312471447788258,-5.8849491923617165,0.0,-1.945257774202184,4.496556105601924,0.0,-5.009979129451652,-1.360706532954648,4
516456,0.3123954047562008,0.5740257630792477,0.5,1.0,0.5,0.75,1.0,0.1217399509351415,-0.2218539557031286,0.0,-1.0833673107571262,0.0,0.0,0.0,1.4475677406305645,0.0,-1.236273703862525,0.6060923470543255,5
516507,-0.7201373393404769,0.4368293378606515,-0.5,0.0,0.0,0.0,0.0,-0.0705419845212851,-0.658683161076804,1.223901085741545,0.5412403216331251,1.8945304820059297,0.0,0.4641630654510255,0.0,0.0,0.2208008887060999,-0.0576865934529473,6
516516,0.4457212106862503,-0.0173189290703666,-1.0,-0.5,-0.5,0.0,0.0,-0.3493192428921639,0.69823228777992,2.2239010857415447,0.3100019998680502,3.4424745961808574,0.0,0.4641630654510255,0.0,0.0,0.2717405777442059,-0.8161439653489587,6
516528,-0.0519864590307947,-0.0523696989290143,0.0,0.5,0.5,1.0,0.0,0.6720569500972019,0.341316838923196,0.0,0.3918561677430946,0.0,0.0,0.4641630654510255,0.0,0.0,0.8852581431681225,0.3015413784387556,5
516543,-0.4659791917316795,-1.151102915861414,-1.0,-0.5,-0.5,0.0,0.0,-0.2949391879553278,0.69823228777992,2.2239010857415447,0.7367495369393785,3.4424745961808574,0.0,0.4641630654510255,0.0,0.0,0.5976779388721312,-0.3648538833040187,6
516556,0.4659791917316795,-0.4584993070321419,-1.0,-0.5,-0.5,0.0,0.0,-0.3934088944951812,-0.658683161076804,0.0,0.0269891667947226,0.0,0.0,0.4641630654510255,0.0,0.0,-0.444165859408448,-0.9401138843677586,0
516561,-1.4957816090594478,-0.2557742709686207,-0.5,0.0,0.0,1.5,0.0,-0.1659376186237856,0.69823228777992,0.0,-0.3378778341536493,0.0,0.0,0.4641630654510255,0.0,0.0,-0.5373023662206563,-0.8846918089039303,0
516571,-0.9282620715914432,-0.7533569369943934,0.5,0.0,0.5,0.0,1.0,0.4194350623166895,-0.2218539557031286,0.0,0.3100019998680502,0.0,0.0,-1.169597513510717,1.4475677406305645,1.8170594925112875,0.3601603467149627,0.8002751861739331,5
516578,1.514598377084125,0.8370626750721992,0.5,1.0,1.0,0.0,1.0,0.0711299175201806,-0.2218539557031286,0.6460181545591593,0.3718825359910068,1.0,0.0,0.4641630654510255,0.0,0.0,0.2488567072257019,0.5848700257138152,5
516579,0.1316214806736528,0.0171841500464987,0.5,0.0,1.0,0.0,0.0,0.5916504193946348,0.1350614931535953,-1.577882931182386,0.9061073225814968,1.0,0.0,-0.5358369345489745,0.0,1.8170594925112875,1.039954975537207,-0.2218727177448999,2
516583,-0.5885158586668233,-1.3013753161468835,-1.5,-1.0,-1.0,0.0,0.0,-5.01837906474446,-0.658683161076804,-3.801784016923932,-1.7312471447788258,-5.8849491923617165,0.0,-1.945257774202184,0.0,0.0,,,1
516590,-0.9060011884215078,-1.1803503916127198,-0.5,-0.5,0.0,1.5,2.0,0.4607730192348304,-0.658683161076804,-1.577882931182386,-0.3378778341536493,0.0,0.0,-0.5358369345489745,0.0,1.8170594925112875,-0.1769254210476162,-1.356724263079932,2
516593,1.1182782002773637,0.6266032978723975,0.0,0.5,0.5,0.0,1.3333333333333333,0.1801250946026472,0.341316838923196,0.0,1.3478644952297385,0.0,0.0,0.4641630654510255,0.0,0.0,0.9948382201063812,0.2436479781606242,5
516594,-1.4747626984996354,0.3205839652723227,0.5,1.0,1.0,0.0,0.0,0.358928929090066,-0.2218539557031286,0.0,0.5412403216331251,0.0,0.0,0.4641630654510255,0.0,0.0,0.5830298754368967,0.574440727108207,5
516614,-0.6367381116681852,0.4927349096618701,0.5,1.0,0.5,0.0,1.0,0.2214034740931534,0.4368292053736752,0.0,0.3918561677430946,0.0,0.0,0.0,1.4475677406305645,0.0,0.0914828362494717,0.5390764237152152,5
516616,1.1315731581367472,1.4515466329356972,1.5,1.0,2.0,1.0,0.0,0.8367506475451051,0.1350614931535953,-1.0,0.4308838440812761,0.0,0.0,-0.1695975135107168,0.0,1.2892242269941023,1.0242343250415866,0.7844682251599676,5
516620,-0.5976006724053323,-1.6365860878501548,-1.5,-1.0,-1.0,0.0,0.0,-5.01837906474446,-0.658683161076804,-3.801784016923932,-1.7312471447788258,-5.8849491923617165,0.0,-1.945257774202184,0.0,0.0,,,1
516639,1.1574726678658818,0.5337543951599557,1.0,1.5,0.0,0.6000000000000001,0.0,-0.4775558236714001,0.69823228777992,0.0,0.1763733206847534,0.0,0.0,-0.7756602606914664,3.048988364971359,0.0,-0.3987575249765434,0.6790890564983214,5
516647,-0.101517756375332,0.1978772796996186,0.5,1.0,0.5,0.75,0.0,0.2607537405803148,0.4368292053736752,0.0,0.222498382100976,0.0,0.0,0.0,1.4475677406305645,0.0,0.3185554308571604,0.2147087137941406,5
516679,0.2541581476087982,0.9295642475225216,-0.5,0.5,0.5,1.0,2.6666666666666665,-0.2438569783417058,-0.0955123664504794,0.0,0.9061073225814968,0.0,0.6931471805599453,1.2398233261424922,0.0,0.0,0.3115061422748404,1.009189195389815,5
516680,0.3047398876733038,-0.7533569369943934,-1.5,-1.0,-1.0,0.0,0.0,-5.01837906474446,-0.658683161076804,-3.801784016923932,-1.7312471447788258,-5.8849491923617165,0.0,-1.945257774202184,0.0,0.0,,,1
516682,-0.6286095976474712,-0.7777566563817965,0.0,-0.5,0.0,1.0,0.0,-0.4775558236714001,-0.0955123664504794,-2.223901085741545,0.4308838440812761,0.0,0.0,-1.945257774202184,1.8662394014360388,2.2892242269941026,-0.2698011244596248,-1.9072508784465425,2
516694,0.1400589179831235,-0.5013773948113078,-0.5,0.0,-0.5,0.0,0.0,-1.163734893384068,0.1350614931535953,1.223901085741545,1.3100019998680503,0.0,0.0,-0.5358369345489745,2.6303167041658844,0.0,-0.2478102426659295,-0.2101319443839105,0
516697,2.186863652174637,1.1554115067637536,-1.0,-1.0,-0.5,0.0,0.0,-0.7473284715844654,-0.658683161076804,-3.801784016923932,0.5412403216331251,3.4424745961808574,0.0,-1.945257774202184,0.0,3.10628371950539,0.0973847933712496,-5.846818380501243,3
516704,-1.4488341035047,-0.3146618177495106,0.5,0.5,1.0,0.0,1.0,0.4608614524934964,-0.2218539557031286,-0.7323949782604657,0.4308838440812761,0.0,0.0,0.0,0.0,1.0,0.4653932801357416,0.2872507275784194,5
516732,2.0458091102068,1.4063885737233457,0.0,0.0,0.5,0.0,0.0,0.1141489229760197,-0.0955123664504794,-1.0,0.1285072852083251,0.0,0.0,-0.1695975135107168,0.0,1.2892242269941023,0.0841010980936937,-0.4408529235209089,2
516739,0.3028208413348977,-0.160989241751724,-0.5,0.0,0.0,0.0,0.0,0.1459488631182283,0.1350614931535953,0.0,0.0269891667947226,0.0,0.0,0.4641630654510255,0.0,0.0,-0.5595639150282644,-0.40532178784555,0
516744,-0.5493072638897125,-1.9057373490655,-1.0,-1.0,-0.5,0.0,4.0,-1.0577618083242022,-0.658683161076804,-3.801784016923932,0.9061073225814968,0.0,0.0,-1.945257774202184,0.0,3.10628371950539,-0.519406450710553,-5.846818380501243,3
516763,0.5085042299528013,0.4788906502885904,-1.0,-0.5,-0.5,0.0,0.0,-0.3074223555998511,0.69823228777992,0.0,-0.3378778341536493,0.0,0.0,0.4641630654510255,0.0,0.0,-0.6539327234717891,-1.140153417565357,0
516765,0.4084229644462999,-0.3751629211508731,-1.5,-1.0,-1.0,0.0,0.0,-5.01837906474446,-0.658683161076804,-3.801784016923932,-1.7312471447788258,-5.8849491923617165,0.0,-1.945257774202184,0.0,0.0,,,1
516789,0.4530877795770478,0.5472599549180527,0.5,1.0,1.0,0.0,0.0,0.7290108850966506,0.4368292053736752,1.223901085741545,-0.4482343117054982,1.8945304820059297,0.0,0.4641630654510255,0.0,0.0,0.4742921885689552,1.1870997953256386,6
516798,-0.5727284017079248,-0.5672972791819948,-1.0,-0.5,-0.5,0.0,0.0,-0.6061614218076303,0.69823228777992,0.0,-0.8521289889920516,0.0,0.0,0.4641630654510255,0.0,0.0,-1.3790947510419351,-0.1239750337283194,0
516806,2.2250037621384338,1.556300763224698,1.5,2.5,2.0,0.4285714285714284,2.2857142857142856,0.9557083645913632,0.39646457555984,0.0,0.6748690008164222,0.0,0.2876820724517809,0.4641630654510255,1.0,0.0,1.0734367514464298,0.8781972780731819,5
516808,-0.6421778623628336,0.5740257630792477,0.0,0.5,0.5,0.0,0.0,0.2230802873917413,-0.0955123664504794,0.8454879529219202,-0.0833673107571263,1.3087681003312956,0.0,0.4641630654510255,0.0,0.0,0.2669491334007108,0.4626058078873837,6
516827,-0.3329486850314062,0.9520966076976962,1.5,1.0,1.5,0.0,1.3333333333333333,0.4979318767155203,0.1350614931535953,-1.0,0.6230944895081695,0.0,0.0,-0.5358369345489745,1.0,1.2892242269941023,0.5384102697534847,0.2266770714816978,5
516833,0.3313910640472022,-0.2557742709686207,0.0,0.5,0.0,0.0,2.6666666666666665,-0.3232909678166239,-0.0955123664504794,0.8454879529219202,0.3100019998680502,1.8945304820059297,0.0,-0.1695975135107168,1.8662394014360388,0.0,0.2126780433609403,0.3033905901974688,6
516841,-0.8402360138359725,-0.2948576299622514,-1.0,-0.5,-0.5,3.0,0.0,0.1179529854393986,0.69823228777992,0.0,0.0269891667947226,0.0,0.0,0.4641630654510255,0.0,0.0,-0.0224871102282097,-0.2879463728345221,0
516862,0.5997679420011682,-0.5672972791819948,-0.5,-0.5,-0.5,0.0,0.0,-0.763378450274648,-0.658683161076804,-1.577882931182386,1.189120155654825,3.4424745961808574,0.0,-1.945257774202184,2.6303167041658844,1.8170594925112875,0.491466412734004,0.1211916276484804,2
516933,0.6159387111906256,-0.4584993070321419,0.0,0.5,-0.5,0.0,0.0,-0.8666829712529469,-0.658683161076804,0.0,-1.7312471447788258,0.0,0.0,-0.9452577742021836,3.313807142066604,0.0,-5.009979129451652,0.5540473039840182,0
516939,0.0097319542861672,-0.3146618177495106,-1.0,-0.5,-0.5,3.0,0.0,-1.1992179637495972,0.69823228777992,0.0,-0.8521289889920516,0.0,0.0,0.4641630654510255,0.0,0.0,-1.8671304527933783,-2.3792961700297144,0
516965,0.476457553767181,0.5337543951599557,0.5,1.0,1.0,1.5,0.0,0.5099349059643051,-0.658683161076804,0.0,-0.4482343117054982,0.0,0.0,0.4641630654510255,0.0,0.0,-0.0943852187293924,0.3814568017351652,5
516967,-1.178731583994021,-1.825432057876876,-1.5,-1.0,-1.0,0.0,0.0,-5.01837906474446,-0.658683161076804,-3.801784016923932,-1.7312471447788258,-5.8849491923617165,0.0,-1.945257774202184,0.0,0.0,,,1
516972,0.3871886543090714,-0.1060116599355281,-0.5,0.0,0.0,1.5,2.0,-0.0540890522040309,0.69823228777992,0.0,-0.1423686188473956,0.0,0.0,0.4641630654510255,0.0,0.0,-0.1721475369469204,-0.202728253778649,0
517033,1.7562031604196209,0.2600828618709601,0.0,-1.0,0.5,3.0,1.3333333333333333,0.0043545234098094,-0.658683161076804,-3.801784016923932,1.5539871566031966,1.3087681003312956,0.0,-1.945257774202184,0.0,3.10628371950539,1.0257075615011204,-5.846818380501243,3
517061,0.4054049905452702,0.5064929114075749,1.5,1.0,2.0,0.4999999999999998,0.0,1.0404730887848723,0.341316838923196,-0.4772413011367771,0.222498382100976,0.6795775573916313,0.0,-0.1695975135107168,0.0,1.2892242269941023,0.7926087788228295,0.30933386274462,5
517064,1.3108574919663067,1.2455526811947004,0.0,0.0,0.5,2.0,0.0,0.5719524167781955,-0.658683161076804,-1.0,-0.4872619880436798,0.0,0.0,-0.1695975135107168,0.0,1.2892242269941023,-0.0738726655954942,-0.2782290704212806,2
517076,1.9461529814589005,1.103695978225202,1.0,0.0,1.5,1.8,0.8,0.5829525521786225,-0.658683161076804,-1.9562960640020104,0.8739967618118026,0.8092012510390698,0.0,-0.7756602606914664,0.0,2.10628371950539,0.8042097915613218,-0.0263930526108628,2
517105,-1.356875451008663,0.5337543951599557,0.5,1.0,0.5,0.75,1.0,-0.0425305938046579,-0.2218539557031286,0.0,-0.0833673107571263,0.0,0.0,0.0,1.4475677406305645,0.0,-0.2085381598343432,0.3572646078883214,5
517119,-1.38562183690435,-0.0173189290703666,0.5,0.5,1.0,0.75,0.0,0.2095714063863997,0.1350614931535953,-0.7323949782604657,0.6427584400467276,0.0,0.0,0.0,0.0,1.0,0.2693489942912557,-0.2931195775350846,2
517131,0.1474089376325529,1.195929196523542,0.0,0.0,1.0,0.75,1.0,0.1441111341357359,0.1350614931535953,0.0,0.8658404674405767,1.0,0.5108256237659907,-0.1695975135107168,0.0,2.2892242269941026,0.4126173339144458,1.083623071418565,5
517142,-0.4958299315963542,-1.1803503916127198,0.0,0.5,-0.5,0.0,1.3333333333333333,-0.9500496134530128,0.341316838923196,0.0,-0.8521289889920516,0.0,0.0,-0.9452577742021836,3.313807142066604,0.0,-1.6620858371601823,0.2133715847330161,0
517143,-1.7269128445226944,-1.332697148215006,-0.5,-1.0,0.0,0.0,0.0,0.119848595697766,-0.658683161076804,-3.801784016923932,0.5412403216331251,0.0,0.0,-1.945257774202184,0.0,3.10628371950539,0.1642288242439098,-5.846818380501243,3
517150,-0.2177511905783598,0.2291991117677428,1.5,2.0,2.0,1.0,0.6666666666666664,0.8471978765250171,-0.3569154488567242,0.8454879529219202,0.0269891667947226,1.3087681003312956,0.0,0.4641630654510255,0.0,0.0,0.6436527042778103,0.8388293257500321,5
517158,-0.6465416906353081,-0.589715259924501,0.0,0.5,0.5,0.0,0.0,0.2314146620134179,0.341316838923196,0.0,-0.6566197736857983,0.0,0.0,0.4641630654510255,0.0,0.0,-0.3057201422271133,-0.1921362033183727,0
517205,-0.9572994030547236,-0.2173706571356206,-0.5,0.0,0.0,0.0,0.0,0.3488893399656456,0.1350614931535953,0.0,0.1763733206847534,0.0,0.0,0.4641630654510255,0.0,0.0,0.2544740559153546,-0.3411603543685662,0
517212,-0.986819371484716,0.0,1.0,1.5,1.0,0.0,0.0,0.6002594179585083,-0.30176771222008,0.5227586988632229,-0.0548650010803214,1.0,0.0,0.0979236444127681,1.18274896353532,0.0,0.3937120021006693,0.102137393339319,5
517219,0.4368408061183669,-1.0104087041727063,-1.5,-1.0,-1.0,0.0,0.0,-5.01837906474446,-0.658683161076804,-3.801784016923932,-1.7312471447788258,-5.8849491923617165,0.0,-1.945257774202184,0.0,0.0,,,1
517231,-0.2280772499757377,-0.9039711300422292,-0.5,-0.5,0.0,1.5,0.0,0.2780830570599899,0.1350614931535953,-1.577882931182386,1.1240649009688228,1.8945304820059297,0.0,-0.5358369345489745,0.0,1.8170594925112875,0.6196909629699197,-0.7090615022309568,2
517284,-2.168971442845178,0.7772174909202333,1.0,1.0,0.5,0.0,0.8,0.2146626509062495,0.0,0.5227586988632229,0.222498382100976,0.0,0.0,-0.7756602606914664,2.18274896353532,0.8170594925112873,0.2998140822393266,0.8920568355378408,5
517324,0.7452590766038413,0.5606834135017086,-1.0,-0.5,-1.0,0.0,0.0,-5.01837906474446,0.69823228777992,0.0,-1.7312471447788258,-5.8849491923617165,0.0,-1.945257774202184,4.496556105601924,0.0,-5.009979129451652,-0.592312842013737,4
517330,0.7968857169098551,0.2600828618709601,-1.0,-0.5,-0.5,0.0,0.0,-0.8366940976961261,0.69823228777992,0.0,0.7367495369393785,0.0,0.0,0.4641630654510255,0.0,0.0,-0.3304723596700958,-0.601533189699219,0
517356,0.4937852737776073,1.274800156946006,0.0,1.0,0.5,0.75,1.0,0.4060602036441355,0.1350614931535953,1.223901085741545,0.5412403216331251,0.0,0.5108256237659907,0.4641630654510255,1.8662394014360388,0.0,0.5869375183269456,0.4937561429078282,5
517370,-0.1586837968356152,-0.7777566563817965,0.0,0.0,0.5,0.0,0.0,0.0791166920525803,0.69823228777992,-1.0,0.3918561677430946,0.0,0.0,-0.1695975135107168,0.0,1.2892242269941023,0.2160125350551289,-0.1376943263595134,2
517392,0.2931943830075027,2.1112412550579096,1.0,2.0,1.5,0.4999999999999998,0.6666666666666664,0.9661755601215408,0.1350614931535953,0.4390194395059628,-0.2560236662786049,0.8092012510390698,0.3364722366212129,0.4641630654510255,1.18274896353532,0.0,0.5972515011670798,1.060730167462404,5
517393,0.6234349782693877,-0.3146618177495106,-1.0,-0.5,-0.5,0.0,0.0,-1.5273803548170757,-0.658683161076804,0.0,0.3100019998680502,0.0,0.0,0.4641630654510255,0.0,0.0,-1.1842452298710069,-0.8885078038956764,0
517397,-0.4173164980055799,0.3794715120532125,1.0,1.5,1.5,0.0,0.8,0.6591774762217456,0.0,0.0,-0.1791334945787352,0.0,0.0,0.4641630654510255,0.0,0.0,0.1802907537447244,0.4701105892755546,5
517403,-0.0403016983759318,0.1661047583479931,0.5,0.5,1.0,0.0,1.0,0.7436502465521319,0.4368292053736752,-0.7323949782604657,0.2449467451820483,0.0,0.0,0.0,0.0,1.0,0.899602997373136,-0.4499223211238724,2
517415,-0.247414965106435,-1.0378395182527564,-1.0,-0.5,-0.5,0.0,0.0,-0.6617375002305357,-0.658683161076804,2.2239010857415447,-1.7312471447788258,3.4424745961808574,0.0,0.4641630654510255,0.0,0.0,-5.009979129451652,-0.5279592306073548,6
517438,-1.057669451982427,0.5740257630792477,1.0,1.5,1.5,0.6000000000000001,1.6,0.93216179364327,0.0,0.5227586988632229,-0.9857576681753486,0.8092012510390698,0.0,0.4641630654510255,0.0,0.0,-0.2966573442346132,0.4908562894976977,5
517445,0.4279157762145582,0.4649590448526473,0.0,-0.5,0.5,0.0,0.0,0.340187730055233,-0.0955123664504794,-2.223901085741545,1.384629370961078,0.0,0.0,-0.9452577742021836,0.0,2.2892242269941026,1.0615783155047382,-1.061997742019845,2
517467,-1.2678941210597867,-1.4963388252848984,-0.5,-0.5,0.0,1.5,0.0,0.0384035359383385,0.69823228777992,-1.577882931182386,0.5412403216331251,1.8945304820059297,0.0,-0.5358369345489745,0.0,1.8170594925112875,0.9601838022961224,-1.103225276874165,2
517486,-0.4561394036084117,0.2446949798295298,0.0,0.5,0.5,0.0,0.0,0.138573775294697,-0.658683161076804,0.0,-1.0833673107571262,0.0,0.0,0.4641630654510255,0.0,0.0,-1.117905217401152,-0.5877845784661878,0
517491,-7.737851272510618,0.1978772796996186,2.5,2.0,2.5,0.0,0.0,0.6119549779065852,-0.0352733000546046,-0.7323949782604657,0.1963469524368412,0.5857623816746332,0.0,-0.2576037203922163,0.7640773027298453,1.0,0.9859826355300833,0.6258366517232106,5
517543,0.4435052687725921,-0.0879858281037825,-1.5,-1.0,-1.0,0.0,0.0,-5.01837906474446,-0.658683161076804,-3.801784016923932,-1.7312471447788258,-5.8849491923617165,0.0,-1.945257774202184,0.0,0.0,,,1
517545,-0.2899860974898281,-0.589715259924501,-0.5,0.0,-0.5,1.5,0.0,-1.172466561205996,-0.658683161076804,0.0,-0.8521289889920516,0.0,0.0,-0.5358369345489745,2.6303167041658844,0.0,-1.8451162963177568,-0.2621369207889806,0
517548,-0.0815391743602634,-0.1984164451611818,0.0,0.5,0.0,0.0,0.0,-0.2918470802486814,0.341316838923196,0.0,-0.5691161559187239,0.0,0.0,-0.1695975135107168,1.8662394014360388,0.0,-0.78009308403542,-0.0148344513806352,0
517549,1.4753464543679646,0.9182112552292012,1.5,2.0,1.5,0.4999999999999998,0.0,0.5894843554653652,0.341316838923196,0.4390194395059628,-0.1066395123885741,0.8092012510390698,0.0,0.1617063421381263,1.0,0.0,0.6765707009046432,0.9731201751052472,5
517571,-0.1921956818600621,0.0171841500464987,-1.0,-0.5,-0.5,3.0,0.0,-0.8545590440335901,0.69823228777992,0.0,-0.3378778341536493,0.0,0.0,0.4641630654510255,0.0,0.0,-1.1053662195279668,-0.6755569439215843,0
517579,-1.638824847510617,-1.2400338123026975,-1.0,-0.5,-0.5,3.0,0.0,-0.508911940572132,-0.658683161076804,2.2239010857415447,-0.3378778341536493,3.4424745961808574,0.0,0.4641630654510255,0.0,0.0,-0.3402961984201438,-0.0227075388024461,6
517581,1.0261554402488011,1.2455526811947004,0.0,0.5,0.5,0.0,0.0,0.485755387292567,0.341316838923196,0.8454879529219202,0.4687463394429643,1.3087681003312956,0.0,0.4641630654510255,0.0,0.0,0.5658375644620467,0.4754037705246141,5
517596,0.0,0.2600828618709601,0.0,0.5,0.5,0.0,0.0,0.2314146620134179,-0.0955123664504794,0.0,0.4687463394429643,0.0,0.0,0.4641630654510255,0.0,0.0,0.3842074737802814,-0.2341442906543323,5
517622,0.6531076027838256,-0.1796235475848035,-1.5,-1.0,-1.0,0.0,0.0,-5.01837906474446,-0.658683161076804,-3.801784016923932,-1.7312471447788258,-5.8849491923617165,0.0,-1.945257774202184,0.0,0.0,,,1
517633,0.6186195829651456,0.0342356026297282,0.5,0.5,1.0,0.0,1.0,0.5719524167781955,0.1350614931535953,-0.7323949782604657,0.8242531547064528,0.0,0.0,0.0,0.0,1.0,0.8337491153535035,-0.0325026380825251,5
517653,0.9242618342871752,0.2905406156119291,-0.5,0.0,0.0,1.5,2.0,-0.819200076828232,0.69823228777992,0.0,-0.5691161559187239,0.0,0.0,0.4641630654510255,0.0,0.0,-1.2679014718641335,-0.447866438159208,0
517674,0.7562010598806398,0.4927349096618701,0.0,0.5,0.0,0.0,0.0,0.3487883375282002,0.69823228777992,2.2239010857415447,-0.5691161559187239,4.751242696512155,0.0,-0.1695975135107168,1.8662394014360388,0.0,0.7419430113877031,0.9027804189979186,6
517675,-0.2049274726775389,0.1820481643393343,0.5,1.0,1.0,0.75,1.0,0.30140644554093,0.69823228777992,1.223901085741545,0.3718825359910068,1.8945304820059297,0.0,0.4641630654510255,0.0,0.0,0.7307091167446083,0.1126958709030403,6
517676,0.6266380038686127,0.1820481643393343,0.5,1.0,0.0,0.0,1.0,0.1941104514213306,-0.2218539557031286,0.6460181545591593,-0.8521289889920516,0.0,0.0,-0.5358369345489745,2.6303167041658844,0.0,-0.720538243150895,0.9546352229457632,5
517700,0.2541581476087982,0.2135937313624968,0.5,1.0,1.0,0.0,0.0,0.334336328730926,0.4368292053736752,0.6460181545591593,-0.1423686188473956,1.0,0.0,0.4641630654510255,0.0,0.0,-0.0817778225640124,0.3111162966999839,5
517715,0.739011876306381,0.5472599549180527,-0.5,0.0,0.0,0.0,0.0,0.4019111618720241,0.69823228777992,0.0,0.6427584400467276,0.0,0.0,0.4641630654510255,0.0,0.0,0.6037580455368825,-0.6330521034468015,5
517732,-0.2263520655628703,-0.5672972791819948,-0.5,0.0,0.0,1.5,0.0,-0.32650087038226,0.1350614931535953,0.0,-1.2169959899404237,0.0,0.0,0.4641630654510255,0.0,0.0,-1.789615668418045,-0.0246779560733073,0
517735,0.6478451479311605,0.1175719885109969,-0.5,0.0,-0.5,3.0,0.0,-0.3727728001125515,0.1350614931535953,1.223901085741545,0.7367495369393785,3.4424745961808574,0.0,-0.5358369345489745,2.6303167041658844,0.0,0.5334004738658452,-0.3774211346547796,6
517739,-0.3375321126419502,-1.6006803839406132,-1.0,-0.5,-0.5,0.0,0.0,-0.4585347359399228,0.69823228777992,0.0,0.5412403216331251,0.0,0.0,0.4641630654510255,0.0,0.0,-0.1441267795805733,-1.798498529831432,0
517743,-1.3732449421243034,0.1175719885109969,0.5,1.0,1.0,0.75,0.0,0.1103276084696746,0.1350614931535953,0.0,-0.5691161559187239,0.0,0.0,0.4641630654510255,0.0,0.0,-0.5755834849916053,0.4562684898613979,5
517772,0.7651037211946607,1.093205924592412,1.0,2.0,2.0,0.4999999999999998,0.6666666666666664,0.6348700674051698,-0.0955123664504794,0.8454879529219202,0.4687463394429643,0.0,0.3364722366212129,0.7954669210998687,0.0,0.0,0.8311054358036877,1.3636327415361087,5
517776,0.2075042813394017,0.1661047583479931,0.0,0.5,0.5,0.0,0.0,0.6140641114345313,0.69823228777992,0.0,-0.2042491549703521,0.0,0.0,0.4641630654510255,0.0,0.0,0.1737220155843223,1.2162207377499452,5
517787,-0.3736946834025277,0.0511563914573724,-1.0,-0.5,-0.5,0.0,0.0,-0.8426070932214954,1.491976942010319,3.801784016923932,0.9061073225814968,3.4424745961808574,0.0,0.4641630654510255,0.0,0.0,0.2516710700404536,-0.0903020657391896,6
517803,0.544776638629751,0.5201657237419183,1.0,1.0,1.5,0.6000000000000001,0.8,0.5287910417649843,-0.30176771222008,-0.5778829311823854,-0.1066395123885741,0.0,0.0,0.0979236444127681,0.0,0.8170594925112873,0.0029513022883935,0.6251278850369141,5
517819,0.5080970128895929,-0.0523696989290143,-1.0,-0.5,-0.5,0.0,0.0,-0.549822810839958,1.491976942010319,0.0,0.0269891667947226,0.0,0.0,0.4641630654510255,0.0,0.0,-0.5732721905629845,-0.881474225346583,0
517825,-0.4221232051705569,-0.0701059560259865,0.5,1.0,1.0,0.0,0.0,0.149612340213055,0.4368292053736752,0.0,-1.02148677463417,0.0,0.0,0.4641630654510255,0.0,0.0,-0.82671143130462,-0.3465190590813006,0
517839,2.449311169882556,1.581730819371999,0.0,0.5,0.0,0.0,0.0,-0.1168904827830908,-0.0955123664504794,0.0,-0.3378778341536493,0.0,0.0,-0.1695975135107168,1.8662394014360388,0.0,-0.436546137821825,0.0587726902866171,5
517847,1.2120056380659276,1.0399948645799229,0.5,0.5,1.0,0.75,1.0,0.0791166920525803,0.1350614931535953,-0.7323949782604657,-0.3378778341536493,0.0,0.0,0.0,0.0,1.0,-0.6816983804298418,-0.1771438470991675,5
517871,0.0815878280115536,0.0,-1.0,-0.5,-0.5,0.0,0.0,-0.5332193493887077,-0.658683161076804,0.0,-0.8521289889920516,0.0,0.0,0.4641630654510255,0.0,0.0,-1.319069554483768,-1.1894980113882674,0
517894,0.067029736556652,0.6395543739241726,0.0,0.0,0.5,0.0,0.0,0.185396843213915,-0.658683161076804,-1.0,0.4687463394429643,0.0,0.0,-0.1695975135107168,0.0,1.2892242269941023,0.3615100798499377,0.2497858875737172,2
517898,0.2142446204098905,0.6652308508706292,-0.5,0.5,0.0,1.0,1.3333333333333333,-0.6665386437303178,0.341316838923196,0.0,-0.8521289889920516,0.0,0.6931471805599453,0.4641630654510255,2.6303167041658844,0.0,-1.428780131417901,-0.4327750916628877,0
517925,-0.6696293704214786,-0.6123631726854253,-1.0,-0.5,-0.5,0.0,0.0,0.0731337196642206,-0.658683161076804,2.2239010857415447,1.3100019998680503,3.4424745961808574,0.0,0.4641630654510255,0.0,0.0,1.2555455229823875,-0.528427177688462,6
517931,-1.215967270936832,0.084613882090961,1.0,0.5,1.5,0.6000000000000001,0.8,1.0770845279563916,0.0,-1.2239010857415449,0.4537367038660508,0.8092012510390698,0.0,-0.311497195240441,0.0,1.5078734502500786,1.5543526290764302,0.1215506149574195,2
517961,-1.0269584179796412,1.145164842730202,0.0,1.0,1.0,0.75,1.0,0.0425645241694755,1.1350614931535954,2.6629205252475083,0.5412403216331251,2.703731733044999,0.5108256237659907,1.0,0.0,0.0,0.3999767383938721,1.5092988566102443,6
517967,1.681227730415938,0.8605538768015021,-0.5,-0.5,0.0,0.0,0.0,0.0236760977630713,-0.658683161076804,-1.577882931182386,0.0269891667947226,1.8945304820059297,0.0,-0.5358369345489745,0.0,1.8170594925112875,0.1795899294749405,-0.7556378104164035,2
517968,0.9174829053957564,0.1500453992945883,0.5,0.0,1.0,0.0,2.0,0.3387286848344499,-0.658683161076804,-1.577882931182386,0.1763733206847534,1.0,0.0,-0.5358369345489745,0.0,1.8170594925112875,0.4515455179613192,-0.479126956026087,2
518012,-0.3793240929122098,-0.2173706571356206,-0.5,0.0,0.0,0.0,0.0,-0.7059656443572273,-0.658683161076804,0.0,-0.5691161559187239,0.0,0.0,0.4641630654510255,0.0,0.0,-1.1983103710872367,-0.4276498910780306,0
518015,-0.2006733934858729,0.1820481643393343,0.5,1.0,1.0,0.75,1.0,0.334336328730926,-0.2218539557031286,0.0,1.055491476471528,0.0,0.0,0.4641630654510255,0.0,0.0,0.7063219293991269,0.2588276977388355,5
518041,0.640300203647513,-0.2364889768829301,-1.0,-1.0,-0.5,0.0,4.0,-1.0130115542534297,-0.658683161076804,-3.801784016923932,0.3100019998680502,0.0,0.0,-1.945257774202184,0.0,3.10628371950539,-0.7926434300373187,-5.846818380501243,3
518044,-0.3934761774586333,0.0679485038398385,0.5,0.0,0.5,0.0,1.0,-0.1527511459868734,0.1350614931535953,-1.577882931182386,0.6748690008164222,0.0,0.0,-1.169597513510717,1.4475677406305645,1.8170594925112875,0.225191748887476,-0.1926322453733336,2
518074,0.2854554722298665,-0.0347747680912913,-0.5,0.0,-0.5,1.5,0.0,-0.8789838963522666,0.1350614931535953,1.223901085741545,0.3100019998680502,3.4424745961808574,0.0,-0.5358369345489745,2.6303167041658844,0.0,-0.1662211103855396,0.0630618289673726,6
518084,0.4554386432073693,-0.7053517390478198,-1.0,-0.5,-0.5,3.0,0.0,-0.9914972347232388,0.69823228777992,2.2239010857415447,2.0031830567555966,0.0,0.0,0.4641630654510255,0.0,0.0,0.3024294090044456,0.0285730830275126,0
518092,0.1871284110521476,0.1661047583479931,1.0,1.5,0.5,0.0,0.0,0.2510871136656692,0.0,0.0,-0.4872619880436798,0.0,0.0,-0.311497195240441,2.18274896353532,0.0,-0.2153898725680599,0.5386458931325997,5
518121,0.9610903910754603,0.7031942868616717,0.0,0.5,0.5,1.0,1.3333333333333333,0.624531306964709,0.341316838923196,0.8454879529219202,-0.2042491549703521,1.3087681003312956,0.0,0.4641630654510255,0.0,0.0,0.3797854176597844,0.5519629864188137,5
518127,0.0833992276722917,0.2600828618709601,0.5,1.0,1.0,0.0,2.0,0.1712648825262825,-0.2218539557031286,0.6460181545591593,0.2449467451820483,1.0,0.0,0.4641630654510255,0.0,0.0,0.1203118189688838,0.0184373665610073,5
518135,1.650028583137335,1.8586057936254248,0.0,0.5,1.0,0.75,2.0,-0.3200932470737037,-0.658683161076804,-0.7323949782604657,-0.1423686188473956,1.0,0.5108256237659907,0.4641630654510255,0.0,1.2892242269941023,-0.4299468850091401,0.4843794892215773,5
518191,0.0226254934042333,2.050740151656545,0.0,1.0,0.5,0.75,1.0,-0.2765544934337305,0.4368292053736752,0.0,-0.6566197736857983,0.0,0.5108256237659907,0.4641630654510255,1.8662394014360388,0.0,-0.754154766685177,-0.5084194080871074,5
518196,-0.7116189670717363,-0.5231327642549591,0.0,0.0,0.0,0.0,1.3333333333333333,0.2044492118617907,0.341316838923196,-1.0,0.9829974942813668,1.8945304820059297,0.0,-0.9452577742021836,1.8662394014360388,1.2892242269941023,1.319370247836068,0.2645872565388432,2
518211,-0.485823836322499,-0.0173189290703666,0.5,1.0,1.0,0.0,0.0,0.0108444019977208,0.4368292053736752,0.0,-0.5691161559187239,0.0,0.0,0.4641630654510255,0.0,0.0,-0.5629656602971103,0.5032203997714123,5
518219,-0.7986990155794161,-0.2173706571356206,0.0,0.5,0.0,1.0,0.0,-0.329723047939766,-0.0955123664504794,0.0,-0.3378778341536493,0.0,0.0,-0.1695975135107168,1.8662394014360388,0.0,-0.7334991380170535,0.0844669753439122,0
518281,0.467729884050267,0.2600828618709601,0.5,1.0,0.5,0.75,0.0,0.2527059391481663,0.1350614931535953,0.0,-0.2042491549703521,0.0,0.0,0.0,1.4475677406305645,0.0,-0.2078566976796786,0.5198755415070702,5
518324,1.455390320670462,1.1858692605047223,1.0,1.5,1.5,0.6000000000000001,0.0,0.8590384559265941,0.0,0.5227586988632229,-0.9857576681753486,0.8092012510390698,0.0,0.4641630654510255,0.0,0.0,-0.013237868140618,0.0018559437453451,5
518334,0.2061531384721079,-0.4164379946042029,-0.5,-0.5,0.0,0.0,2.0,0.1292632009543175,0.1350614931535953,-1.577882931182386,0.3100019998680502,0.0,0.0,-0.5358369345489745,0.0,1.8170594925112875,0.1255744681422304,-0.9429084309205,2
518338,1.2834342418586588,0.4226289536358835,0.5,0.5,1.0,0.0,0.0,0.3488893399656456,-0.658683161076804,-0.7323949782604657,0.5930148329413781,1.0,0.0,0.0,0.0,1.0,0.6157709984890507,-0.2934114251080713,2
518347,0.0,-0.1060116599355281,0.5,1.0,0.5,0.0,0.0,0.506351916563342,-0.2218539557031286,0.0,-0.4872619880436798,0.0,0.0,0.0,1.4475677406305645,0.0,-0.2167683773691338,0.1289076975279391,5
518348,-0.5261909651618265,-0.2173706571356206,-0.5,-0.5,0.0,1.5,2.0,0.4019111618720241,0.1350614931535953,-1.577882931182386,-0.1423686188473956,1.8945304820059297,0.0,-0.5358369345489745,0.0,1.8170594925112875,0.6599115845058133,-0.587838345224416,2
518354,-0.4449602811718662,-0.8526164401574539,-1.5,-1.0,-1.0,0.0,0.0,-5.01837906474446,-0.658683161076804,-3.801784016923932,-1.7312471447788258,-5.8849491923617165,0.0,-1.945257774202184,0.0,0.0,,,1
518372,0.3266611618818428,0.1978772796996186,-0.5,0.0,0.0,1.5,0.0,0.3044538210306228,0.1350614931535953,0.0,-0.3378778341536493,0.0,0.0,0.4641630654510255,0.0,0.0,-0.1497412854513549,-0.525073665262072,0
518393,-1.0168382925164503,-0.8273801410529529,-0.5,0.0,0.0,0.0,2.0,-0.7263932728181968,-0.658683161076804,0.0,-0.3378778341536493,0.0,0.0,0.4641630654510255,0.0,0.0,-1.1729209809000087,0.060903200928597,0
518406,-0.0602117734301469,-0.2173706571356206,0.0,0.5,0.5,0.0,0.0,-0.2735290021958272,-0.0955123664504794,0.0,0.0269891667947226,0.0,0.0,0.4641630654510255,0.0,0.0,-0.2536066207178355,-1.0744941835707715,0
518416,0.096027559690099,0.7650513326678573,0.0,0.5,0.5,1.0,0.0,0.320915786481387,0.341316838923196,0.8454879529219202,0.222498382100976,1.3087681003312956,0.0,0.4641630654510255,0.0,0.0,0.7755643400798478,-0.0442574463755282,5
518422,0.9316888929517412,0.3056133849682904,-1.0,-1.0,-0.5,0.0,0.0,-1.0276658089132589,-0.658683161076804,-3.801784016923932,0.0269891667947226,0.0,0.0,-1.945257774202184,0.0,3.10628371950539,-0.9682600125758066,-5.846818380501243,3
518443,-0.3283770551883735,-0.658368006199544,-0.5,-0.5,0.0,0.0,2.0,0.2527059391481663,0.1350614931535953,-1.577882931182386,0.6427584400467276,0.0,0.0,-0.5358369345489745,0.0,1.8170594925112875,0.3917067481495272,-0.4614659206920677,2
518450,0.5746832291009761,-0.3751629211508731,-0.5,-0.5,-0.5,0.0,0.0,-0.2526493892991873,-0.658683161076804,-1.577882931182386,0.9061073225814968,0.0,0.0,-1.945257774202184,2.6303167041658844,1.8170594925112875,0.2590048787343001,-0.5369788448914964,2
518480,0.2409530517349827,0.1338683882105274,0.5,0.5,1.0,0.75,1.0,0.4746440385249632,0.69823228777992,0.6460181545591593,0.3100019998680502,2.703731733044999,0.0,0.0,0.0,1.0,0.7913847363192595,0.524013344979924,6
518495,0.067029736556652,0.3648961975046188,-0.5,0.0,0.0,1.5,0.0,0.0569682664431991,0.69823228777992,0.0,1.366380143830454,0.0,0.0,0.4641630654510255,0.0,0.0,0.7786300257311818,-0.8038884323106146,2
518516,0.4211924475041687,0.6395543739241726,0.0,0.5,0.5,0.0,0.0,0.2095714063863997,0.341316838923196,0.0,0.1285072852083251,0.0,0.0,0.4641630654510255,0.0,0.0,0.3226874806398943,-0.0709100201470732,5
518526,0.9118139659726467,0.6779579877571728,1.0,1.5,1.5,0.6000000000000001,0.0,0.9102165530367357,-0.30176771222008,1.0,-0.1066395123885741,1.5479441141749286,0.0,0.4641630654510255,0.0,0.0,0.6161571446449088,0.5643049594912241,5
518527,1.3378637479275317,1.018346140816755,1.0,1.5,1.5,0.6000000000000001,0.8,0.7579774508969939,-0.30176771222008,1.4390194395059634,0.0888697029176791,2.227521671566561,0.0,0.4641630654510255,0.0,0.0,0.8770438955878208,0.7102543109486892,5
518533,0.3917602841521041,-0.4164379946042029,0.0,0.5,-0.5,1.0,0.0,-1.358295546998446,0.341316838923196,0.0,-0.8521289889920516,0.0,0.0,-0.9452577742021836,3.313807142066604,0.0,-1.998037937127937,0.2956706160384616,0
518535,-0.4293577455743089,0.5064929114075749,0.0,0.0,0.0,0.0,1.3333333333333333,-0.1739497081948526,-0.0955123664504794,-1.0,0.1763733206847534,0.0,0.0,-0.9452577742021836,1.8662394014360388,1.2892242269941023,-0.1126078713072352,-0.1723622117246867,2
518541,-0.4561394036084117,-0.4798342762580817,0.5,0.5,0.0,0.75,0.0,-0.1269816022505823,0.1350614931535953,-0.7323949782604657,0.6427584400467276,0.0,0.0,-1.169597513510717,2.6303167041658844,1.0,0.1164184639523339,0.6332562087084695,5
518567,-0.0785616762389392,-0.1241858541912811,-1.0,-0.5,-0.5,0.0,0.0,-1.65726747168621,0.69823228777992,0.0,-0.3378778341536493,0.0,0.0,0.4641630654510255,0.0,0.0,-1.7698971542356123,-1.2332359472571934,0
518579,0.3238171625337165,-0.3146618177495106,0.0,0.0,0.5,0.0,0.0,-0.2351553684312932,-0.0955123664504794,-1.0,0.222498382100976,1.3087681003312956,0.0,-0.1695975135107168,0.0,1.2892242269941023,0.2641962258181189,0.0610037234558626,2
518582,0.837606735467707,0.9964830697690392,0.5,0.5,0.5,0.0,0.0,0.4856695286413072,-0.2218539557031286,1.223901085741545,1.055491476471528,3.4424745961808574,0.0,-0.5358369345489745,1.4475677406305645,1.0,1.1538266207421215,0.7759428518508399,6
518585,0.5559119554400472,0.2905406156119291,0.0,0.5,0.5,1.0,0.0,0.1923749237130809,0.341316838923196,0.0,-0.2042491549703521,0.0,0.0,0.4641630654510255,0.0,0.0,-0.3207857618125258,0.1817264432514065,5
518612,-0.4077419345842769,0.4226289536358835,1.5,1.5,2.0,0.0,1.3333333333333333,0.7010482870829762,0.1350614931535953,0.0,-0.0833673107571263,1.3087681003312956,0.0,0.1617063421381263,0.0,0.690813957738791,0.6042966319162929,0.1311557409550721,5
518628,-0.7604390377164095,-1.0378395182527564,-1.5,-1.0,-1.0,0.0,0.0,-5.01837906474446,-0.658683161076804,-3.801784016923932,-1.7312471447788258,-5.8849491923617165,0.0,-1.945257774202184,0.0,0.0,,,1
518629,1.4096518991547415,1.6068713429722938,1.0,2.0,2.0,0.4999999999999998,0.6666666666666664,0.475885893435776,0.341316838923196,0.0,-0.5691161559187239,0.0,0.3364722366212129,0.7954669210998687,0.0,0.0,-0.2986964590095112,0.5218200764368737,5
518639,-0.0076063380214796,-0.2752294817283874,-1.0,-0.5,-0.5,0.0,0.0,-1.163734893384068,0.69823228777992,0.0,-1.7312471447788258,0.0,0.0,0.4641630654510255,0.0,0.0,-5.009979129451652,-1.1930614278187623,0
518642,-1.1278792739247545,-0.589715259924501,-1.0,-1.0,-0.5,0.0,0.0,-0.2180171829458386,-0.658683161076804,-3.801784016923932,0.7367495369393785,5.8849491923617165,0.0,-1.945257774202184,0.0,3.10628371950539,0.9422625026860884,-5.846818380501243,3
518645,0.152640391233466,-0.8024290039733696,-1.5,-1.0,-1.0,0.0,0.0,-5.01837906474446,-0.658683161076804,-3.801784016923932,-1.7312471447788258,-5.8849491923617165,0.0,-1.945257774202184,0.0,0.0,,,1
518694,1.0889208837283773,0.084613882090961,-0.5,-0.5,0.0,0.0,0.0,0.3268608019148045,-0.658683161076804,-1.577882931182386,1.3100019998680503,0.0,0.0,-0.5358369345489745,0.0,1.8170594925112875,0.565359817150311,-0.2886023525499211,2
518696,-0.458594244653544,-0.6123631726854253,-1.0,-1.0,-0.5,0.0,0.0,-1.4755117723937288,-0.658683161076804,-3.801784016923932,0.7367495369393785,0.0,0.0,-1.945257774202184,0.0,3.10628371950539,-0.8607913952665351,-5.846818380501243,3
518711,1.6328595524377,0.8133188749341947,-0.5,-0.5,0.0,0.0,0.0,0.3502300818090189,0.1350614931535953,-1.577882931182386,-0.1423686188473956,0.0,0.0,-0.5358369345489745,0.0,1.8170594925112875,-0.2188897287447303,-0.6725825331460944,2
518716,0.6186195829651456,0.2446949798295298,-0.5,-0.5,0.0,0.0,2.0,-0.0705419845212851,0.1350614931535953,-1.577882931182386,1.3100019998680503,0.0,0.0,-0.5358369345489745,0.0,1.8170594925112875,0.8038615623364463,-0.3492923874806976,2
518722,-0.7721237983712724,1.029197033103319,0.5,1.0,0.5,0.0,1.0,-0.3864738890548298,0.69823228777992,0.0,-0.6566197736857983,0.0,0.0,0.0,1.4475677406305645,0.0,-1.0549310397260885,0.290514744242421,5
518726,-0.4617554627175348,-0.9565486648353788,-1.0,-0.5,-1.0,0.0,0.0,-5.01837906474446,-0.658683161076804,2.2239010857415447,-1.7312471447788258,-5.8849491923617165,0.0,-1.945257774202184,4.496556105601924,0.0,-5.009979129451652,-0.3353017368427972,4
518735,-0.1958240328939725,-0.983314472996574,-1.0,-1.0,-0.5,0.0,0.0,-0.4039196137942915,-0.658683161076804,-3.801784016923932,0.5412403216331251,0.0,0.0,-1.945257774202184,0.0,3.10628371950539,-0.0990271620011234,-5.846818380501243,3
518743,0.6372732285417454,0.3648961975046188,0.0,0.5,0.5,0.0,0.0,0.2230802873917413,-0.658683161076804,0.8454879529219202,0.3100019998680502,1.3087681003312956,0.0,0.4641630654510255,0.0,0.0,0.664094184463044,0.5434411939695557,5
518747,0.3123954047562008,0.1175719885109969,-0.5,0.0,0.0,1.5,0.0,-0.421734197117816,0.1350614931535953,2.2239010857415447,-0.3378778341536493,3.4424745961808574,0.0,0.4641630654510255,0.0,0.0,-0.2818211470053953,0.2769669841044562,6
518751,-0.0076063380214796,0.6266032978723975,1.0,1.5,0.5,0.0,1.6,0.6943052893276284,-0.30176771222008,0.5227586988632229,-1.0833673107571262,0.0,0.0,-0.311497195240441,2.18274896353532,0.0,-0.4979853379351148,0.5669983381530808,5
518756,0.5559119554400472,1.5732866326499662,0.0,1.0,1.0,0.75,1.0,0.3646125823739102,-0.2218539557031286,0.0,-0.2363597157400465,0.0,0.5108256237659907,1.0,0.0,0.0,-0.0512271681708946,0.6120532362789027,5
518826,-0.1176640240616086,-0.4164379946042029,-1.0,-0.5,-0.5,0.0,0.0,-0.3394641784491781,-0.658683161076804,0.0,-0.3378778341536493,0.0,0.0,0.4641630654510255,0.0,0.0,-0.6803506877090552,-1.233083182419913,0
518827,1.6159813319555858,1.0614334032407846,0.5,0.0,1.0,1.5,0.0,1.0067443126304898,-0.2218539557031286,-1.577882931182386,0.5412403216331251,0.0,0.0,-0.5358369345489745,0.0,1.8170594925112875,1.0749633977727395,-0.073387269785482,2
518865,0.4377308473363926,0.0342356026297282,0.0,0.5,0.5,0.0,0.0,0.2363760015946733,0.341316838923196,0.0,-0.0833673107571263,0.0,0.0,0.4641630654510255,0.0,0.0,-0.0054927254735743,0.1602339879624163,5
518866,0.0801373769604198,-0.1984164451611818,0.0,0.5,0.5,0.0,0.0,0.0404865985677702,-0.658683161076804,0.0,-0.2042491549703521,0.0,0.0,0.4641630654510255,0.0,0.0,-0.4169338655282932,0.5821052647178714,5
518867,-0.3292904402501106,-0.2173706571356206,-0.5,0.0,0.0,0.0,2.0,-0.2918470802486814,0.1350614931535953,1.223901085741545,-0.5691161559187239,1.8945304820059297,0.0,0.4641630654510255,0.0,0.0,-0.9806055200604946,0.5693048148436457,6
518870,0.1263276549558812,-0.160989241751724,0.0,0.0,0.5,0.0,0.0,-0.1346300517816637,-0.658683161076804,-1.0,0.1285072852083251,0.0,0.0,-0.1695975135107168,0.0,1.2892242269941023,-0.2237023120179028,-0.0160896390632043,2
518894,-0.7372976391487329,-0.5013773948113078,0.0,0.5,-0.5,0.0,2.6666666666666665,-1.8108913245397704,0.341316838923196,0.0,-0.3378778341536493,0.0,0.0,-0.9452577742021836,3.313807142066604,0.0,-1.9327701552223275,0.1062541575985232,0
518896,-0.6531076027838256,1.235716797952375,0.5,1.0,1.5,0.6000000000000001,0.8,0.6450124409368093,0.2614030824062447,0.5227586988632229,1.6338580568282812,0.0,0.4054651081081644,0.4641630654510255,0.0,1.0,1.380176517083579,1.230330557802624,5
518907,-1.1861165310721564,0.7031942868616717,1.0,0.5,1.5,0.6000000000000001,0.8,0.5357547045781625,0.0,-1.2239010857415449,0.2042491549703524,0.0,0.0,-0.311497195240441,0.0,1.5078734502500786,0.4625240321336087,0.0558450563009982,2
518922,0.9174829053957564,-0.3346452313910828,-1.0,-1.0,-0.5,0.0,4.0,-0.1984534887515583,-0.658683161076804,-3.801784016923932,1.7852254783682713,0.0,0.0,-1.945257774202184,0.0,3.10628371950539,0.7964600510421127,-5.846818380501243,3
518925,0.9163505641311328,-0.0347747680912913,-1.0,-1.0,-0.5,0.0,0.0,-0.9636402049320868,-0.658683161076804,-3.801784016923932,1.055491476471528,0.0,0.0,-1.945257774202184,0.0,3.10628371950539,-0.2363608566419878,-5.846818380501243,3
518931,0.0037909880207375,-1.0937450900539751,-1.5,-1.0,-1.0,0.0,0.0,-5.01837906474446,-0.658683161076804,-3.801784016923932,-1.7312471447788258,-5.8849491923617165,0.0,-1.945257774202184,0.0,0.0,,,1
518954,-0.7372976391487329,-0.3548111444861987,0.0,0.5,0.5,1.0,0.0,0.098758569913415,-0.0955123664504794,0.0,0.0269891667947226,0.0,0.0,0.4641630654510255,0.0,0.0,-0.1245244087940935,-0.1318670982937357,0
518956,-0.7459403677042734,0.5064929114075749,-0.5,-0.5,0.0,1.5,4.0,-0.1244474698007082,-0.658683161076804,-1.577882931182386,0.3100019998680502,0.0,0.0,-0.5358369345489745,0.0,1.8170594925112875,-0.1759750129617032,-0.6907483446282027,2
518963,-0.4173164980055799,-1.1803503916127198,-0.5,0.0,0.0,0.0,0.0,-0.3105722598456124,-0.658683161076804,0.0,-0.1423686188473956,0.0,0.0,0.4641630654510255,0.0,0.0,-0.526433998153649,-0.9018444416870364,0
518971,0.6159387111906256,0.2291991117677428,-0.5,0.0,0.0,1.5,0.0,-0.8545590440335901,0.1350614931535953,0.0,-1.2169959899404237,0.0,0.0,0.4641630654510255,0.0,0.0,-1.9213895625698931,-0.3996537968744056,0
518998,0.6478451479311605,0.3794715120532125,0.0,0.5,0.5,0.0,1.3333333333333333,0.125509972457016,0.9999999999999998,0.0,-0.4872619880436798,0.0,0.0,0.4641630654510255,0.0,0.0,-0.5458995578305382,0.0376433162122963,5
519014,1.1907812145504084,0.1011544248762458,0.5,0.0,0.5,0.0,1.0,0.30140644554093,-0.2218539557031286,-1.577882931182386,1.3478644952297385,0.0,0.0,-1.169597513510717,1.4475677406305645,1.8170594925112875,0.928510855984292,-0.5310557896766246,2
519059,0.4624726215632086,-0.1796235475848035,-0.5,0.0,0.0,1.5,2.0,-0.0356708674141617,0.1350614931535953,0.0,-0.3378778341536493,0.0,0.0,0.4641630654510255,0.0,0.0,-0.4687303760973201,0.2386362767344445,0
519079,-0.2832965332221107,0.3056133849682904,1.0,1.0,1.0,1.2000000000000002,0.8,0.6501441727399211,0.0,-0.5778829311823854,0.6427584400467276,0.0,0.0,-0.311497195240441,1.18274896353532,0.8170594925112873,0.995895250356772,0.5806808015515232,5
519089,0.6478451479311605,-0.0173189290703666,0.0,0.5,0.0,1.0,0.0,-0.7367958543838122,0.69823228777992,0.0,0.5412403216331251,0.0,0.0,-0.1695975135107168,1.8662394014360388,0.0,-0.4393937298591794,0.8689954696850868,0
519091,-0.6531076027838256,-0.7292238865448002,-0.5,-0.5,0.0,1.5,0.0,-0.1606382401211373,0.1350614931535953,0.0,1.3100019998680503,3.4424745961808574,0.0,-0.5358369345489745,0.0,1.8170594925112875,0.8617754982867508,0.440100629748312,6
519096,1.3732449421243034,0.4083366568994223,-0.5,0.0,0.0,3.0,2.0,-0.3329575947312695,-0.658683161076804,0.0,0.0269891667947226,0.0,0.0,0.4641630654510255,0.0,0.0,-0.3400901090482718,-0.6998557784937525,0
519114,0.9253891445207704,0.9744013643849618,0.0,0.5,0.5,1.0,0.0,0.1694816048141706,-0.0955123664504794,0.0,0.5412403216331251,0.0,0.0,0.4641630654510255,0.0,0.0,0.2889203596415694,0.2429309207197854,5
519117,-1.0168382925164503,0.1011544248762458,0.5,1.0,1.0,1.5,1.0,0.5697350512762837,0.1350614931535953,0.0,0.2449467451820483,0.0,0.0,0.4641630654510255,0.0,0.0,0.4157972207364723,0.0587222988727558,5
519137,-0.0114217577775157,-0.3548111444861987,0.0,0.5,0.5,0.0,2.6666666666666665,0.3372671087447133,-0.0955123664504794,0.8454879529219202,-0.0833673107571263,1.3087681003312956,0.0,0.4641630654510255,0.0,0.0,0.1419499605551384,0.3960307588093911,5
519140,-0.2006733934858729,0.8488395143843301,1.0,1.0,1.5,0.0,0.0,0.6338418813050893,0.4919769420103195,0.0,-0.1791334945787352,0.8092012510390698,0.0,0.0979236444127681,0.0,0.8170594925112873,0.3239539425199376,-0.3395780411809176,5
519171,0.6234349782693877,0.1978772796996186,-0.5,0.0,-0.5,0.0,0.0,-1.5273803548170757,0.1350614931535953,1.223901085741545,0.9061073225814968,3.4424745961808574,0.0,-0.5358369345489745,2.6303167041658844,0.0,-0.3175867356695826,0.1843544804132629,6
519191,0.1973455660552787,1.1141364333104238,-1.0,-1.0,-0.5,0.0,4.0,-1.4507276796498856,-0.658683161076804,-3.801784016923932,1.703371310493227,3.4424745961808574,0.0,-1.945257774202184,0.0,3.10628371950539,0.1911022297244309,-5.846818380501243,3
519205,-0.1670026748704246,-0.1796235475848035,-0.5,0.0,0.0,0.0,2.0,0.0830818683322752,0.1350614931535953,0.0,-0.5691161559187239,0.0,0.0,0.4641630654510255,0.0,0.0,-0.504568132505802,0.039079800746206,0
519210,-0.7201373393404769,0.0511563914573724,0.5,0.0,0.5,0.0,0.0,-0.3727728001125515,-0.2218539557031286,-1.577882931182386,1.0076254409950998,0.0,0.0,-1.169597513510717,1.4475677406305645,1.8170594925112875,0.0678172729434023,-0.1734531112362549,2
519211,-1.1422605445110343,0.0679485038398385,1.0,1.0,1.5,0.6000000000000001,0.0,0.2510871136656692,0.2614030824062447,-0.5778829311823854,0.1478710110079485,0.0,0.0,0.0979236444127681,0.0,0.8170594925112873,0.1244787358379565,0.4385039897130312,5
519248,0.9208756040652278,0.0,-1.0,-0.5,-0.5,0.0,4.0,-0.5291191057528215,1.491976942010319,3.801784016923932,1.189120155654825,3.4424745961808574,0.0,0.4641630654510255,0.0,0.0,0.6497102650210309,-0.870344749677243,6
519254,-2.705845611425976,0.3939512500814855,2.0,2.0,2.5,0.0,0.5714285714285712,0.8487379042468766,-0.1667062190664846,0.0,-0.0670019300979282,0.5857623816746332,0.0,0.2065593450588091,0.0,0.598410269255311,0.7743577204287075,1.0816126750765107,5
519260,1.9180215807540544,0.728145423941257,0.0,0.0,0.5,1.0,0.0,0.5796675639848201,0.341316838923196,-1.0,-1.0833673107571262,0.0,0.0,-0.1695975135107168,0.0,1.2892242269941023,-0.9344295135155068,0.118768417522599,2
519267,-0.3593004624083679,-0.6817349135302966,-1.0,-0.5,-0.5,0.0,0.0,-1.4881826638675812,0.69823228777992,0.0,-0.8521289889920516,0.0,0.0,0.4641630654510255,0.0,0.0,-2.1049241203949336,-0.8203470463947002,0
519285,0.6661959244563824,0.2135937313624968,0.5,0.5,1.0,0.0,0.0,-0.0897473379829274,-0.2218539557031286,-0.7323949782604657,0.1763733206847534,0.0,0.0,0.0,0.0,1.0,-0.1042867651204142,0.4576270733136036,5
519312,-0.7201373393404769,-2.031951822725933,-1.5,-1.0,-1.0,0.0,0.0,-5.01837906474446,-0.658683161076804,-3.801784016923932,-1.7312471447788258,-5.8849491923617165,0.0,-1.945257774202184,0.0,0.0,,,1
519313,-1.1861165310721564,-1.825432057876876,-1.0,-0.5,-0.5,0.0,0.0,-0.4473248357301356,-0.658683161076804,0.0,-0.3378778341536493,0.0,0.0,0.4641630654510255,0.0,0.0,-0.7692948373155415,-0.5737074019800796,0
519335,0.3687835443878995,-0.3548111444861987,-0.5,-1.0,0.0,0.0,0.0,-0.1143864737947603,-0.658683161076804,-3.801784016923932,0.3100019998680502,1.8945304820059297,0.0,-1.945257774202184,0.0,3.10628371950539,0.0769110122901092,-5.846818380501243,3
519348,0.11569243028275,0.5064929114075749,0.0,0.5,0.5,0.0,1.3333333333333333,0.0830818683322752,0.341316838923196,0.0,-0.3378778341536493,0.0,0.0,0.4641630654510255,0.0,0.0,-0.4304161829536599,-0.2929546643700455,5
519353,0.544776638629751,-0.4584993070321419,-1.0,-1.0,-0.5,0.0,0.0,-0.6288743442949367,-0.658683161076804,-3.801784016923932,0.7367495369393785,0.0,0.0,-1.945257774202184,0.0,3.10628371950539,-0.1585663387712808,-5.846818380501243,3
519357,-0.2967009531759736,0.0511563914573724,1.0,1.5,1.0,0.6000000000000001,0.0,0.4519718616265066,0.2614030824062447,0.0,-0.4482343117054982,0.0,0.0,0.0979236444127681,1.18274896353532,0.0,-0.0555881113921222,-0.2717582097716159,5
519368,-1.1988483218896315,-1.3644696695666334,-1.0,-0.5,-0.5,0.0,0.0,-0.5582488651021621,-0.658683161076804,0.0,-1.7312471447788258,0.0,0.0,0.4641630654510255,0.0,0.0,-5.009979129451652,-1.2929112229088917,0
519383,-0.4600687795770939,-0.9565486648353788,-0.5,0.0,0.5,1.0,1.3333333333333333,0.347445297787934,0.341316838923196,0.8454879529219202,1.3478644952297385,0.0,0.6931471805599453,0.4641630654510255,0.0,1.8170594925112875,0.99180232504506,1.083623071418565,5
519392,-0.0657165555627049,-0.1241858541912811,-0.5,0.0,-0.5,1.5,0.0,-0.9041379554706426,0.69823228777992,0.0,-0.3378778341536493,0.0,0.0,-0.5358369345489745,2.6303167041658844,0.0,-1.1463161359267529,-0.1573641555209831,0
519393,-0.7286967641642232,-0.9565486648353788,0.0,0.0,0.0,0.0,1.3333333333333333,-0.7964257605994532,-0.0955123664504794,-1.0,0.1763733206847534,0.0,0.0,-0.9452577742021836,1.8662394014360388,1.2892242269941023,-0.6487678006218323,-0.0403148622890397,0
519406,0.2243074077441219,-0.7292238865448002,-1.5,-1.0,-1.0,0.0,0.0,-5.01837906474446,-0.658683161076804,-3.801784016923932,-1.7312471447788258,-5.8849491923617165,0.0,-1.945257774202184,0.0,0.0,,,1
519412,0.6933714065272878,0.084613882090961,-0.5,-0.5,0.0,0.0,0.0,-0.0564198929834767,-0.658683161076804,-1.577882931182386,-0.3378778341536493,0.0,0.0,-0.5358369345489745,0.0,1.8170594925112875,-0.4470449819667735,-2.2372269355452428,2
519419,-0.97129535580786,-1.1222377710152045,-1.0,-0.5,-0.5,0.0,0.0,-0.2438569783417058,-0.658683161076804,0.0,-0.3378778341536493,0.0,0.0,0.4641630654510255,0.0,0.0,-0.6015295887674279,-0.9907506924141872,0
519430,0.0801373769604198,0.0342356026297282,-0.5,0.0,0.0,0.0,2.0,-0.7797400984355424,0.1350614931535953,1.223901085741545,0.0269891667947226,1.8945304820059297,0.0,0.4641630654510255,0.0,0.0,-0.0933739228305883,-0.1515734015944231,6
519446,-0.1753607007107251,-0.1796235475848035,0.5,1.0,0.5,0.0,0.0,0.2314146620134179,0.69823228777992,0.0,0.5412403216331251,0.0,0.0,0.0,1.4475677406305645,0.0,0.1043667296346297,0.5041177285495998,5
519469,0.1316214806736528,1.967403765775278,0.0,0.5,1.0,0.75,2.0,0.5111258579710025,-0.2218539557031286,1.7466597846047676,-0.2363597157400465,3.4424745961808574,0.5108256237659907,0.4641630654510255,0.0,1.2892242269941023,0.3155682354387,0.5599479184006038,6
519515,-0.5109455735858626,-0.3548111444861987,0.5,0.5,0.5,0.75,2.0,-0.144937194427998,0.4368292053736752,-0.7323949782604657,1.1016165378877505,1.3087681003312956,0.0,-0.5358369345489745,1.4475677406305645,1.0,0.9942128530648738,0.0133859870101647,2
519529,0.0075739015134857,-0.589715259924501,-1.0,-0.5,-0.5,0.0,0.0,-1.7391374911047723,0.69823228777992,0.0,-0.3378778341536493,0.0,0.0,0.4641630654510255,0.0,0.0,-1.83793086738887,-1.4421791650389697,0
519532,-0.7269815759928722,-0.1060116599355281,0.0,0.5,0.5,0.0,0.0,-0.144937194427998,0.9999999999999998,1.577882931182386,-0.6566197736857983,2.4424745961808583,0.0,0.4641630654510255,0.0,0.0,-0.8607913952665351,0.3042601632268112,6
519541,0.0582372571474026,-0.3548111444861987,-0.5,0.0,0.0,0.0,2.0,-0.0288665364577208,0.1350614931535953,0.0,-0.5691161559187239,0.0,0.0,0.4641630654510255,0.0,0.0,-0.7663926707162788,0.0279550895749063,0
519548,0.1905406641928037,-0.7053517390478198,-1.5,-1.0,-1.0,0.0,0.0,-5.01837906474446,-0.658683161076804,-3.801784016923932,-1.7312471447788258,-5.8849491923617165,0.0,-1.945257774202184,0.0,0.0,,,1
519554,-0.1298707883550653,0.0342356026297282,0.0,0.5,0.5,0.0,0.0,0.5872365997913552,0.341316838923196,0.0,0.4687463394429643,0.0,0.0,0.4641630654510255,0.0,0.0,0.341754108536168,0.4088179811937535,5
519561,-0.7546253591591585,-1.9890737349467675,-1.5,-1.0,-1.0,0.0,0.0,-5.01837906474446,-0.658683161076804,-3.801784016923932,-1.7312471447788258,-5.8849491923617165,0.0,-1.945257774202184,0.0,0.0,,,1
519595,-0.7315590971179934,-0.1425108733599631,0.5,1.0,0.5,0.75,0.0,-0.5753580499713764,-0.2218539557031286,0.0,-0.2042491549703521,0.0,0.0,0.0,1.4475677406305645,0.0,-0.5394966328827345,0.6575570508125337,0
519596,0.0815878280115536,0.1338683882105274,-0.5,0.0,0.0,0.0,0.0,-0.4074525263263,-0.658683161076804,0.0,-0.1423686188473956,0.0,0.0,0.4641630654510255,0.0,0.0,-0.4616226952058042,-0.1719988883668216,0
519604,-1.348746936987948,-0.5451046085908845,0.0,0.5,0.5,0.0,0.0,-0.0109857932266889,-0.0955123664504794,0.0,0.1285072852083251,0.0,0.0,0.4641630654510255,0.0,0.0,0.0135741286217314,-0.7899872883784944,0
519626,-0.2502215138285469,0.3354537328232688,0.0,0.5,0.5,0.0,0.0,-0.1685998590832503,-0.0955123664504794,0.0,0.3100019998680502,0.0,0.0,0.4641630654510255,0.0,0.0,0.0530145720317979,-0.3121966753190213,5
519631,0.4234363861645041,0.7405160565023101,1.5,2.0,2.0,0.0,0.6666666666666664,0.7499483952895188,0.1350614931535953,0.0,-0.3378778341536493,0.0,0.0,0.4641630654510255,0.0,0.0,0.2834086375794619,0.3221343634151368,5
519664,0.5861789146278166,1.2059435090930102,-0.5,0.0,0.0,0.0,2.0,-0.1712705377199262,0.69823228777992,0.0,0.6427584400467276,0.0,0.0,0.4641630654510255,0.0,0.0,0.010001492019545,-0.7006123201467881,5
519687,0.140660061063292,-0.5451046085908845,-1.5,-1.0,-1.0,0.0,0.0,-5.01837906474446,-0.658683161076804,-3.801784016923932,-1.7312471447788258,-5.8849491923617165,0.0,-1.945257774202184,0.0,0.0,,,1
519694,1.7313227445530526,1.093205924592412,0.5,1.0,1.0,0.0,0.0,0.6827353240859965,0.1350614931535953,0.0,-0.8521289889920516,0.0,0.0,0.4641630654510255,0.0,0.0,-0.4442329028954909,0.399372344151162,5
519695,0.0888223684153056,0.0171841500464987,0.0,0.0,0.5,0.0,0.0,0.416777020981638,-0.658683161076804,-1.0,-0.2042491549703521,1.3087681003312956,0.0,-0.1695975135107168,0.0,1.2892242269941023,0.2022003182371473,-0.1729240160254127,2
519706,-0.1570246867538253,-0.6817349135302966,-1.0,-1.0,-0.5,0.0,4.0,-0.9366747547804596,-0.658683161076804,-3.801784016923932,2.0031830567555966,3.4424745961808574,0.0,-1.945257774202184,0.0,3.10628371950539,0.6736731619557091,-5.846818380501243,3
519709,0.152640391233466,0.6524299330683321,1.0,2.0,0.5,1.0,0.6666666666666664,0.132999785368132,0.5278974945717202,0.8454879529219202,-0.3378778341536493,0.0,0.3364722366212129,-0.311497195240441,3.048988364971359,0.0,-0.290974912772073,0.4394505074904319,5
519718,0.1103508406522334,1.873425662252309,0.5,1.0,1.5,1.2000000000000002,0.8,0.4074072837143656,-0.30176771222008,-0.5778829311823854,0.0269891667947226,0.0,0.4054651081081644,0.4641630654510255,0.0,1.0,0.3175983738569642,-0.3897783637676653,5
519722,-0.5338630168902189,-0.7533569369943934,0.0,-0.5,0.0,0.0,0.0,-0.0311285469557203,-0.658683161076804,0.0,0.7367495369393785,1.8945304820059297,0.0,-1.945257774202184,1.8662394014360388,2.2892242269941026,0.4209181635344846,0.1815519222132441,2
519725,1.0889208837283773,0.1175719885109969,-0.5,-0.5,0.0,0.0,2.0,-0.3968979197887864,0.1350614931535953,-1.577882931182386,-0.5691161559187239,0.0,0.0,-0.5358369345489745,0.0,1.8170594925112875,-0.6933293652315452,-1.1938634285818646,2
519726,-1.60103454496792,-1.209990462642304,-0.5,0.0,0.0,0.0,0.0,-0.2556007002130486,-0.658683161076804,0.0,0.0269891667947226,0.0,0.0,0.4641630654510255,0.0,0.0,-0.3987575249765434,-0.6559400979541207,0
519747,-1.638824847510617,1.8660281607378957,1.5,2.5,2.5,0.8571428571428571,1.1428571428571428,0.8762423365451962,0.0395491267031159,0.3784131328196244,-0.1167455372032776,0.5857623816746332,0.2876820724517809,0.7423962796077841,0.0,0.0,0.6453860000711509,0.8826813083377755,5
519769,-0.8184433819773189,-0.5451046085908845,0.0,0.5,0.5,1.0,1.3333333333333333,0.1532599580500368,-0.0955123664504794,0.0,-0.2042491549703521,0.0,0.0,0.4641630654510255,0.0,0.0,-0.2420619180417934,-0.0823673965150291,5
519774,0.2737835098716158,0.084613882090961,0.0,0.0,0.5,1.0,1.3333333333333333,-0.1606382401211373,0.341316838923196,-1.0,0.7367495369393785,0.0,0.0,-0.1695975135107168,0.0,1.2892242269941023,0.2304967374140352,-0.305348133710651,2
519787,-0.8622993685384407,1.215912610165116,-0.5,0.0,0.0,1.0,1.3333333333333333,-0.9235088868461168,0.341316838923196,0.8454879529219202,0.9061073225814968,3.4424745961808574,0.6931471805599453,-0.5358369345489745,2.6303167041658844,1.8170594925112875,0.1846355940153194,1.083623071418565,6
519799,-1.057669451982427,-0.0523696989290143,1.0,1.5,0.5,0.6000000000000001,0.0,0.3952053236736468,0.0,0.0,0.0269891667947226,0.0,0.0,-0.311497195240441,2.18274896353532,0.0,0.2156428268690523,0.6880838176129483,5
519846,0.9511217369537464,0.6266032978723975,0.5,0.5,1.0,0.75,0.0,0.8407278204005598,-0.658683161076804,0.0,0.1763733206847534,1.8945304820059297,0.0,0.0,0.0,1.0,1.185350690620828,0.3814452954571944,5
519848,-0.1225366669351453,0.5472599549180527,0.5,1.0,1.0,0.0,0.0,0.7336570486099938,-0.658683161076804,1.223901085741545,-0.4482343117054982,1.8945304820059297,0.0,0.4641630654510255,0.0,0.0,0.2442588633317088,0.5078613531928977,6
519853,-1.5963667966481132,-0.7777566563817965,-0.5,0.0,-0.5,1.5,0.0,-0.2380459318302974,-0.658683161076804,1.223901085741545,-0.3378778341536493,0.0,0.0,-0.5358369345489745,2.6303167041658844,0.0,-0.5967393266303141,-0.5592692682308799,0
519859,-0.436621875182693,-0.3751629211508731,1.0,1.5,1.0,1.2000000000000002,0.8,0.6358970003835497,-0.658683161076804,1.0,0.8242531547064528,1.0,0.0,0.0979236444127681,1.18274896353532,0.0,0.9449158164047762,1.053159564767573,5
519885,0.6552082265809187,0.1338683882105274,0.0,0.0,0.5,1.0,0.0,0.4005552592180045,-0.0955123664504794,0.0,0.7367495369393785,1.3087681003312956,0.0,-0.1695975135107168,0.0,1.2892242269941023,0.2145065896433345,0.0483286884619575,2
519888,1.4122240606664351,0.6135758138503429,0.5,0.5,1.0,0.0,2.0,-0.1712705377199262,0.4368292053736752,-0.7323949782604657,0.1763733206847534,0.0,0.0,0.0,0.0,1.0,-0.1736370921632861,0.10544352438303,5
519893,0.3501857072988972,1.0826657989148842,0.5,0.5,1.0,0.0,0.0,0.4260437111312598,0.1350614931535953,0.6460181545591593,-0.1423686188473956,1.8945304820059297,0.0,0.0,0.0,1.0,0.2672924796253834,0.8673403978729886,5
519896,0.2581006069710115,1.46046847188864,0.0,0.5,0.5,0.0,2.6666666666666665,0.3430982628437193,0.341316838923196,0.8454879529219202,1.055491476471528,0.0,0.0,0.4641630654510255,0.0,0.0,0.905965687820502,0.872069466107293,5
519897,-0.4283224338496264,-1.71019797549943,-1.5,-1.0,-1.0,0.0,0.0,-5.01837906474446,-0.658683161076804,-3.801784016923932,-1.7312471447788258,-5.8849491923617165,0.0,-1.945257774202184,0.0,0.0,,,1
519905,-0.3680830603664354,-0.2948576299622514,-0.5,0.0,0.0,0.0,0.0,0.5528368809799663,0.69823228777992,0.0,0.0269891667947226,0.0,0.0,0.4641630654510255,0.0,0.0,0.4216466491730919,-0.2427952095221058,0
519911,-1.4488341035047,0.7528177715328302,1.5,2.0,2.0,0.4999999999999998,0.0,0.6369226832910451,-0.3569154488567242,0.0,0.3100019998680502,0.0,0.0,0.4641630654510255,0.0,0.0,0.6074143117832195,0.5795869478690368,5
519912,-0.0286933092512776,0.1820481643393343,0.5,1.0,1.0,0.75,0.0,0.5460934650186225,0.1350614931535953,0.0,-0.2363597157400465,0.0,0.0,0.4641630654510255,0.0,0.0,0.2185949875246496,-0.086718841872425,5
519943,-0.8016765137007411,-0.8781444948462946,-1.5,-1.0,-1.0,0.0,0.0,-5.01837906474446,-0.658683161076804,-3.801784016923932,-1.7312471447788258,-5.8849491923617165,0.0,-1.945257774202184,0.0,0.0,,,1
519955,0.2659593685249017,-0.0523696989290143,-0.5,0.0,0.0,1.5,0.0,-0.1069187876520562,0.1350614931535953,0.0,-0.1423686188473956,0.0,0.0,0.4641630654510255,0.0,0.0,-0.1528802119823833,-0.0629300806039427,0
519957,0.6740028698326137,-0.0523696989290143,-0.5,0.0,0.0,1.5,0.0,-0.3592909380231978,0.69823228777992,0.0,-0.3378778341536493,0.0,0.0,0.4641630654510255,0.0,0.0,-0.6966985023714617,0.0987302489502496,0
519961,0.5335710669900959,0.3502240363019069,0.0,0.5,0.5,0.0,0.0,0.22642393624161,0.341316838923196,0.0,-0.4872619880436798,0.0,0.0,0.4641630654510255,0.0,0.0,-0.4907061237717341,-0.094804880714488,5
519965,-0.2006733934858729,0.3502240363019069,0.0,0.5,0.5,1.0,1.3333333333333333,0.7435870267225134,0.341316838923196,0.0,-0.4872619880436798,0.0,0.0,0.4641630654510255,0.0,0.0,0.1042755455465169,0.2538979685540845,5
519982,-0.9475674487685556,1.2650939780789934,-1.0,0.0,-0.5,1.5,2.0,-5.01837906474446,0.69823228777992,2.2239010857415447,-1.7312471447788258,-5.8849491923617165,1.0986122886681096,0.4641630654510255,4.496556105601924,0.0,-5.009979129451652,1.083623071418565,4
520054,1.0806792113365378,0.3939512500814855,-1.0,-0.5,-0.5,0.0,0.0,-0.2467775996522255,-0.658683161076804,0.0,-0.8521289889920516,0.0,0.0,0.4641630654510255,0.0,0.0,-1.0833520630523443,-2.472640320938804,0
520063,-0.3559850289023943,0.5337543951599557,-0.5,0.0,0.0,0.0,0.0,-0.8485618770477372,-0.658683161076804,0.0,-0.8521289889920516,0.0,0.0,0.4641630654510255,0.0,0.0,-1.5785699577239165,-0.50644583142194,0
520097,0.2883615168597734,0.3939512500814855,0.5,1.0,0.5,0.75,1.0,0.0257958432947767,0.1350614931535953,0.0,-0.8521289889920516,0.0,0.0,0.0,1.4475677406305645,0.0,-1.3023606089426156,-0.2059981241262819,0
520106,1.4872133841286117,0.3794715120532125,-1.0,-0.5,-0.5,0.0,0.0,-0.3795954965351481,0.69823228777992,0.0,-0.3378778341536493,0.0,0.0,0.4641630654510255,0.0,0.0,-0.713441070785045,-1.388427944563974,0
520141,0.3060181009083252,0.4226289536358835,0.0,0.0,0.5,0.0,0.0,0.2314146620134179,-0.0955123664504794,-1.0,0.222498382100976,0.0,0.0,-0.1695975135107168,0.0,1.2892242269941023,0.2163820462211128,-0.5204902184008483,2
520152,0.4144435709349078,0.4788906502885904,0.5,0.5,1.0,0.75,0.0,0.5460934650186225,0.4368292053736752,-0.7323949782604657,0.3718825359910068,1.0,0.0,0.0,0.0,1.0,0.4589141852780521,-0.2527681400776831,2
520170,0.2980141341699191,-0.4584993070321419,-0.5,-0.5,0.0,0.0,0.0,-0.4436211005163201,-0.658683161076804,0.0,0.0269891667947226,3.4424745961808574,0.0,-0.5358369345489745,0.0,1.8170594925112875,0.1357739886484143,-0.2561509266944233,6
520175,1.3784918505588917,1.1656108419263886,0.0,0.5,0.5,1.0,1.3333333333333333,-0.0634513530188094,0.341316838923196,0.0,-0.2042491549703521,0.0,0.0,0.4641630654510255,0.0,0.0,-0.3382380559575494,-0.0524177341406314,5
520177,-1.3609537012814048,0.9964830697690392,1.5,1.5,1.0,0.0,0.6666666666666664,0.400650243457655,-0.0955123664504794,-0.4772413011367771,0.6906244755231556,0.0,0.0,-0.5358369345489745,1.8662394014360388,0.690813957738791,0.3887743857199845,0.1656451168423992,5
520182,-0.4733949737513234,-0.5013773948113078,0.0,0.5,-0.5,0.0,0.0,-0.0681718046055054,0.341316838923196,0.8454879529219202,0.7367495369393785,0.0,0.0,-0.9452577742021836,3.313807142066604,0.0,0.3043844507692609,0.3153292697174834,0
520188,0.9343819597503666,0.728145423941257,-0.5,-0.5,0.0,0.0,2.0,-0.8020618913427774,0.1350614931535953,-1.577882931182386,0.4308838440812761,0.0,0.0,-0.5358369345489745,0.0,1.8170594925112875,-0.6570502454857704,-0.5639270666077036,2
520193,-0.7546253591591585,-0.7292238865448002,0.0,0.5,0.5,0.0,0.0,0.218039803340864,0.69823228777992,0.0,-0.0833673107571263,0.0,0.0,0.4641630654510255,0.0,0.0,0.0277803782159944,0.4230945685566975,5
520225,0.1103508406522334,0.2446949798295298,1.0,1.5,1.5,1.2000000000000002,0.0,0.4991399033087672,0.2614030824062447,0.0,-0.1791334945787352,0.0,0.0,0.4641630654510255,0.0,0.0,0.0714690927685099,0.5659377634678158,5
520244,-0.0321678663686793,-0.2364889768829301,-0.5,0.0,0.0,0.0,0.0,-0.6106552906169129,0.1350614931535953,0.0,0.3100019998680502,0.0,0.0,0.4641630654510255,0.0,0.0,-0.3810455099221137,-0.1941334014084824,0
520248,2.2993274605416034,1.0507401516565449,0.5,1.0,1.0,0.75,0.0,0.5915747011167257,-0.2218539557031286,0.0,-0.4482343117054982,0.0,0.0,0.4641630654510255,0.0,0.0,-0.1114036970452207,0.5838859083260322,5
520250,1.35210091605506,0.3502240363019069,0.5,1.0,1.0,0.0,1.0,0.3992923085876588,0.1350614931535953,0.6460181545591593,-0.4482343117054982,1.0,0.0,0.4641630654510255,0.0,0.0,0.012732247957546,0.353670373722543,5
520256,-1.277217382434204,0.1175719885109969,0.5,0.5,1.0,0.0,1.0,0.2230802873917413,-0.658683161076804,0.0,0.5412403216331251,1.0,0.0,0.0,0.0,1.0,0.2320875743934599,-0.450593458775339,5
520265,-0.9378885299188376,-0.1425108733599631,1.0,1.0,1.5,0.0,0.8,0.4808350906574019,-0.30176771222008,-0.5778829311823854,0.5412403216331251,0.0,0.0,0.0979236444127681,0.0,0.8170594925112873,0.7142404406861931,0.7659506076316237,5
520277,0.4851425452220668,0.0171841500464987,-0.5,0.0,0.0,0.0,0.0,-0.7908270795063252,-0.658683161076804,0.0,-0.8521289889920516,0.0,0.0,0.4641630654510255,0.0,0.0,-1.236273703862525,-0.5710320923424043,0
520291,1.6205588530807062,1.3602876897454408,0.5,1.0,1.0,0.0,1.0,0.3074902149632082,0.9288061473839948,0.0,0.5412403216331251,0.0,0.0,0.4641630654510255,0.0,0.0,0.41361869628024,0.6469947108874752,5
520298,1.543478317682541,0.5606834135017086,-0.5,-0.5,0.0,1.5,2.0,0.3225101920799487,0.69823228777992,-1.577882931182386,0.1763733206847534,0.0,0.0,-0.5358369345489745,0.0,1.8170594925112875,0.2375552790254804,-1.2488856526915115,2
520307,-0.699761469053222,-0.7292238865448002,0.0,0.5,0.5,0.0,2.6666666666666665,0.4100950002020861,-0.0955123664504794,0.0,-0.2042491549703521,0.0,0.0,0.4641630654510255,0.0,0.0,-0.0303517051629296,-0.1641210189046782,5
520311,0.6740028698326137,-0.1984164451611818,1.0,1.0,0.0,0.6000000000000001,0.0,0.0215510060831281,0.4919769420103195,0.0,0.7367495369393785,0.0,0.0,-1.3114971952404413,3.048988364971359,0.8170594925112873,0.4404438625701505,-0.0375085028493096,5
520314,-0.0519864590307947,-0.3751629211508731,-0.5,-1.0,0.0,0.0,0.0,-0.1501384356625912,-0.658683161076804,-3.801784016923932,0.5412403216331251,3.4424745961808574,0.0,-1.945257774202184,0.0,3.10628371950539,0.4478911360105954,-5.846818380501243,3
520327,0.4234363861645041,-0.0173189290703666,-0.5,0.0,0.0,1.5,0.0,0.1888931071699577,-0.658683161076804,0.0,-1.2169959899404237,0.0,0.0,0.4641630654510255,0.0,0.0,-1.248385587129333,0.1435862754825979,0
520358,-1.0269584179796412,-0.3751629211508731,0.5,0.5,1.0,0.0,0.0,0.2543216604571728,0.4368292053736752,-0.7323949782604657,0.1763733206847534,0.0,0.0,0.0,0.0,1.0,0.2872547626682992,-0.1471891622606005,2
520373,0.7465058841056584,0.1661047583479931,0.0,0.5,0.5,0.0,0.0,0.2591503178234521,-0.658683161076804,0.8454879529219202,0.0269891667947226,1.3087681003312956,0.0,0.4641630654510255,0.0,0.0,0.2492091279126073,-0.6350387528764869,6
520397,0.044966381854183,1.938911084814049,0.5,1.5,0.5,0.6000000000000001,0.8,-0.1501384356625912,0.2614030824062447,0.0,-0.3378778341536493,0.0,0.4054651081081644,0.0,2.6303167041658844,0.0,-0.5242806185143547,0.3829742696129993,5
520405,-0.7269815759928722,-1.4294200030383808,-1.0,-0.5,-0.5,0.0,0.0,-0.716117555167371,0.69823228777992,0.0,-1.7312471447788258,0.0,0.0,0.4641630654510255,0.0,0.0,-5.009979129451652,-1.6107691315784023,0
520411,0.8185601485013684,-0.2173706571356206,-0.5,0.0,0.0,0.0,0.0,-0.1044441943771978,0.1350614931535953,0.0,0.0269891667947226,0.0,0.0,0.4641630654510255,0.0,0.0,-0.0772495603538779,-1.0563916126532933,0
520422,0.4279157762145582,-0.4164379946042029,-0.5,0.0,-0.5,3.0,0.0,-0.4891780548923324,-0.658683161076804,0.0,0.0269891667947226,0.0,0.0,-0.5358369345489745,2.6303167041658844,0.0,-0.523206431333509,-0.4458610212336429,0
520429,-2.8135196208052577,0.9964830697690392,0.0,1.0,0.5,0.75,1.0,-0.0705419845212851,1.1350614931535954,2.2239010857415447,0.0269891667947226,0.0,0.5108256237659907,0.4641630654510255,1.8662394014360388,0.0,-0.1084053294616823,1.3207667520007729,5
520436,-0.3375321126419502,0.8953286448927934,1.5,1.5,2.0,0.0,0.0,0.6098405516917155,0.341316838923196,-0.4772413011367771,0.1285072852083251,0.0,0.0,0.1617063421381263,0.0,0.690813957738791,0.5153955455606241,0.6124000014696507,5
520440,0.6828832744004971,-0.160989241751724,-1.5,-1.0,-1.0,0.0,0.0,-5.01837906474446,-0.658683161076804,-3.801784016923932,-1.7312471447788258,-5.8849491923617165,0.0,-1.945257774202184,0.0,0.0,,,1
520480,0.1032036390015857,-0.3751629211508731,0.0,0.5,0.0,2.0,1.3333333333333333,-0.9300661059658892,-0.0955123664504794,0.0,0.4308838440812761,0.0,0.0,-0.1695975135107168,1.8662394014360388,0.0,-0.6833190769679925,0.6241285612102535,0
520491,0.3687835443878995,0.0511563914573724,1.0,1.0,1.0,0.0,0.0,0.30140644554093,0.4919769420103195,0.0,-0.5691161559187239,1.0,0.0,-0.311497195240441,1.18274896353532,0.8170594925112873,-0.2499782101013511,0.6041049540141766,5
520497,0.937742560967582,0.084613882090961,0.0,0.5,0.0,1.0,0.0,-0.7212397496919792,0.69823228777992,0.0,-0.1423686188473956,0.0,0.0,-0.1695975135107168,1.8662394014360388,0.0,-0.7616834800260597,0.4523862015316446,0
520527,0.3187498917258005,-0.4798342762580817,-0.5,0.0,0.0,0.0,0.0,0.0948666535046063,0.69823228777992,0.0,0.0269891667947226,0.0,0.0,0.4641630654510255,0.0,0.0,0.0464376747473492,-0.3331051159881588,0
520530,-0.1795545095386603,0.1338683882105274,0.5,1.0,1.0,0.75,1.0,0.263951461323235,0.4368292053736752,0.0,-0.1423686188473956,0.0,0.0,0.4641630654510255,0.0,0.0,-0.0054927254735743,0.6954572414211835,5
520532,0.3276081505544524,0.7405160565023101,0.5,1.0,1.0,0.0,1.0,0.0043545234098094,0.4368292053736752,0.0,0.3100019998680502,0.0,0.0,0.4641630654510255,0.0,0.0,0.0405122610895228,0.3243825152270152,5
520539,-0.2091917657546151,0.5606834135017086,0.5,1.5,1.5,1.2000000000000002,0.8,0.4033595654204611,0.69823228777992,1.8454879529219212,0.8739967618118026,1.5479441141749286,0.4054651081081644,0.8735839051042346,0.0,0.0,1.2201574660872845,0.3120092394519357,5
520556,-0.2177511905783598,0.3056133849682904,1.0,1.0,1.0,1.2000000000000002,0.8,0.4570631061463565,0.2614030824062447,-0.5778829311823854,0.7367495369393785,1.0,0.0,-0.311497195240441,1.18274896353532,0.8170594925112873,0.9698590487483753,0.0363768607737531,5
520558,0.4560258732386411,-0.2752294817283874,-1.0,-0.5,-0.5,0.0,0.0,-0.9914972347232388,-0.658683161076804,0.0,0.5412403216331251,0.0,0.0,0.4641630654510255,0.0,0.0,-0.5849064850941109,-0.7863378639495031,0
520561,0.8537713723126507,-0.1425108733599631,-1.5,-1.0,-1.0,0.0,0.0,-5.01837906474446,-0.658683161076804,-3.801784016923932,-1.7312471447788258,-5.8849491923617165,0.0,-1.945257774202184,0.0,0.0,,,1
520603,-1.1065233787868691,-1.4963388252848984,-1.5,-1.0,-1.0,0.0,0.0,-5.01837906474446,-0.658683161076804,-3.801784016923932,-1.7312471447788258,-5.8849491923617165,0.0,-1.945257774202184,0.0,0.0,,,1
520619,0.7993070904456361,-0.0173189290703666,-0.5,0.0,0.0,1.5,0.0,0.0671079604591404,0.69823228777992,0.0,-0.3378778341536493,0.0,0.0,0.4641630654510255,0.0,0.0,-0.1305908314490573,-0.2473160966100566,0
520680,-0.6531076027838256,-0.5013773948113078,-0.5,0.0,0.0,3.0,0.0,0.1676945449619792,-0.658683161076804,0.0,-0.3378778341536493,0.0,0.0,0.4641630654510255,0.0,0.0,-0.2623930658901441,-0.5064295398807781,0
520696,-1.057669451982427,1.7205513337595983,-0.5,0.5,0.5,1.0,1.3333333333333333,-0.2236912677174332,-0.658683161076804,0.0,-0.6566197736857983,0.0,0.6931471805599453,1.2398233261424922,0.0,0.0,-0.9344295135155068,-0.183100284917002,5
520708,-0.2091917657546151,-0.1060116599355281,0.0,0.5,0.0,0.0,0.0,0.0909566770942003,0.341316838923196,0.8454879529219202,-0.1423686188473956,0.0,0.0,-0.1695975135107168,1.8662394014360388,0.0,-0.0967023058866471,-0.0248446789717992,0
520719,0.3219186297891719,0.084613882090961,0.5,1.0,1.0,0.0,0.0,0.7142436100631411,0.1350614931535953,0.0,0.1038793384945924,0.0,0.0,0.4641630654510255,0.0,0.0,0.7277116319312156,0.8183354941937625,5
520733,0.5669778928791185,0.2753642525262495,0.0,0.5,0.5,1.0,0.0,0.1273886764782729,-0.0955123664504794,0.0,-0.0833673107571263,0.0,0.0,0.4641630654510255,0.0,0.0,-0.1263387692359332,1.0342643596037109,5
520745,1.6878425507750472,0.8837977981322299,-0.5,0.0,0.0,0.0,0.0,-0.2856966996239918,0.1350614931535953,0.0,0.4308838440812761,0.0,0.0,0.4641630654510255,0.0,0.0,-0.3057201422271133,-1.5530129169824336,0
520762,0.5152098666629388,-0.4798342762580817,-0.5,-0.5,0.0,1.5,0.0,-0.3727728001125515,0.1350614931535953,-1.577882931182386,0.5412403216331251,0.0,0.0,-0.5358369345489745,0.0,1.8170594925112875,-0.1655799751696717,-1.8381589635633664,2
520770,-0.7986990155794161,0.0342356026297282,0.5,1.0,0.0,0.0,2.0,0.0021800747076538,0.1350614931535953,1.223901085741545,-1.2169959899404237,0.0,0.0,-0.5358369345489745,2.6303167041658844,0.0,-1.1817435277469217,0.9818674508919102,0
520771,-0.4898195122786246,-0.4164379946042029,-1.0,-1.0,-0.5,3.0,0.0,-0.7367958543838122,-0.658683161076804,-3.801784016923932,1.4203584774198996,0.0,0.0,-1.945257774202184,0.0,3.10628371950539,0.1721488153937217,-5.846818380501243,3
520780,-1.1422605445110343,-2.3579545689675805,-1.5,-1.0,-1.0,0.0,0.0,-5.01837906474446,-0.658683161076804,-3.801784016923932,-1.7312471447788258,-5.8849491923617165,0.0,-1.945257774202184,0.0,0.0,,,1
520783,-0.9508055120417732,-0.3346452313910828,0.0,0.0,0.5,1.0,1.3333333333333333,0.0528779748941063,-0.0955123664504794,-1.0,-0.2042491549703521,1.3087681003312956,0.0,-0.1695975135107168,0.0,1.2892242269941023,0.2530739793436357,-0.1373877482731325,2
520804,0.0888223684153056,-0.0879858281037825,0.0,0.5,0.0,2.0,0.0,-0.0970637232090711,-0.658683161076804,0.0,-0.5691161559187239,0.0,0.0,-0.1695975135107168,1.8662394014360388,0.0,-0.8642933607233695,-0.6204459529602466,0
520819,-0.6531076027838256,-0.1060116599355281,-0.5,0.0,0.0,0.0,0.0,0.2477262299650321,-0.658683161076804,0.0,-0.3378778341536493,0.0,0.0,0.4641630654510255,0.0,0.0,-0.1964669494683079,-0.5915204586238428,0
520821,0.2867476346829352,0.1175719885109969,-0.5,0.0,0.0,0.0,0.0,-0.2645171686507984,0.1350614931535953,0.0,0.4308838440812761,0.0,0.0,0.4641630654510255,0.0,0.0,-0.1566657774537584,0.3509796303554576,0
520844,-0.1972774513166547,-0.3146618177495106,-0.5,-0.5,0.0,0.0,0.0,-0.1371950412950404,-0.658683161076804,-1.577882931182386,0.4308838440812761,0.0,0.0,-0.5358369345489745,0.0,1.8170594925112875,0.2985027103372221,-1.964426059513736,2
520851,0.2243074077441219,1.0399948645799229,1.0,1.5,1.5,0.0,0.0,0.501550773063559,0.0,1.4390194395059634,-0.1791334945787352,2.227521671566561,0.0,0.4641630654510255,0.0,0.0,0.3442162067699869,1.0181708299903316,6
520861,1.1435737255049818,1.5648100305443549,0.0,1.0,0.5,0.75,2.0,-0.279590887366316,0.69823228777992,0.0,0.4308838440812761,0.0,0.5108256237659907,0.4641630654510255,1.8662394014360388,0.0,0.1971294038610811,0.4186890403096985,5
520877,0.4377308473363926,0.2291991117677428,0.0,0.5,0.5,0.0,0.0,0.0172846759332341,-0.658683161076804,0.0,0.3918561677430946,0.0,0.0,0.4641630654510255,0.0,0.0,0.0135741286217314,0.2110212843100549,5
520878,0.6008505858709621,0.9182112552292012,0.5,0.0,1.0,0.75,0.0,0.4709074541111494,0.1350614931535953,-1.577882931182386,0.5412403216331251,1.0,0.0,-0.5358369345489745,0.0,1.8170594925112875,1.025730556002327,0.2579770230737946,2
520882,-0.436621875182693,-1.565349196005918,-1.0,-1.0,-0.5,0.0,0.0,-0.9105455787791988,-0.658683161076804,-3.801784016923932,0.7367495369393785,0.0,0.0,-1.945257774202184,0.0,3.10628371950539,-0.3916183351486538,-5.846818380501243,3
520885,0.9544508423584548,1.5985229317544651,1.0,2.0,1.5,1.0,0.6666666666666664,0.8195380753685807,0.854925108088018,1.577882931182386,0.1038793384945924,0.0,0.3364722366212129,0.4641630654510255,1.18274896353532,0.0,0.678972942011185,1.2756623505218156,5
520898,0.6346203868037256,-0.2948576299622514,0.0,0.0,0.5,1.0,0.0,0.3074902149632082,-0.0955123664504794,0.0,0.7367495369393785,2.4424745961808583,0.0,-0.1695975135107168,0.0,1.2892242269941023,0.9939721770171396,0.6525476607788878,6
520902,-0.2177511905783598,0.1500453992945883,0.5,1.0,1.0,0.75,0.0,0.4234064682758015,0.69823228777992,0.6460181545591593,-0.3378778341536493,1.0,0.0,0.4641630654510255,0.0,0.0,0.0388440307588156,0.4396601051480758,5
520920,-0.004559892654657,-0.2557742709686207,-1.0,-1.0,-0.5,0.0,4.0,-1.380470468996392,-0.658683161076804,-3.801784016923932,0.9061073225814968,0.0,0.0,-1.945257774202184,0.0,3.10628371950539,-0.7874388579716711,-5.846818380501243,3
520934,1.1444278141068704,0.6266032978723975,-1.0,-0.5,-0.5,3.0,0.0,-0.6713673010965979,-0.658683161076804,2.2239010857415447,-0.8521289889920516,3.4424745961808574,0.0,0.4641630654510255,0.0,0.0,-0.9541293523491752,0.1589355701238239,6
520947,0.3687835443878995,0.9295642475225216,0.0,0.0,1.0,2.25,2.0,0.6905335931224775,-0.658683161076804,-1.577882931182386,0.9061073225814968,1.0,0.5108256237659907,-0.1695975135107168,0.0,2.2892242269941026,0.9943692477099942,-0.1246099663099779,2
520959,0.044966381854183,-0.7777566563817965,-1.0,-0.5,-0.5,0.0,4.0,-0.8728109866596636,-0.658683161076804,0.0,-0.8521289889920516,0.0,0.0,0.4641630654510255,0.0,0.0,-1.7103209794940912,-1.862727836822385,0
521000,0.7798430357723576,0.8133188749341947,0.0,0.5,0.5,0.0,0.0,0.2860020237305984,-0.0955123664504794,0.0,-0.6566197736857983,0.0,0.0,0.4641630654510255,0.0,0.0,-0.304153163737488,-0.3596396827443645,5
521004,0.5614535425048608,0.8370626750721992,0.5,1.0,1.0,0.0,0.0,0.0549256026441173,0.1350614931535953,0.0,-0.702744835102021,0.0,0.0,0.4641630654510255,0.0,0.0,-0.721966436625047,0.483165020763427,5
521009,0.0532722919881656,-0.5231327642549591,-1.0,-1.0,-0.5,0.0,0.0,-1.0577618083242022,-0.658683161076804,-3.801784016923932,0.3100019998680502,3.4424745961808574,0.0,-1.945257774202184,0.0,3.10628371950539,-0.3144024008580462,-5.846818380501243,3
521031,-1.3245822483982044,0.2905406156119291,1.5,1.5,2.0,0.0,0.6666666666666664,0.8575171569482652,-0.0955123664504794,0.8454879529219202,0.3100019998680502,1.8945304820059297,0.0,0.1617063421381263,0.0,0.690813957738791,0.6400627858965635,0.6609218345820632,5
521033,-0.6449039982985236,0.3794715120532125,0.5,1.0,0.5,0.0,2.0,0.2655457823371474,0.1350614931535953,0.6460181545591593,0.6748690008164222,1.3087681003312956,0.0,0.0,1.4475677406305645,0.0,0.2968271061189972,0.006440246848553,5
521044,0.9099960771615316,0.7157050973079879,0.5,0.5,1.0,0.0,0.0,0.4429874827793338,-0.2218539557031286,-0.7323949782604657,0.1763733206847534,0.0,0.0,0.0,0.0,1.0,0.4247581368026163,0.0837087706041826,5
521060,0.3313910640472022,0.6395543739241726,1.0,1.0,1.5,0.0,1.6,0.4894268458442015,0.4919769420103195,0.0,0.1478710110079485,1.5479441141749286,0.0,0.0979236444127681,0.0,0.8170594925112873,0.3908168509778298,0.7085191321900747,5
521062,-0.7430547826448339,-0.8273801410529529,-1.5,-1.0,-1.0,0.0,0.0,-5.01837906474446,-0.658683161076804,-3.801784016923932,-1.7312471447788258,-5.8849491923617165,0.0,-1.945257774202184,0.0,0.0,,,1
521065,-0.4958299315963542,1.0826657989148842,0.5,1.5,0.5,1.2000000000000002,2.4,0.0569682664431991,0.4919769420103195,2.2239010857415447,-0.8521289889920516,0.0,0.4054651081081644,0.0,2.6303167041658844,0.0,-0.984248090393166,0.7819213467970805,5
521066,-0.3793240929122098,0.3056133849682904,0.5,1.0,1.0,0.0,1.0,0.6571784280611594,1.1350614931535954,0.0,-0.4482343117054982,0.0,0.0,0.4641630654510255,0.0,0.0,0.2724223749343984,0.3687109808092277,5
521070,-0.2788507806795318,0.6906121893614907,1.5,2.0,1.5,0.0,0.6666666666666664,0.7179760564961793,-0.0955123664504794,0.8454879529219202,-0.2560236662786049,0.8092012510390698,0.0,0.1617063421381263,1.0,0.0,0.2530739793436357,1.2304879199503336,5
521109,-0.9638171249137728,-0.0523696989290143,0.0,0.5,0.0,0.0,1.3333333333333333,-0.421734197117816,-0.0955123664504794,0.0,0.7367495369393785,0.0,0.0,-0.1695975135107168,1.8662394014360388,0.0,0.0306836107333082,-0.22444404063051,0
521127,0.0888223684153056,1.195929196523542,1.0,0.5,1.5,0.6000000000000001,1.6,0.7463552196760616,0.0,-1.2239010857415449,0.7367495369393785,0.0,0.0,-0.311497195240441,0.0,1.5078734502500786,0.8828040703206117,0.0798010917448369,5
521152,0.3501857072988972,0.0342356026297282,0.0,0.5,0.5,0.0,0.0,0.6491344681200402,-0.658683161076804,1.577882931182386,0.60981374613042,2.4424745961808583,0.0,0.4641630654510255,0.0,0.0,1.0773378049389482,0.5671603186108113,6
521170,0.1939463741786511,-0.2948576299622514,0.0,0.0,0.5,0.0,0.0,0.4709074541111494,-0.0955123664504794,0.8454879529219202,0.0269891667947226,2.4424745961808583,0.0,-0.1695975135107168,0.0,1.2892242269941023,0.6975556639901219,0.0442124125189917,6
521185,-1.9741376955711745,0.1011544248762458,0.5,0.0,1.0,0.0,2.0,0.6591774762217456,0.1350614931535953,-1.577882931182386,0.1763733206847534,0.0,0.0,-0.5358369345489745,0.0,1.8170594925112875,0.4661538352182138,0.1082298265930768,2
521186,-0.4512398771539826,-0.3957040193861091,0.0,0.5,0.5,0.0,2.6666666666666665,0.6991462582742741,0.341316838923196,0.0,0.5412403216331251,0.0,0.0,0.4641630654510255,0.0,0.0,0.7547776493964262,0.5594530869748483,5
521187,0.6206275845508831,0.0679485038398385,-1.5,-1.0,-1.0,0.0,0.0,-5.01837906474446,-0.658683161076804,-3.801784016923932,-1.7312471447788258,-5.8849491923617165,0.0,-1.945257774202184,0.0,0.0,,,1
521192,0.1980246244513931,-0.2173706571356206,0.0,0.0,0.5,2.0,0.0,0.1532599580500368,0.341316838923196,-1.0,0.3100019998680502,1.3087681003312956,0.0,-0.1695975135107168,0.0,1.2892242269941023,0.3573022526271769,-0.7464362690206441,2
521201,-1.2960120256858991,-1.825432057876876,-1.0,-0.5,-0.5,3.0,0.0,-1.514110814362828,-0.658683161076804,0.0,-0.8521289889920516,0.0,0.0,0.4641630654510255,0.0,0.0,-2.126260809609472,-1.1609174878683364,0
521211,-0.3467346058380727,-1.2704915660436666,-1.0,-1.0,-0.5,3.0,0.0,-1.155092782707833,-0.658683161076804,-3.801784016923932,0.7367495369393785,0.0,0.0,-1.945257774202184,0.0,3.10628371950539,-0.594356548730268,-5.846818380501243,3
521212,-1.0168382925164503,1.9885345694852052,0.5,1.0,1.5,1.2000000000000002,1.6,0.6317817374806048,0.4919769420103195,-0.5778829311823854,0.7367495369393785,0.8092012510390698,0.4054651081081644,0.4641630654510255,0.0,1.0,0.98184284944203,-0.4270410874562027,5
521235,1.117469237743039,0.9295642475225216,1.0,1.5,1.5,1.2000000000000002,0.0,0.3938385781923697,0.8848129434284441,1.8454879529219212,0.4537367038660508,2.227521671566561,0.0,0.4641630654510255,0.0,0.0,0.6888266826957467,1.19855345877067,6
521250,-0.8622993685384407,0.4368293378606515,-0.5,0.0,-0.5,1.5,2.0,-1.3693100620700909,-0.658683161076804,0.0,-0.8521289889920516,0.0,0.0,-0.5358369345489745,2.6303167041658844,0.0,-2.007101957524441,0.0879233379417393,0
521259,0.7739619800233143,0.2600828618709601,-0.5,0.0,0.0,1.5,2.0,-0.6016913932633047,-0.658683161076804,0.0,-0.1423686188473956,0.0,0.0,0.4641630654510255,0.0,0.0,-0.7929601177279391,-0.2147834171417735,0
521282,1.3941402091730914,0.4788906502885904,-0.5,0.0,-0.5,0.0,2.0,-1.0350896314257456,0.69823228777992,0.0,0.3100019998680502,0.0,0.0,-0.5358369345489745,2.6303167041658844,0.0,-0.7754446575541669,-0.156369276344751,0
521286,-0.280627746524011,-0.6817349135302966,-1.0,-0.5,-0.5,0.0,0.0,-1.0350896314257456,0.69823228777992,0.0,-0.8521289889920516,0.0,0.0,0.4641630654510255,0.0,0.0,-1.7320666263651672,-0.3512323056824871,0
521293,-1.1861165310721564,0.2291991117677428,1.0,1.5,1.5,0.0,1.6,0.7833403971325127,0.0,0.0,0.4982430038580476,0.0,0.0,0.4641630654510255,0.0,0.0,0.4385158504593101,0.0326267935953727,5
521295,-0.961207165276719,-0.4798342762580817,-0.5,0.0,0.0,1.5,2.0,-0.4110003143233572,0.1350614931535953,0.0,0.7367495369393785,0.0,0.0,0.4641630654510255,0.0,0.0,-0.2007414916254997,-0.5295646905008997,0
521298,-0.0306227795262138,0.1011544248762458,0.0,0.5,0.0,0.0,2.6666666666666665,0.0425645241694755,-0.0955123664504794,1.577882931182386,-0.1423686188473956,3.4424745961808574,0.0,-0.1695975135107168,1.8662394014360388,0.0,0.3496327279264687,0.1559956430858786,6
521309,-0.6097864986882443,-0.1984164451611818,-0.5,0.0,0.0,1.5,2.0,-0.8977786920441243,0.69823228777992,0.0,-0.8521289889920516,0.0,0.0,0.4641630654510255,0.0,0.0,-1.7020451543884538,-0.0789850590399048,0
521316,1.1643815626539562,0.5606834135017086,0.0,0.0,0.5,1.0,2.6666666666666665,-0.2438569783417058,-0.0955123664504794,-1.0,0.7367495369393785,0.0,0.0,-0.1695975135107168,0.0,1.2892242269941023,0.0568379823177735,-0.6365365262178133,2
521331,-0.248038259449874,0.6395543739241726,-0.5,0.5,0.0,1.0,1.3333333333333333,-1.7391374911047723,-0.0955123664504794,0.0,0.7367495369393785,0.0,0.6931471805599453,0.4641630654510255,2.6303167041658844,0.0,-1.0809486371223944,1.0450561902303417,0
521335,-1.884190515710166,1.2455526811947004,0.5,1.0,1.5,0.6000000000000001,0.8,0.5862247831045926,-0.658683161076804,-0.5778829311823854,0.407611642449828,0.8092012510390698,0.4054651081081644,0.4641630654510255,0.0,1.0,0.4239370737267371,-0.0925755737141624,5
521343,-0.0403016983759318,0.7772174909202333,1.0,1.5,0.5,0.6000000000000001,0.0,0.6759805818877572,0.2614030824062447,0.5227586988632229,-0.6566197736857983,0.0,0.0,-0.311497195240441,2.18274896353532,0.0,-0.0561351628497367,-0.2283626531163311,5
521379,-1.884190515710166,-0.9565486648353788,-0.5,0.0,0.0,0.0,0.0,-0.5129147908767582,-0.658683161076804,0.0,-0.1423686188473956,0.0,0.0,0.4641630654510255,0.0,0.0,-0.6436410660904293,0.3005235494401188,0
521392,-0.1055405830405939,-0.4798342762580817,-0.5,-0.5,0.0,0.0,0.0,-0.2467775996522255,-0.658683161076804,-1.577882931182386,0.7367495369393785,0.0,0.0,-0.5358369345489745,0.0,1.8170594925112875,0.0464376747473492,-0.920380695786642,2
521404,0.204124494946699,0.2753642525262495,1.0,1.0,1.5,0.6000000000000001,0.0,0.2297543690536391,0.0,0.0,-0.1066395123885741,1.5479441141749286,0.0,0.0979236444127681,0.0,0.8170594925112873,0.3296245685630131,0.4369151374800195,5
521408,0.3724798562598145,-0.160989241751724,-0.5,0.0,0.0,3.0,0.0,-0.0425305938046579,0.69823228777992,0.0,0.8242531547064528,0.0,0.0,0.4641630654510255,0.0,0.0,0.5010883852371876,0.1728608486579799,5
521416,-0.3652838837217738,-0.4798342762580817,0.0,0.5,0.5,0.0,0.0,0.5873127088909303,0.341316838923196,0.8454879529219202,-1.0833673107571262,1.3087681003312956,0.0,0.4641630654510255,0.0,0.0,-0.362922335855728,-0.4603847652266272,6
521434,0.8843483070882675,0.2446949798295298,0.5,1.0,0.5,0.75,0.0,0.4532475596816362,0.9288061473839948,0.6460181545591593,0.0269891667947226,1.3087681003312956,0.0,0.0,1.4475677406305645,0.0,0.1386725977104004,0.8381593483869856,5
521462,1.4352074078730392,0.6135758138503429,0.0,0.5,0.0,0.0,0.0,-0.32650087038226,0.69823228777992,1.577882931182386,-0.1423686188473956,3.4424745961808574,0.0,-0.1695975135107168,1.8662394014360388,0.0,-0.1509951514106836,0.2298784998635458,6
521474,-0.8846402569883903,-1.3967060397040991,-1.0,-0.5,-0.5,0.0,0.0,-1.4032447852251708,1.491976942010319,2.2239010857415447,-0.8521289889920516,3.4424745961808574,0.0,0.4641630654510255,0.0,0.0,-1.5591732331720751,0.3223378647857902,6
521491,1.8335562282052091,1.7597735396823695,1.0,1.5,1.0,0.4999999999999998,2.0,0.6358251558002266,0.1350614931535953,0.4390194395059628,0.3918561677430946,0.0,0.3364722366212129,-0.311497195240441,2.18274896353532,0.8170594925112873,0.6658641295128682,1.2905337477188408,5
521509,1.8630464896409225,0.7893169849572652,0.5,1.0,1.0,0.0,0.0,0.6172179457009993,0.1350614931535953,0.6460181545591593,0.1038793384945924,1.0,0.0,0.4641630654510255,0.0,0.0,0.6168085382405626,0.2293010658213146,5
521510,-0.018310236535641,-0.4584993070321419,0.0,0.0,0.5,0.0,0.0,0.1906358139017576,0.69823228777992,-1.0,-0.3378778341536493,0.0,0.0,-0.1695975135107168,0.0,1.2892242269941023,-0.2485321455802367,-0.5419576597693653,2
521514,-0.1921956818600621,-0.7053517390478198,-0.5,0.0,0.0,1.5,4.0,-0.32650087038226,0.1350614931535953,0.0,0.4308838440812761,0.0,0.0,0.4641630654510255,0.0,0.0,-0.0658900922909324,-1.0839961581736413,0
521587,-0.7721237983712724,0.0,0.5,1.0,1.0,0.0,0.0,-0.101976847359489,0.1350614931535953,0.6460181545591593,-0.5691161559187239,1.0,0.0,0.4641630654510255,0.0,0.0,-0.5104443345095271,0.6431639169142165,5
521607,-0.2967009531759736,0.084613882090961,0.0,0.5,0.5,2.0,1.3333333333333333,-0.0379512433783162,-0.0955123664504794,0.0,-0.2042491549703521,0.0,0.0,0.4641630654510255,0.0,0.0,-0.4112480729803404,0.3532066474601215,5
521609,0.3389328045232249,-0.1241858541912811,-0.5,0.0,0.0,0.0,0.0,-0.1346300517816637,0.1350614931535953,1.223901085741545,0.1763733206847534,1.8945304820059297,0.0,0.4641630654510255,0.0,0.0,0.3730990017566755,-1.260479026189772,6
521642,0.0560323192932559,-0.4373685033222146,-0.5,-1.0,0.0,1.5,2.0,-0.4253427611106056,-0.658683161076804,-3.801784016923932,1.055491476471528,0.0,0.0,-1.945257774202184,0.0,3.10628371950539,0.1672490871679021,-5.846818380501243,3
521657,0.7201373393404776,0.1978772796996186,0.0,0.0,0.5,0.0,0.0,-0.0221167134106914,0.341316838923196,-1.0,0.0269891667947226,1.3087681003312956,0.0,-0.1695975135107168,0.0,1.2892242269941023,0.0832064041804507,0.2253654953021678,2
521658,0.4323838973469233,0.2600828618709601,1.0,1.0,1.5,0.0,0.0,0.5229437011265249,-0.658683161076804,-0.5778829311823854,-0.1791334945787352,0.0,0.0,0.0979236444127681,0.0,0.8170594925112873,0.0316486598613367,0.4489381005943536,5
521663,1.2158375213503765,0.2135937313624968,-1.5,-1.0,-1.0,0.0,0.0,-5.01837906474446,-0.658683161076804,-3.801784016923932,-1.7312471447788258,-5.8849491923617165,0.0,-1.945257774202184,0.0,0.0,,,1
521695,-0.4077419345842769,-0.3548111444861987,0.5,0.5,1.0,0.0,1.0,0.7807517671257727,-0.2218539557031286,-0.7323949782604657,-0.0548650010803214,0.0,0.0,0.0,0.0,1.0,0.5229861506192499,-0.2386432434402581,2
521708,0.6661959244563824,0.7031942868616717,0.5,1.0,0.5,0.75,1.0,-0.1397678628496181,0.4368292053736752,0.0,0.3100019998680502,0.0,0.0,0.0,1.4475677406305645,0.0,-0.0209248391507283,0.1453332788030558,5
521719,0.476457553767181,0.3354537328232688,-1.0,-0.5,-0.5,0.0,0.0,-1.0057789055147548,-0.658683161076804,0.0,-0.3378778341536493,0.0,0.0,0.4641630654510255,0.0,0.0,-1.230296186786887,-1.18248750263585,0
521720,-0.3329486850314062,-0.0879858281037825,0.5,1.0,1.0,0.0,1.0,0.4074072837143656,0.4368292053736752,0.0,0.3718825359910068,0.0,0.0,0.4641630654510255,0.0,0.0,0.6721815526888125,0.3354866743522831,5
521743,-0.899691848879138,0.6395543739241726,2.0,2.5,2.0,0.0,0.5714285714285712,0.6750013854911391,-0.1667062190664846,0.0,0.1763733206847534,0.0,0.0,0.2065593450588091,0.8662394014360383,0.0,0.1489676795807976,0.8981970591740899,5
521748,0.0181233941281466,-0.2173706571356206,0.0,0.0,0.5,1.0,1.3333333333333333,0.0771270845060327,-0.0955123664504794,-1.0,0.1285072852083251,1.3087681003312956,0.0,-0.1695975135107168,0.0,1.2892242269941023,0.2953452616637975,-1.2723121084204323,2
521768,-1.2586195453452018,-0.3957040193861091,0.0,0.5,0.0,0.0,0.0,0.4086581383671568,0.341316838923196,0.0,-0.5691161559187239,0.0,0.0,-0.1695975135107168,1.8662394014360388,0.0,-0.1721087217792129,-0.1390911791390775,0
521785,0.4937852737776073,0.7650513326678573,-0.5,-0.5,0.0,0.0,0.0,-0.5710480743108943,-0.658683161076804,-1.577882931182386,0.4308838440812761,1.8945304820059297,0.0,-0.5358369345489745,0.0,1.8170594925112875,0.4167801702316295,-0.9743528980717668,2
521814,0.941096815436512,0.5064929114075749,1.5,2.0,1.5,0.0,1.3333333333333333,0.7418420947757198,-0.3569154488567242,0.4390194395059628,-0.2560236662786049,0.8092012510390698,0.0,0.1617063421381263,1.0,0.0,0.2012948167221601,0.8454769406012993,5
521818,0.1103508406522334,0.2446949798295298,-0.5,0.5,0.5,1.0,2.6666666666666665,-0.1929462900323835,0.341316838923196,0.0,1.1016165378877505,0.0,0.6931471805599453,1.2398233261424922,0.0,0.0,0.4202577418448474,1.1147863105566702,5
521859,0.0743236984031695,0.5606834135017086,1.0,1.5,1.5,0.0,0.0,0.119848595697766,0.0,0.0,-0.1066395123885741,0.0,0.0,0.4641630654510255,0.0,0.0,-0.0014348488647475,0.4271448883152389,5
521865,1.2173679628181069,1.1554115067637536,0.5,1.0,1.0,0.75,0.0,0.7641081042048196,0.1350614931535953,0.0,-0.2363597157400465,0.0,0.0,0.4641630654510255,0.0,0.0,0.2258698501844688,0.119980883069246,5
521883,-0.8921501084031154,-0.589715259924501,0.0,0.5,-0.5,1.0,0.0,-1.0969594992736968,0.69823228777992,0.8454879529219202,-0.3378778341536493,0.0,0.0,-0.9452577742021836,3.313807142066604,0.0,-1.3056703416542244,0.321924644545269,0
521884,-0.2541581476087982,0.0342356026297282,-0.5,0.0,0.0,1.5,0.0,-0.0634513530188094,0.69823228777992,2.2239010857415447,-1.2169959899404237,3.4424745961808574,0.0,0.4641630654510255,0.0,0.0,-0.4948150998647015,0.4255729589888111,6
521885,0.2698757476496213,-0.4373685033222146,-0.5,0.0,0.0,0.0,0.0,0.185396843213915,0.69823228777992,0.0,-0.3378778341536493,0.0,0.0,0.4641630654510255,0.0,0.0,-0.2478102426659295,-0.224994374986209,0
521904,0.152640391233466,-0.2948576299622514,-1.0,-0.5,-0.5,0.0,0.0,-0.5209779950345411,-0.658683161076804,0.0,-0.8521289889920516,0.0,0.0,0.4641630654510255,0.0,0.0,-1.3089959484443487,-1.2516911939062778,0
521921,0.093148989832421,-0.4373685033222146,-1.0,-0.5,-0.5,0.0,0.0,-1.1812896617668194,-0.658683161076804,2.2239010857415447,-0.3378778341536493,3.4424745961808574,0.0,0.4641630654510255,0.0,0.0,-0.8966333628233811,-0.0835573672836545,6
521925,-0.4077419345842769,-0.160989241751724,1.0,0.5,1.5,1.2000000000000002,0.8,0.6358970003835497,-0.30176771222008,-1.2239010857415449,0.5412403216331251,0.8092012510390698,0.0,-0.311497195240441,0.0,1.5078734502500786,0.851349853613031,0.249685181095033,2
521941,-1.9512202522668167,-0.8024290039733696,0.0,0.0,0.5,1.0,0.0,-0.0946178625527365,-0.0955123664504794,-1.0,0.7957508450296478,1.3087681003312956,0.0,-0.1695975135107168,0.0,1.2892242269941023,0.7986967874544783,-0.1228312665233675,2
521943,-1.61040700583855,-0.5231327642549591,0.0,0.5,0.5,0.0,0.0,0.2112719082843872,0.341316838923196,0.0,-0.0833673107571263,0.0,0.0,0.4641630654510255,0.0,0.0,-0.0512271681708946,0.4171179890579695,5
521956,1.5274919162021894,0.5606834135017086,0.5,1.0,1.0,0.0,0.0,0.3910984183645553,0.1350614931535953,0.6460181545591593,-0.3378778341536493,1.0,0.0,0.4641630654510255,0.0,0.0,0.191944602631852,0.2318210307981297,5
521963,0.4735530932451652,-0.1796235475848035,-0.5,-0.5,0.0,1.5,0.0,-0.0564198929834767,-0.658683161076804,0.0,0.3100019998680502,1.8945304820059297,0.0,-0.5358369345489745,0.0,1.8170594925112875,-0.1817889340748489,-1.456746425821797,2
521986,0.9477863797042296,0.6524299330683321,-0.5,-0.5,0.0,0.0,0.0,-0.2208494491569787,0.1350614931535953,-1.577882931182386,0.5412403216331251,0.0,0.0,-0.5358369345489745,0.0,1.8170594925112875,0.2119348624896233,-0.9268633832062924,2
521992,-0.3793240929122098,0.2446949798295298,0.5,1.0,1.0,0.75,2.0,0.3488893399656456,0.4368292053736752,0.6460181545591593,-0.1423686188473956,1.0,0.0,0.4641630654510255,0.0,0.0,0.4028057414473763,0.8647195396768946,5
521997,1.0950771367323269,-0.0173189290703666,0.5,0.0,1.0,0.0,0.0,0.340187730055233,-0.658683161076804,-1.577882931182386,0.4872619880436801,0.0,0.0,-0.5358369345489745,0.0,1.8170594925112875,0.3311915470526384,-0.0111893195625355,2
522001,0.3810747852307988,0.2291991117677428,-1.5,-1.0,-1.0,0.0,0.0,-5.01837906474446,-0.658683161076804,-3.801784016923932,-1.7312471447788258,-5.8849491923617165,0.0,-1.945257774202184,0.0,0.0,,,1
522005,-1.777806791322904,-0.4164379946042029,1.0,0.5,1.5,0.6000000000000001,0.8,0.8455990175927858,-0.658683161076804,-1.2239010857415449,0.5412403216331251,0.8092012510390698,0.0,-0.311497195240441,0.0,1.5078734502500786,1.007747913090382,0.0215837416615528,2
522062,0.7613997006375568,0.1661047583479931,0.5,1.0,0.5,0.0,0.0,0.0194205412200212,0.1350614931535953,0.0,-0.0833673107571263,0.0,0.0,0.0,1.4475677406305645,0.0,-0.1694357090340617,0.6596356451678657,5
522086,1.074768799181952,0.9964830697690392,-0.5,0.0,0.0,3.0,0.0,0.0,-0.658683161076804,0.0,0.3100019998680502,0.0,0.0,0.4641630654510255,0.0,0.0,0.0046077835957372,-0.2375489664927915,5
522111,-1.277217382434204,0.7157050973079879,0.5,1.0,0.5,1.2000000000000002,0.8,-0.1475338017355012,0.2614030824062447,1.0,0.5412403216331251,1.8945304820059297,0.4054651081081644,-0.5358369345489745,2.6303167041658844,1.0,-0.0209248391507283,1.3213442149205643,5
522112,-0.3183606998291178,-0.7053517390478198,-0.5,0.0,0.0,0.0,0.0,-0.5009628400646635,0.1350614931535953,0.0,-0.5691161559187239,0.0,0.0,0.4641630654510255,0.0,0.0,-1.076166634123458,-0.170613075450565,0
522115,-0.2436797855732951,2.0778343828326795,0.5,1.5,1.5,0.6000000000000001,1.6,0.8558824461149064,0.2614030824062447,0.0,0.0888697029176791,0.0,0.4054651081081644,0.8735839051042346,0.0,0.0,0.5521092999286386,0.0139792186504912,5
522118,-1.3732449421243034,-0.6352457830218333,0.0,0.5,0.0,0.0,0.0,-0.006574273178458,0.341316838923196,0.0,-0.5691161559187239,0.0,0.0,-0.1695975135107168,1.8662394014360388,0.0,-0.5595639150282644,-0.275465808905857,0
522134,-1.2310829129263403,-2.4087189227609205,-1.5,-1.0,-1.0,0.0,0.0,-5.01837906474446,-0.658683161076804,-3.801784016923932,-1.7312471447788258,-5.8849491923617165,0.0,-1.945257774202184,0.0,0.0,,,1
522152,1.1052903748440184,0.8837977981322299,-0.5,0.5,0.5,1.0,1.3333333333333333,0.263951461323235,1.2614030824062443,1.577882931182386,0.60981374613042,0.0,0.6931471805599453,1.2398233261424922,0.0,0.0,0.6953374130343157,0.5010179465791014,5
522171,-0.0152453915759639,0.8722064217150826,0.5,0.5,0.5,0.0,0.0,0.036315310818796,0.1350614931535953,0.6460181545591593,0.95788183388975,2.4424745961808583,0.0,-0.5358369345489745,1.4475677406305645,1.0,0.8614841589183632,-0.7784577902173468,6
522179,-0.7809380954367425,0.1500453992945883,0.0,0.5,0.0,1.0,1.3333333333333333,-0.4698957854209191,0.69823228777992,1.577882931182386,-0.1423686188473956,3.4424745961808574,0.0,-0.1695975135107168,1.8662394014360388,0.0,-0.1604721238094826,-0.1548036120585018,6
522184,-1.4488341035047,-2.5684139461673823,-1.5,-1.0,-1.0,0.0,0.0,-5.01837906474446,-0.658683161076804,-3.801784016923932,-1.7312471447788258,-5.8849491923617165,0.0,-1.945257774202184,0.0,0.0,,,1
522201,-0.3712875307231419,-1.332697148215006,-1.0,-1.0,-0.5,0.0,0.0,-0.508911940572132,-0.658683161076804,-3.801784016923932,1.4203584774198996,0.0,0.0,-1.945257774202184,0.0,3.10628371950539,0.3606105497520271,-5.846818380501243,3
522223,-1.242504670703856,-0.3548111444861987,0.5,1.0,1.0,0.0,0.0,0.4832988304374854,0.4368292053736752,0.6460181545591593,0.3100019998680502,1.0,0.0,0.4641630654510255,0.0,0.0,0.7255879313842117,0.6382734094311024,5
522233,-1.8516010286360287,1.967403765775278,1.0,1.5,2.0,1.0,1.3333333333333333,0.6471114217593366,0.1350614931535953,0.0,0.3515893126021746,1.3087681003312956,0.3364722366212129,0.4641630654510255,0.0,0.8170594925112873,0.7818734525135418,0.8539465603241148,5
522237,0.2243074077441219,-0.1241858541912811,0.5,0.0,1.0,0.75,0.0,0.5540479257543717,0.1350614931535953,0.0,0.5412403216331251,1.8945304820059297,0.0,-0.5358369345489745,0.0,1.8170594925112875,0.6325936550725013,-0.3917272350137403,2
522263,0.0582372571474026,-0.6817349135302966,-0.5,0.0,0.0,1.5,2.0,0.0384035359383385,-0.658683161076804,0.0,0.0269891667947226,0.0,0.0,0.4641630654510255,0.0,0.0,-0.1377565852229568,-0.2596569641050544,0
522265,1.3679824872716382,0.3648961975046188,0.5,0.5,1.0,0.0,2.0,0.119848595697766,-0.2218539557031286,-0.7323949782604657,0.1763733206847534,0.0,0.0,0.0,0.0,1.0,-0.0022951628583759,0.2993208203388932,5
522276,-1.8038113146342647,-0.8781444948462946,-0.5,0.0,0.0,0.0,0.0,0.4442768455473206,1.1350614931535954,2.2239010857415447,-0.5691161559187239,3.4424745961808574,0.0,0.4641630654510255,0.0,0.0,0.1432032135039151,0.8806297209440175,6
522286,-0.2306681727012954,-0.6123631726854253,0.0,0.5,0.0,0.0,0.0,-0.3105722598456124,0.69823228777992,0.0,-0.3378778341536493,0.0,0.0,-0.1695975135107168,1.8662394014360388,0.0,-0.5663841767689926,0.3300901538973094,0
522315,0.9099960771615316,0.3502240363019069,-0.5,0.0,0.0,0.0,0.0,0.3516693633786976,-0.658683161076804,0.0,-1.2169959899404237,0.0,0.0,0.4641630654510255,0.0,0.0,-0.7802019202404108,-1.20513438392826,0
522323,-0.9250648120180158,-0.5451046085908845,1.0,1.0,0.5,0.0,1.6,0.2396674057973429,0.0,-0.5778829311823854,0.222498382100976,1.3087681003312956,0.0,-0.7756602606914664,2.18274896353532,0.8170594925112873,0.3428631347507399,-0.5856903139769047,2
522364,-1.078442521692874,-0.3751629211508731,0.0,0.5,0.5,0.0,1.3333333333333333,-0.1739497081948526,0.341316838923196,0.0,-0.0833673107571263,0.0,0.0,0.4641630654510255,0.0,0.0,-0.2828828805183059,-0.1967129740298398,0
522373,-0.142162029197963,-0.3346452313910828,-0.5,0.0,0.0,0.0,0.0,-0.4473248357301356,-0.658683161076804,1.223901085741545,-1.2169959899404237,1.8945304820059297,0.0,0.4641630654510255,0.0,0.0,-1.6138773214246729,0.3829110956525208,6
522375,-2.09338228146478,-1.0656153830619794,0.0,0.5,0.0,0.0,1.3333333333333333,0.5449509585324415,0.341316838923196,0.0,0.3100019998680502,0.0,0.0,-0.1695975135107168,1.8662394014360388,0.0,0.4788307534340204,-0.1526164987500253,5
522387,-0.0887056018912569,-1.209990462642304,-1.0,-1.0,-0.5,0.0,0.0,-0.3968979197887864,-0.658683161076804,-3.801784016923932,1.3100019998680503,3.4424745961808574,0.0,-1.945257774202184,0.0,3.10628371950539,0.8675767259062337,-5.846818380501243,3
522402,-0.6465416906353081,-0.589715259924501,0.0,0.5,0.0,1.0,0.0,0.0086866584255623,-0.0955123664504794,0.8454879529219202,-0.8521289889920516,1.8945304820059297,0.0,-0.1695975135107168,1.8662394014360388,0.0,-0.5083399696574136,-0.567174734387028,6
522420,-1.5824367078789177,0.5606834135017086,-1.0,0.0,0.0,1.5,2.0,-1.1131638141497602,-0.658683161076804,0.0,1.3100019998680503,0.0,1.0986122886681096,1.8735839051042344,0.0,0.0,-0.2058163204744874,1.083623071418565,5
522426,1.543478317682541,0.7893169849572652,0.5,1.0,1.0,0.75,0.0,-0.5250387180961157,-0.2218539557031286,0.6460181545591593,-0.702744835102021,1.0,0.0,0.4641630654510255,0.0,0.0,-0.8625401671558245,-0.5335243387453635,5
522427,0.4589591145550679,-0.2752294817283874,0.0,0.0,0.5,1.0,0.0,0.3716636561944244,-0.0955123664504794,-1.0,0.7957508450296478,0.0,0.0,-0.1695975135107168,0.0,1.2892242269941023,0.7903522850573635,-0.0915432309614261,2
522438,1.1849484434184765,1.313203770779006,1.0,1.5,1.5,0.0,0.8,0.5506480620785469,0.0,0.5227586988632229,-0.3378778341536493,0.8092012510390698,0.0,0.4641630654510255,0.0,0.0,0.210706869915115,0.8868779023540012,5
522441,0.0996192236307875,-0.2173706571356206,0.0,0.5,0.5,0.0,1.3333333333333333,-0.0243606518992428,0.341316838923196,0.0,-0.8521289889920516,0.0,0.0,0.4641630654510255,0.0,0.0,-0.7262687525162608,-0.0515475252673685,0
522445,1.3414337535785736,0.4083366568994223,-0.5,-0.5,0.0,0.0,0.0,0.0528779748941063,-0.658683161076804,-1.577882931182386,1.1240649009688228,1.8945304820059297,0.0,-0.5358369345489745,0.0,1.8170594925112875,1.1774367551999008,-0.4311030384526509,2
522457,0.2442635414416244,1.018346140816755,1.5,2.0,1.5,0.4999999999999998,0.0,0.7902047805510086,0.1350614931535953,0.4390194395059628,-0.2560236662786049,0.8092012510390698,0.0,0.1617063421381263,1.0,0.0,0.6334039241527971,1.134984008879249,5
522465,-0.4149180138957635,-0.6352457830218333,0.5,0.5,0.5,0.75,0.0,-0.2765544934337305,0.69823228777992,-0.7323949782604657,0.7367495369393785,0.0,0.0,-0.5358369345489745,1.4475677406305645,1.0,0.3255337738858979,0.374971478792938,5
522476,-1.3245822483982044,-0.0879858281037825,1.0,1.5,1.0,0.0,0.0,0.3603534406795055,0.4919769420103195,0.5227586988632229,-0.2363597157400465,1.0,0.0,0.0979236444127681,1.18274896353532,0.0,0.2641962258181189,0.3950857435716041,5
522484,0.3917602841521041,0.9067995908805876,1.5,2.0,1.0,0.0,0.6666666666666664,0.4734003506173075,-0.658683161076804,1.223901085741545,0.4872619880436801,0.0,0.0,-0.1695975135107168,1.8662394014360388,0.0,0.9059246925196086,0.9766808232535578,5
522513,0.957773719311622,0.1978772796996186,0.5,0.0,1.0,0.75,0.0,0.218039803340864,-0.2218539557031286,-1.577882931182386,0.5930148329413781,0.0,0.0,-0.5358369345489745,0.0,1.8170594925112875,0.3286826788733863,-0.296080748492162,2
522523,-0.0500336526620991,-0.6123631726854253,-1.0,-0.5,-0.5,0.0,0.0,-0.7059656443572273,-0.658683161076804,0.0,-0.8521289889920516,0.0,0.0,0.4641630654510255,0.0,0.0,-1.4612252400341907,-1.3750182098665868,0
522532,0.9874031273530453,0.3502240363019069,1.0,0.5,1.5,0.0,0.8,0.1550778625404477,-0.30176771222008,-0.5778829311823854,0.1478710110079485,1.5479441141749286,0.0,-0.311497195240441,0.0,1.5078734502500786,0.3040101611984451,0.3276548256969623,5
522533,0.2980141341699191,-0.4164379946042029,0.0,0.5,0.5,0.0,1.3333333333333333,0.4060602036441355,-0.658683161076804,0.0,0.222498382100976,0.0,0.0,0.4641630654510255,0.0,0.0,-0.2188412867950822,1.0049036881260416,5
522585,0.2243074077441219,-0.2557742709686207,-0.5,0.0,0.0,1.5,2.0,0.2575438380146787,0.69823228777992,0.0,-0.3378778341536493,0.0,0.0,0.4641630654510255,0.0,0.0,-0.2768376139213806,0.0400675920672903,0
522607,-1.0994614322526868,-0.4584993070321419,0.0,0.0,0.5,1.0,1.3333333333333333,0.2891055204416102,0.341316838923196,-1.0,0.6748690008164222,0.0,0.0,-0.1695975135107168,0.0,1.2892242269941023,0.463533499798917,-0.3723942697130621,2
522624,0.3276081505544524,-0.0347747680912913,-1.0,-1.0,-0.5,0.0,4.0,-1.305284458088918,-0.658683161076804,-3.801784016923932,2.0031830567555966,3.4424745961808574,0.0,-1.945257774202184,0.0,3.10628371950539,0.4865298285820963,-5.846818380501243,3
522631,-0.4029739392015439,-1.0104087041727063,-1.0,-0.5,-0.5,0.0,0.0,-1.7391374911047723,1.491976942010319,0.0,-0.3378778341536493,0.0,0.0,0.4641630654510255,0.0,0.0,-1.83793086738887,-0.3607925905332246,0
522633,-0.4463538294688619,0.3056133849682904,0.0,0.5,0.5,0.0,0.0,0.4047109665192296,-0.658683161076804,0.0,-0.4872619880436798,0.0,0.0,0.4641630654510255,0.0,0.0,-0.0834835741906843,-0.0388446098712861,5
522634,0.3123954047562008,-0.3346452313910828,0.5,0.5,0.5,0.75,1.0,0.770255728310391,0.1350614931535953,-0.7323949782604657,0.3918561677430946,0.0,0.0,-0.5358369345489745,1.4475677406305645,1.0,0.7631424019531828,0.2257246534792141,5
522639,-0.4659791917316795,0.1978772796996186,-0.5,0.0,0.0,1.5,0.0,0.1568918533475511,0.1350614931535953,0.0,0.5412403216331251,0.0,0.0,0.4641630654510255,0.0,0.0,0.4563055001597964,-0.4243142335920462,0
522654,2.742443226737248,1.7906572897855868,0.0,0.0,0.5,1.0,0.0,0.334336328730926,-0.0955123664504794,-1.0,0.852128988992052,0.0,0.0,-0.1695975135107168,0.0,1.2892242269941023,0.4602148566152843,-0.1706350549052771,2
522687,1.2253812155307162,0.6135758138503429,0.5,0.5,0.5,0.75,0.0,-0.101976847359489,0.1350614931535953,0.6460181545591593,0.4687463394429643,1.3087681003312956,0.0,-0.5358369345489745,1.4475677406305645,1.0,0.0282650952483582,0.1534740577735993,5
522738,0.2102034873504153,-0.4373685033222146,-0.5,0.0,0.0,1.5,2.0,-0.3830276740076228,-0.658683161076804,0.0,1.189120155654825,0.0,0.0,0.4641630654510255,0.0,0.0,0.4077569241544198,0.5384831916776118,5
522745,-0.2177511905783598,-0.5013773948113078,0.0,0.0,0.5,0.0,0.0,0.1084104326608551,-0.658683161076804,0.0,0.222498382100976,2.4424745961808583,0.0,-0.1695975135107168,0.0,1.2892242269941023,0.442313193109601,-0.0396925231199136,6
522748,-1.9062538704126333,0.0342356026297282,1.0,1.0,0.5,0.6000000000000001,2.4,0.3897249895283401,0.2614030824062447,-0.5778829311823854,0.5412403216331251,0.0,0.0,-0.7756602606914664,2.18274896353532,0.8170594925112873,0.6256576324526022,0.677703981877667,5
522761,1.5315020267642132,2.355797116781432,0.0,1.0,1.0,0.75,1.0,0.4518824903895967,0.4368292053736752,0.6460181545591593,-0.5691161559187239,1.0,0.5108256237659907,1.0,0.0,0.0,-0.1073085793439981,0.5297427777190264,5
522788,-0.3513537949525781,-0.3346452313910828,-0.5,-1.0,0.0,0.0,2.0,-0.763378450274648,-0.658683161076804,-3.801784016923932,0.4308838440812761,1.8945304820059297,0.0,-1.945257774202184,0.0,3.10628371950539,-0.2955202180330267,-5.846818380501243,3
522800,-0.5779753101425147,0.0,1.0,1.0,1.0,0.0,0.0,0.5873127088909303,0.2614030824062447,-0.5778829311823854,0.3100019998680502,0.0,0.0,-0.311497195240441,1.18274896353532,0.8170594925112873,0.4539492625973358,0.5293075091370628,5
522809,0.6346203868037256,0.7031942868616717,-1.0,-0.5,-0.5,0.0,0.0,0.0,1.491976942010319,0.0,0.0269891667947226,0.0,0.0,0.4641630654510255,0.0,0.0,-0.119709197175001,-0.4398578363849357,0
522873,0.1273876831660417,-0.8526164401574539,-1.0,-0.5,-1.0,0.0,0.0,-5.01837906474446,0.69823228777992,0.0,-1.7312471447788258,-5.8849491923617165,0.0,-1.945257774202184,4.496556105601924,0.0,-5.009979129451652,-0.1362892010719894,4
522898,-0.7372976391487329,-0.8526164401574539,-0.5,0.0,0.0,0.0,0.0,0.2010170343893152,0.69823228777992,0.0,1.189120155654825,0.0,0.0,0.4641630654510255,0.0,0.0,0.7511655371008429,0.9733587811121516,5
522911,0.8151373738567614,-0.0347747680912913,-1.5,-1.0,-1.0,0.0,0.0,-5.01837906474446,-0.658683161076804,-3.801784016923932,-1.7312471447788258,-5.8849491923617165,0.0,-1.945257774202184,0.0,0.0,,,1
522927,0.0996192236307875,-0.589715259924501,-1.0,-0.5,-0.5,0.0,0.0,-1.0057789055147548,0.69823228777992,0.0,0.3100019998680502,0.0,0.0,0.4641630654510255,0.0,0.0,-0.751166022029556,-0.1427635199150938,0
522937,-1.2310829129263403,1.1348704085285175,2.0,2.5,1.5,0.0,2.2857142857142856,0.1236270702109932,0.5531573958679379,0.0,-0.1791334945787352,0.0,0.0,-0.071673869097949,1.6303167041658837,0.0,-0.1349304397562103,0.8518345405404536,5
522939,0.7562010598806398,0.1978772796996186,-0.5,0.0,0.0,0.0,0.0,-0.3362046060884055,0.1350614931535953,0.0,-0.1423686188473956,0.0,0.0,0.4641630654510255,0.0,0.0,-0.6334999319560801,-0.6239726431937492,0
522943,0.5137895729339905,0.5337543951599557,-1.0,-1.0,-0.5,0.0,0.0,-0.8914670639967899,-0.658683161076804,-3.801784016923932,0.0269891667947226,0.0,0.0,-1.945257774202184,0.0,3.10628371950539,-0.8555713880292194,-5.846818380501243,3
522944,-1.1336178159554942,-1.2400338123026975,-0.5,0.0,0.0,1.5,0.0,-0.0970637232090711,1.1350614931535954,0.0,-0.8521289889920516,0.0,0.0,0.4641630654510255,0.0,0.0,-0.9601501226225,0.1938980383978678,0
522970,-1.6677047881090332,0.3502240363019069,1.5,2.0,1.5,0.4999999999999998,0.0,0.8399789978716414,-0.0955123664504794,0.0,0.2582274885597975,0.0,0.0,0.1617063421381263,1.0,0.0,0.5319959068361549,0.7453714196188465,5
522981,0.3250817245048324,0.5606834135017086,1.0,1.5,1.0,0.0,1.6,0.7561998164729737,0.2614030824062447,0.0,0.0269891667947226,0.0,0.0,0.0979236444127681,1.18274896353532,0.0,0.5195114701975573,0.1711546555621267,5
522999,0.1146253967791014,-0.1425108733599631,0.0,0.0,0.5,0.0,0.0,0.2968146172588332,-0.658683161076804,0.0,0.7367495369393785,1.3087681003312956,0.0,-0.1695975135107168,0.0,1.2892242269941023,0.7998124557346915,0.2027261224328056,2
523030,-0.9703588531690246,-1.0378395182527564,-0.5,0.0,0.0,1.5,2.0,-0.8977786920441243,-0.658683161076804,0.0,-1.7312471447788258,0.0,0.0,0.4641630654510255,0.0,0.0,-5.009979129451652,-0.7936752072957274,0
523057,-0.327724924755711,-1.4294200030383808,-1.5,-1.0,-1.0,0.0,0.0,-5.01837906474446,-0.658683161076804,-3.801784016923932,-1.7312471447788258,-5.8849491923617165,0.0,-1.945257774202184,0.0,0.0,,,1
523073,-0.1055405830405939,-0.8024290039733696,-0.5,-0.5,0.0,0.0,0.0,-0.2067823711093864,-0.658683161076804,-1.577882931182386,-0.3378778341536493,1.8945304820059297,0.0,-0.5358369345489745,0.0,1.8170594925112875,-0.2085381598343432,-1.0533857401509448,2
523077,-0.7662718088483416,0.3939512500814855,0.5,-0.5,1.0,0.75,1.0,0.3180322449358585,-0.2218539557031286,-2.5778829311823865,0.8242531547064528,1.0,0.0,-1.169597513510717,0.0,2.5078734502500786,0.868183048587234,-0.4601069751705848,2
523090,-1.164053176369689,-0.8024290039733696,-0.5,0.0,0.0,1.5,0.0,-0.1094006698719756,0.69823228777992,0.0,0.0269891667947226,0.0,0.0,0.4641630654510255,0.0,0.0,-0.2099030966659702,-0.1101452443757495,0
523098,0.527941657480414,-0.0701059560259865,0.0,0.5,0.0,2.0,1.3333333333333333,-0.0221167134106914,-0.0955123664504794,0.0,0.3100019998680502,0.0,0.0,-0.1695975135107168,1.8662394014360388,0.0,0.0487937343929375,-0.1740487358954885,5
523146,-0.4958299315963542,0.2753642525262495,0.5,1.0,1.0,0.75,1.0,0.500346200443165,-0.2218539557031286,0.6460181545591593,0.7812558369313752,1.0,0.0,0.4641630654510255,0.0,0.0,0.8855678106405225,0.1118913392690871,5
523158,1.1989150465576608,0.6266032978723975,0.0,0.5,0.0,0.0,1.3333333333333333,-0.0705419845212851,0.341316838923196,0.0,0.5412403216331251,0.0,0.0,-0.1695975135107168,1.8662394014360388,0.0,0.2052101447170284,0.0485412065028799,5
523209,-1.5824367078789177,0.3794715120532125,0.5,1.0,1.0,0.75,0.0,0.7198360978794747,0.4368292053736752,0.6460181545591593,0.0269891667947226,1.0,0.0,0.4641630654510255,0.0,0.0,0.5488945235747812,0.1747909061601387,5
523228,-0.8256779223810709,-0.2557742709686207,0.5,0.5,1.0,0.75,1.0,0.7066626955430906,0.1350614931535953,-0.7323949782604657,-0.0548650010803214,0.0,0.0,0.0,0.0,1.0,0.2221503775533697,0.2051488780042417,5
523231,1.104271689864327,0.7031942868616717,0.5,1.0,1.0,0.0,0.0,0.4808350906574019,0.1350614931535953,0.0,0.0269891667947226,0.0,0.0,0.4641630654510255,0.0,0.0,0.1980403578172336,0.5470781012810673,5
523256,0.4937852737776073,0.3354537328232688,0.0,0.0,0.5,1.0,0.0,0.6234904193654316,-0.658683161076804,-1.0,0.95788183388975,1.3087681003312956,0.0,-0.1695975135107168,0.0,1.2892242269941023,1.4760347017837805,-0.2403469221249349,2
523271,-0.9378885299188376,-0.1060116599355281,0.0,0.5,0.5,0.0,0.0,-0.0946178625527365,-0.0955123664504794,0.0,-0.4872619880436798,0.0,0.0,0.4641630654510255,0.0,0.0,-0.4948150998647015,0.5524527647006653,0
523273,0.4483766966731873,-0.4798342762580817,-0.5,-0.5,0.0,0.0,0.0,-0.4399335742612029,-0.658683161076804,-1.577882931182386,0.7367495369393785,0.0,0.0,-0.5358369345489745,0.0,1.8170594925112875,0.2785285681915399,-0.6110016097867015,2
523290,0.1368995743452979,0.3205839652723227,0.0,0.0,0.5,0.0,0.0,0.3575020051174422,-0.0955123664504794,-1.0,-0.3378778341536493,1.3087681003312956,0.0,-0.1695975135107168,0.0,1.2892242269941023,0.7338688635690055,-1.4809620044053389,2
523299,-0.4424546463146251,-0.1060116599355281,-1.0,0.0,0.0,1.5,2.0,-0.4399335742612029,-0.658683161076804,0.0,1.6158676927261533,0.0,1.0986122886681096,1.8735839051042344,0.0,0.0,0.5334004738658452,1.083623071418565,5
523301,-0.142162029197963,-0.0701059560259865,0.0,0.5,0.5,0.0,0.0,0.3631952592399601,-0.0955123664504794,0.0,0.3100019998680502,0.0,0.0,0.4641630654510255,0.0,0.0,0.0189970247678925,0.4224148998240973,5
523335,-0.2049274726775389,0.0,0.0,0.5,0.0,0.0,1.3333333333333333,-0.0658082731694688,0.341316838923196,0.0,0.5412403216331251,0.0,0.0,-0.1695975135107168,1.8662394014360388,0.0,0.1960651094287041,-0.4520901658927123,0
523338,1.4326683406594742,0.9964830697690392,0.5,1.0,1.0,0.0,1.0,1.0378402249862186,0.69823228777992,0.0,0.1038793384945924,0.0,0.0,0.4641630654510255,0.0,0.0,0.671214117249925,-0.3994669480838615,5
523392,0.363489718670128,0.7893169849572652,0.0,0.5,0.0,1.0,0.0,-0.1685998590832503,-0.0955123664504794,0.8454879529219202,-0.3378778341536493,1.8945304820059297,0.0,-0.1695975135107168,1.8662394014360388,0.0,-0.1227147835306023,0.2621028381673039,6
523395,0.1103508406522334,0.6906121893614907,0.0,0.5,0.5,1.0,0.0,0.6856427435693666,0.9999999999999998,0.0,-0.0833673107571263,0.0,0.0,0.4641630654510255,0.0,0.0,0.2730558452338212,0.258947255854336,5
523442,-0.093499335471865,0.7650513326678573,0.5,0.5,1.0,0.0,0.0,0.4918656272991571,0.4368292053736752,-0.7323949782604657,0.3100019998680502,0.0,0.0,0.0,0.0,1.0,0.3931396639034525,-0.3300128234688029,5
523454,0.2293175019363365,-0.2752294817283874,0.0,0.5,0.5,1.0,1.3333333333333333,0.2559342894747026,0.69823228777992,0.0,0.7957508450296478,0.0,0.0,0.4641630654510255,0.0,0.0,0.4531095559412038,-0.001346162997107,5
523465,-0.5758746863454215,-0.5672972791819948,0.0,0.5,0.0,1.0,0.0,0.3978368905786776,-0.0955123664504794,0.0,-0.3378778341536493,0.0,0.0,-0.1695975135107168,1.8662394014360388,0.0,0.0649692288746498,-0.9182131017618697,0
523474,-0.0602117734301469,0.5740257630792477,0.5,1.0,1.0,0.0,0.0,0.2750488725929357,0.1350614931535953,0.0,-0.1423686188473956,0.0,0.0,0.4641630654510255,0.0,0.0,0.0912173908229315,0.1189484406937546,5
523484,-2.387842127449511,-0.4164379946042029,1.0,1.0,0.5,0.6000000000000001,0.8,0.4391075139689407,0.2614030824062447,-0.5778829311823854,0.1285072852083251,0.0,0.0,-0.7756602606914664,2.18274896353532,0.8170594925112873,0.528942882454064,0.5902376975069382,5
523503,0.2849014004071215,-0.3146618177495106,-1.0,-0.5,-1.0,0.0,0.0,-5.01837906474446,0.69823228777992,2.2239010857415447,-1.7312471447788258,-5.8849491923617165,0.0,-1.945257774202184,4.496556105601924,0.0,-5.009979129451652,-1.0506370617084433,4
523505,-0.1504037015898025,0.1820481643393343,1.0,0.5,1.5,0.0,0.0,0.9197964112280272,-0.30176771222008,-1.2239010857415449,-0.0380660878912795,0.8092012510390698,0.0,-0.311497195240441,0.0,1.5078734502500786,0.6440375911746931,0.1558682417494796,2
523511,-0.1670026748704246,-0.0879858281037825,0.0,0.0,-0.5,1.0,0.0,-0.3727728001125515,-0.658683161076804,-1.0,-0.3378778341536493,0.0,0.0,-1.945257774202184,3.313807142066604,1.2892242269941023,-0.7078151763393947,-0.3637092582589065,0
523513,-0.877162026094303,0.0,0.0,0.5,0.5,1.0,0.0,0.2413082990217914,0.341316838923196,0.0,0.7957508450296478,0.0,0.0,0.4641630654510255,0.0,0.0,0.744471062578259,-0.3515039749230852,5
523517,0.0394074502006405,-0.8526164401574539,-0.5,-0.5,0.0,1.5,0.0,-0.5049280163443585,0.1350614931535953,-1.577882931182386,1.6603739927181496,0.0,0.0,-0.5358369345489745,0.0,1.8170594925112875,0.463843809800319,-0.7827715571498706,2
523526,0.2737835098716158,-0.0523696989290143,-1.0,-0.5,-0.5,0.0,0.0,-1.208327224409779,0.69823228777992,3.801784016923932,-0.8521289889920516,5.8849491923617165,0.0,0.4641630654510255,0.0,0.0,-1.117905217401152,0.4926206152799864,6
523546,-0.6205181157096885,-0.7533569369943934,0.0,0.0,0.0,0.0,0.0,0.1404236078806186,-0.0955123664504794,-1.0,0.3100019998680502,0.0,0.0,-0.9452577742021836,1.8662394014360388,1.2892242269941023,0.1244787358379565,-0.7411213378463284,2
523559,-0.4898195122786246,-0.6352457830218333,0.0,0.5,0.0,0.0,0.0,-0.329723047939766,-0.658683161076804,0.0,0.6427584400467276,0.0,0.0,-0.1695975135107168,1.8662394014360388,0.0,0.0705579393042055,0.065023278542252,0
523612,-0.1257925380823218,-0.0347747680912913,1.0,0.0,1.5,0.0,0.0,0.7391225709373865,-0.658683161076804,-1.9562960640020104,0.2582274885597975,0.0,0.0,-0.7756602606914664,0.0,2.10628371950539,0.8386752455555215,0.2367433064523278,2
523619,0.5752323332059528,-0.0879858281037825,-0.5,-0.5,0.0,0.0,2.0,0.0086866584255623,0.1350614931535953,0.0,1.1240649009688228,1.8945304820059297,0.0,-0.5358369345489745,0.0,1.8170594925112875,0.5647208180673905,-1.683985085632376,2
523657,-0.3283770551883735,-0.7053517390478198,-0.5,0.0,0.0,0.0,0.0,-0.4145631035827674,0.69823228777992,1.223901085741545,-0.5691161559187239,1.8945304820059297,0.0,0.4641630654510255,0.0,0.0,-0.7422763145396287,0.5085109600130756,6
523666,0.1734134609439123,0.5740257630792477,0.5,1.0,1.0,1.5,0.0,0.4286727254464961,-0.2218539557031286,0.0,0.1038793384945924,0.0,0.0,0.4641630654510255,0.0,0.0,0.1987985729683014,0.6438705494756729,5
523686,0.7079515130575658,0.0511563914573724,-0.5,0.0,0.0,0.0,2.0,0.2654342780062408,0.69823228777992,0.0,-0.5691161559187239,0.0,0.0,0.4641630654510255,0.0,0.0,-0.2475144795812602,-0.0338964532448954,0
523690,1.2461985549158487,0.2753642525262495,0.5,0.0,1.0,0.75,1.0,0.5241164200415934,-0.2218539557031286,-1.577882931182386,0.4872619880436801,1.0,0.0,-0.5358369345489745,0.0,1.8170594925112875,0.9679622613087816,-0.7808366512328317,2
523700,0.476457553767181,0.2600828618709601,-1.0,-0.5,-0.5,0.0,4.0,0.1216076941696255,-0.658683161076804,2.2239010857415447,-0.8521289889920516,3.4424745961808574,0.0,0.4641630654510255,0.0,0.0,-0.3733327656940572,-1.532534427712809,6
523710,0.2931943830075027,0.1978772796996186,0.0,0.5,0.5,0.0,0.0,-0.101976847359489,0.341316838923196,0.0,0.3100019998680502,0.0,0.0,0.4641630654510255,0.0,0.0,-0.0996095960433985,0.1710736736715401,5
523715,-0.8622993685384407,0.8488395143843301,0.0,0.5,0.5,0.75,1.0,-0.428966845856491,0.9288061473839948,1.7466597846047676,0.3100019998680502,0.0,0.5108256237659907,-0.1695975135107168,1.8662394014360388,1.2892242269941023,-0.2017534903746762,1.1206834403840211,5
523717,-0.6531076027838256,0.3794715120532125,1.5,2.0,2.0,0.4999999999999998,0.6666666666666664,0.988080245297266,-0.3569154488567242,0.0,-0.5691161559187239,0.0,0.0,0.4641630654510255,0.0,0.0,0.0853517332706463,0.8607370116135669,5
523729,-0.4733949737513234,-1.1222377710152045,-1.0,-1.0,-0.5,0.0,0.0,-0.752644567480189,-0.658683161076804,-3.801784016923932,-0.3378778341536493,0.0,0.0,-1.945257774202184,0.0,3.10628371950539,-1.0212160956509,-5.846818380501243,3
523735,0.7576879391750169,0.6524299330683321,0.5,0.5,1.0,0.75,1.0,-0.0705419845212851,0.1350614931535953,1.223901085741545,0.6427584400467276,3.4424745961808574,0.0,0.0,0.0,1.0,0.5811987449187526,0.9636399955785592,6
523746,-0.659697878298532,-1.0104087041727063,-0.5,0.0,-0.5,1.5,0.0,-0.5540253053593464,0.1350614931535953,0.0,-0.8521289889920516,0.0,0.0,-0.5358369345489745,2.6303167041658844,0.0,-1.336191108002916,0.291774682836616,0
523756,-0.4077419345842769,0.2135937313624968,1.0,1.0,1.5,0.6000000000000001,0.0,1.0493160317647632,0.0,0.5227586988632229,-0.4253814519207233,1.5479441141749286,0.0,0.0979236444127681,0.0,0.8170594925112873,0.73753712792949,0.5494389999418665,5
523768,0.0151156419895084,2.0643288230745824,0.0,0.5,1.0,1.5,1.0,0.1871467886081523,-0.658683161076804,-0.7323949782604657,0.1763733206847534,0.0,0.5108256237659907,0.4641630654510255,0.0,1.2892242269941023,0.1574249655126122,-0.2956734546073726,5
523771,0.3376780695975645,-0.5451046085908845,0.0,-0.5,0.5,1.0,0.0,0.2429460029473888,-0.0955123664504794,-1.0,0.9061073225814968,2.4424745961808583,0.0,-0.9452577742021836,0.0,2.2892242269941026,0.8852581431681225,-0.62352400046707,2
523787,-1.5824367078789177,0.1338683882105274,-1.0,-0.5,-0.5,0.0,0.0,-0.9844461609027249,-0.658683161076804,0.0,-1.7312471447788258,0.0,0.0,0.4641630654510255,0.0,0.0,-5.009979129451652,-0.5950919948585572,0
523800,0.6583545112184155,-0.0173189290703666,0.5,0.0,0.5,0.0,1.0,-0.2467775996522255,-0.658683161076804,-1.577882931182386,1.521876595833502,0.0,0.0,-1.169597513510717,1.4475677406305645,1.8170594925112875,0.7624839140722038,-0.2387860787655797,2
523807,-0.3074978083914555,-0.658368006199544,-0.5,0.0,0.0,0.0,0.0,-0.3559539102774862,-0.658683161076804,1.223901085741545,0.0269891667947226,1.8945304820059297,0.0,0.4641630654510255,0.0,0.0,-0.2653467985210243,0.300346411658519,6
523819,-0.9250648120180158,-0.0523696989290143,1.0,0.0,1.5,0.0,0.8,0.9981552765062962,-0.658683161076804,-1.9562960640020104,-0.1066395123885741,0.0,0.0,-0.7756602606914664,0.0,2.10628371950539,0.7069958906622456,-0.1782187066347879,2
523824,-0.4173164980055799,-0.2557742709686207,-0.5,0.0,0.0,0.0,2.0,0.1026325923904887,0.69823228777992,0.0,-0.3378778341536493,0.0,0.0,0.4641630654510255,0.0,0.0,-0.2549904104785826,-0.5267404314447072,0
523841,-1.2493931494619812,-0.5013773948113078,0.0,0.5,0.5,0.0,0.0,-0.0043771444121186,0.341316838923196,0.0,0.0269891667947226,0.0,0.0,0.4641630654510255,0.0,0.0,0.0590663324516764,-0.5383645741356773,0
523842,0.0338310650438883,0.7650513326678573,0.5,0.5,1.0,0.0,1.0,0.2797605255287282,0.1350614931535953,-0.7323949782604657,0.6427584400467276,0.0,0.0,0.0,0.0,1.0,0.4087093414391781,0.0731711786166154,5
523845,-0.8076465267618362,-0.1984164451611818,1.0,1.0,0.5,0.6000000000000001,0.8,-0.1295233791538115,-0.30176771222008,0.0,0.9061073225814968,1.3087681003312956,0.0,-0.7756602606914664,2.18274896353532,0.8170594925112873,0.2334225043998084,0.6285280520109181,5
523846,-0.1570246867538253,-0.5231327642549591,-0.5,-0.5,0.0,0.0,2.0,-0.4110003143233572,0.1350614931535953,-1.577882931182386,-0.1423686188473956,0.0,0.0,-0.5358369345489745,0.0,1.8170594925112875,-0.5054045471869102,-0.2418508907623585,2
523860,-2.2887523649087678,-1.4963388252848984,0.0,0.0,0.0,1.0,1.3333333333333333,-0.508911940572132,-0.658683161076804,0.8454879529219202,0.4308838440812761,4.751242696512155,0.0,-0.9452577742021836,1.8662394014360388,1.2892242269941023,0.3510030898602503,0.4189643652332939,6
523866,1.119490953628275,0.1661047583479931,0.0,0.5,0.0,0.0,1.3333333333333333,-0.3329575947312695,-0.0955123664504794,0.0,-0.3378778341536493,0.0,0.0,-0.1695975135107168,1.8662394014360388,0.0,-0.6124302310451738,0.2701246612357995,0
523877,-1.619829188219615,0.2135937313624968,0.5,1.0,1.0,0.0,0.0,0.4918656272991571,0.4368292053736752,0.0,-0.0548650010803214,0.0,0.0,0.4641630654510255,0.0,0.0,-0.17525981157126,0.7380704246390984,5
523887,-0.6286095976474712,-1.3013753161468835,-1.0,-1.0,-0.5,0.0,4.0,-0.97745360289212,-0.658683161076804,-3.801784016923932,1.4203584774198996,0.0,0.0,-1.945257774202184,0.0,3.10628371950539,-0.1001925197318375,-5.846818380501243,3
523913,-0.3375321126419502,-0.3346452313910828,0.5,1.0,0.5,0.75,0.0,0.3120243877222771,0.1350614931535953,0.0,-0.4872619880436798,0.0,0.0,0.0,1.4475677406305645,0.0,-0.2609209046438022,0.4573428976337242,5
523938,0.1146253967791014,-0.0523696989290143,-0.5,0.0,0.0,0.0,0.0,-0.5796901849871293,1.491976942010319,1.223901085741545,0.0269891667947226,1.8945304820059297,0.0,0.4641630654510255,0.0,0.0,0.0041062373268103,0.2485833472745987,6
523981,-1.1861165310721564,0.1661047583479931,1.0,1.0,1.0,0.0,0.0,0.2623541178980093,0.0,-0.5778829311823854,-0.0548650010803214,1.0,0.0,-0.311497195240441,1.18274896353532,0.8170594925112873,0.153795710830485,0.6210236307038837,5
524001,0.1734134609439123,0.3354537328232688,0.5,1.0,1.0,0.0,1.0,0.4918656272991571,-0.2218539557031286,0.0,-0.5691161559187239,0.0,0.0,0.4641630654510255,0.0,0.0,-0.2253768252565061,0.7551163069133477,5
524012,-0.2699925218508799,0.5472599549180527,0.5,0.5,1.0,0.0,0.0,0.4532475596816362,0.1350614931535953,-0.7323949782604657,0.4872619880436801,1.0,0.0,0.0,0.0,1.0,1.1167513328684426,-0.5292634365129963,2
524031,-0.6531076027838256,-0.2364889768829301,0.5,1.0,0.5,0.75,0.0,0.2044492118617907,0.4368292053736752,0.6460181545591593,0.1285072852083251,0.0,0.0,0.0,1.4475677406305645,0.0,0.0881129956111901,0.5162875455858326,5
524036,0.2931943830075027,-0.4798342762580817,0.0,0.0,0.0,0.0,4.0,-0.0611010072704138,0.341316838923196,-1.0,0.6427584400467276,0.0,0.0,-0.9452577742021836,1.8662394014360388,1.2892242269941023,-0.0213411007190214,-0.0886033981069445,2
524038,0.0169960838945513,0.1500453992945883,0.5,1.0,1.0,0.0,1.0,-0.0176466848663658,-0.658683161076804,0.0,-0.8521289889920516,0.0,0.0,0.4641630654510255,0.0,0.0,-0.9858150688827912,0.4295898058711719,5
524043,-0.2306681727012954,0.1500453992945883,1.5,1.5,2.0,0.0,2.6666666666666665,0.6172179457009993,0.341316838923196,0.0,0.4308838440812761,0.6795775573916313,0.0,0.1617063421381263,0.0,0.690813957738791,0.546167759607312,0.590534913420894,5
524046,0.6065236641571765,0.2446949798295298,0.5,0.5,0.5,0.75,1.0,0.6139903808483812,0.4368292053736752,0.6460181545591593,1.384629370961078,1.3087681003312956,0.0,-0.5358369345489745,1.4475677406305645,1.0,1.4680806954356156,0.5827098283827306,5
524052,2.5364895242558503,1.3321579827534449,0.0,0.5,0.5,1.0,1.3333333333333333,0.125509972457016,0.341316838923196,0.0,0.0269891667947226,0.0,0.0,0.4641630654510255,0.0,0.0,-0.3585915677492585,0.3611325090457613,5
524057,-0.1136136751833011,-1.151102915861414,-1.0,-1.0,-0.5,0.0,0.0,-0.8366940976961261,-0.658683161076804,-3.801784016923932,0.0269891667947226,0.0,0.0,-1.945257774202184,0.0,3.10628371950539,-0.8102796745285253,-5.846818380501243,3
524076,-0.5185519116073422,-0.4164379946042029,0.0,0.0,0.5,0.0,0.0,0.0811016126512152,-0.0955123664504794,-1.0,-0.3378778341536493,0.0,0.0,-0.1695975135107168,0.0,1.2892242269941023,-0.3732203620710077,-0.4183280325577197,2
524080,0.6583545112184155,0.3205839652723227,0.5,1.0,0.5,0.75,1.0,-0.1168904827830908,-0.658683161076804,0.6460181545591593,0.222498382100976,1.3087681003312956,0.0,0.0,1.4475677406305645,0.0,0.108695006401557,0.6710315109739489,5
524098,0.9366230669416102,0.084613882090961,-1.5,-1.0,-1.0,0.0,0.0,-5.01837906474446,-0.658683161076804,-3.801784016923932,-1.7312471447788258,-5.8849491923617165,0.0,-1.945257774202184,0.0,0.0,,,1
524116,1.276049294780523,0.4226289536358835,1.5,1.0,1.5,0.0,0.0,0.6369226832910451,-0.0955123664504794,-1.0,0.8072287460232249,0.0,0.0,-0.5358369345489745,1.0,1.2892242269941023,1.0177518553808336,0.8214220713931822,5
524120,1.3280090697585023,0.8252226888668068,0.5,1.0,1.0,1.5,0.0,0.370258153942826,0.4368292053736752,0.0,0.7367495369393785,0.0,0.0,0.4641630654510255,0.0,0.0,0.5079150420757801,1.2803402063979037,5
524151,1.726591696992911,1.145164842730202,0.0,0.0,0.0,0.0,0.0,0.0086866584255623,0.341316838923196,-1.0,-0.1423686188473956,0.0,0.0,-0.9452577742021836,1.8662394014360388,1.2892242269941023,-0.1746102680234703,-1.3794496269829046,2
524167,1.2480789968208916,0.6004710149305419,0.5,1.0,1.0,0.75,0.0,0.732678627949329,-0.658683161076804,1.223901085741545,-0.4482343117054982,1.8945304820059297,0.0,0.4641630654510255,0.0,0.0,0.3043161173158082,0.2058418513615875,6
524169,1.9613116272186653,0.7157050973079879,0.0,0.5,0.0,0.0,0.0,-0.3460213975689505,0.341316838923196,0.8454879529219202,-1.2169959899404237,0.0,0.0,-0.1695975135107168,1.8662394014360388,0.0,-1.6510794523107517,0.8528415470416598,0
524172,0.3313910640472022,-0.0879858281037825,-1.5,-1.0,-1.0,0.0,0.0,-5.01837906474446,-0.658683161076804,-3.801784016923932,-1.7312471447788258,-5.8849491923617165,0.0,-1.945257774202184,0.0,0.0,,,1
524180,1.1535126278453796,0.5064929114075749,1.0,1.5,1.5,0.6000000000000001,0.8,1.0734715542411404,0.69823228777992,1.0,-0.4253814519207233,1.5479441141749286,0.0,0.4641630654510255,0.0,0.0,0.823721371565911,0.8821632761924721,5
524194,0.0815878280115536,1.3227012139659713,-0.5,0.5,0.5,1.0,1.3333333333333333,0.2010170343893152,0.341316838923196,1.577882931182386,0.95788183388975,0.0,0.6931471805599453,1.2398233261424922,0.0,0.0,0.8150904402177633,1.177522154509701,5
524200,1.4653964159443174,0.8133188749341947,0.5,1.0,1.0,0.0,2.0,0.7327426715213872,0.1350614931535953,0.0,0.1763733206847534,0.0,0.0,0.4641630654510255,0.0,0.0,0.8150125446173268,-0.590477076623174,5
524211,-0.4778593511670246,-0.3548111444861987,0.0,0.5,0.5,0.0,0.0,0.3059733857426701,-0.0955123664504794,1.577882931182386,-0.2042491549703521,2.4424745961808583,0.0,0.4641630654510255,0.0,0.0,-0.0240529092072429,-0.0280093235340682,6
524214,-0.018310236535641,-0.9039711300422292,-0.5,-0.5,-0.5,0.0,0.0,-0.2208494491569787,-0.658683161076804,-1.577882931182386,0.3100019998680502,0.0,0.0,-1.945257774202184,2.6303167041658844,1.8170594925112875,-0.1025291274579578,-1.3730360579872385,2
524226,0.1263276549558812,0.6266032978723975,0.5,1.0,1.0,3.0,0.0,0.4339062727343475,-0.2218539557031286,0.0,-0.4482343117054982,0.0,0.0,0.4641630654510255,0.0,0.0,-0.1642994804630797,0.1356034324472368,5
524244,0.2883615168597734,0.4509389841865806,0.0,0.0,0.5,0.0,1.3333333333333333,-0.0221167134106914,-0.0955123664504794,-1.0,0.6748690008164222,0.0,0.0,-0.1695975135107168,0.0,1.2892242269941023,0.3319737103465862,0.1215896262152468,2
524251,-0.4134804766150164,-0.0347747680912913,0.0,0.0,0.5,0.0,1.3333333333333333,0.5263751630283416,0.341316838923196,-1.0,0.6748690008164222,0.0,0.0,-0.1695975135107168,0.0,1.2892242269941023,0.4798344596441509,-1.2803064745588388,2
524278,-1.0249297744542325,-1.332697148215006,-0.5,-0.5,0.0,0.0,0.0,-0.0800899439609849,0.1350614931535953,-1.577882931182386,0.4308838440812761,0.0,0.0,-0.5358369345489745,0.0,1.8170594925112875,0.1582288933552021,-2.2443202782667746,2
524313,0.3810747852307988,0.8370626750721992,-0.5,0.0,0.0,0.0,0.0,0.0731337196642206,0.1350614931535953,2.2239010857415447,0.4308838440812761,3.4424745961808574,0.0,0.4641630654510255,0.0,0.0,0.9395339052517488,0.6340267178586149,6
524318,-0.0461344695078639,-1.151102915861414,-1.5,-1.0,-1.0,0.0,0.0,-5.01837906474446,-0.658683161076804,-3.801784016923932,-1.7312471447788258,-5.8849491923617165,0.0,-1.945257774202184,0.0,0.0,,,1
524328,-0.2699925218508799,-0.9039711300422292,-0.5,0.0,0.0,0.0,2.0,0.0948666535046063,0.1350614931535953,0.0,0.1763733206847534,0.0,0.0,0.4641630654510255,0.0,0.0,0.0472632065747584,0.3027220548079343,0
524358,-0.2074848197189481,0.4509389841865806,0.0,1.0,0.5,0.75,1.0,-0.1069187876520562,-0.2218539557031286,1.223901085741545,-0.5691161559187239,3.4424745961808574,0.5108256237659907,0.4641630654510255,1.8662394014360388,0.0,-0.3386491960149906,1.4002701501195278,6
524365,-0.5261909651618265,1.2455526811947004,1.5,1.5,2.0,0.4999999999999998,0.0,0.8677115849392959,-0.3569154488567242,-0.4772413011367771,-0.5691161559187239,0.0,0.0,0.1617063421381263,0.0,0.690813957738791,0.1610353232088466,0.7407816486827228,5
524383,0.4353564122054657,-0.3957040193861091,-1.0,-0.5,-0.5,0.0,0.0,-0.7908270795063252,-0.658683161076804,0.0,-0.8521289889920516,0.0,0.0,0.4641630654510255,0.0,0.0,-1.5310590705809537,-2.027259492715119,0
524407,1.2871152322195962,0.5740257630792477,0.0,0.5,0.5,0.0,0.0,-0.0311285469557203,0.341316838923196,0.0,0.7957508450296478,0.0,0.0,0.4641630654510255,0.0,0.0,0.3606105497520271,0.3663777481958229,5
524412,-0.7031412554459255,0.3502240363019069,1.0,1.0,1.5,0.6000000000000001,0.8,1.061127258990144,0.2614030824062447,0.0,-0.0380660878912795,1.5479441141749286,0.0,0.0979236444127681,0.0,0.8170594925112873,0.9075626169502832,0.2601286514346185,5
524419,-0.899691848879138,-1.0656153830619794,-0.5,0.0,-0.5,0.0,0.0,-0.0776927918335968,-0.658683161076804,0.0,0.0269891667947226,0.0,0.0,-0.5358369345489745,2.6303167041658844,0.0,-0.1837597199204653,-0.4204464127637335,0
524448,2.469739727366166,1.7906572897855868,-0.5,0.5,0.0,2.0,1.3333333333333333,-0.1194019552965795,0.341316838923196,0.0,-0.3378778341536493,0.0,0.6931471805599453,0.4641630654510255,2.6303167041658844,0.0,-0.4989485707437044,0.2089180700741837,5
524473,-0.2967009531759736,-0.1425108733599631,0.0,0.0,0.5,1.0,1.3333333333333333,0.6681149620677217,-0.0955123664504794,-1.0,0.1285072852083251,0.0,0.0,-0.1695975135107168,0.0,1.2892242269941023,0.6052882257402814,-0.2194022094539647,2
524484,-0.3102073088611108,-1.3967060397040991,-1.0,-0.5,-1.0,0.0,0.0,-5.01837906474446,0.69823228777992,2.2239010857415447,-1.7312471447788258,-5.8849491923617165,0.0,-1.945257774202184,4.496556105601924,0.0,-5.009979129451652,0.4926206152799864,4
524511,1.05152840338768,0.7893169849572652,0.0,0.0,0.5,0.0,1.3333333333333333,0.5539687517148455,0.341316838923196,-1.0,-0.4872619880436798,1.3087681003312956,0.0,-0.1695975135107168,0.0,1.2892242269941023,0.1373448824917723,0.0629364767922886,2
524572,0.4457212106862503,-0.160989241751724,0.0,0.0,0.5,1.0,0.0,0.0630667133623977,-0.658683161076804,-1.0,0.222498382100976,0.0,0.0,-0.1695975135107168,0.0,1.2892242269941023,0.3420623493443382,-0.0295820871296073,2
524606,-0.7258390367361002,-1.209990462642304,-0.5,0.0,-1.0,1.5,2.0,-5.01837906474446,0.1350614931535953,0.0,-1.7312471447788258,-5.8849491923617165,0.0,-1.945257774202184,4.496556105601924,0.0,-5.009979129451652,-0.0555232875934802,4
524607,-1.2009791886280194,0.0342356026297282,1.0,1.5,0.5,0.0,0.0,0.5948891103946596,0.2614030824062447,0.0,-0.0833673107571263,0.0,0.0,-0.311497195240441,2.18274896353532,0.0,0.2683214993837103,1.0569545679910908,5
524615,1.1849484434184765,1.0507401516565449,0.0,0.5,0.5,0.0,0.0,0.1923749237130809,-0.0955123664504794,0.0,-0.2042491549703521,0.0,0.0,0.4641630654510255,0.0,0.0,-0.2413467166513503,-0.6701907100250805,5
524620,-0.7315590971179934,-0.0173189290703666,0.0,0.5,0.5,0.0,1.3333333333333333,0.271893069636307,-0.658683161076804,0.0,-0.4872619880436798,0.0,0.0,0.4641630654510255,0.0,0.0,-0.3054064631054733,0.2228402160451075,5
524628,-1.0087835067679567,-0.0173189290703666,0.0,0.5,0.5,0.0,0.0,0.1217399509351415,-0.658683161076804,0.0,-0.2042491549703521,0.0,0.0,0.4641630654510255,0.0,0.0,-0.3239996154760747,0.1372519508409772,0
524637,1.3226106546193468,0.4226289536358835,0.0,0.5,0.5,0.0,0.0,0.0610387980526892,0.69823228777992,0.0,-0.0833673107571263,0.0,0.0,0.4641630654510255,0.0,0.0,-0.3411211689952221,0.1057058723807001,5
524644,-0.6465416906353081,-0.658368006199544,0.0,0.0,0.0,0.0,0.0,0.3531061906362369,-0.658683161076804,-1.0,0.8242531547064528,1.8945304820059297,0.0,-0.9452577742021836,1.8662394014360388,1.2892242269941023,0.8916262799952417,0.0729316702851838,2
524650,-0.2646986961331083,-0.2948576299622514,-0.5,0.0,0.0,0.0,0.0,0.1836432558911528,0.1350614931535953,0.0,-0.3378778341536493,0.0,0.0,0.4641630654510255,0.0,0.0,-0.2492548008687438,-1.7231608750470069,0
524663,-0.3020911764738057,-0.9039711300422292,-1.0,-0.5,-0.5,0.0,0.0,-2.07222737226452,-0.658683161076804,0.0,0.3100019998680502,0.0,0.0,0.4641630654510255,0.0,0.0,-1.640245049278178,-0.17044824759013,0
524668,-0.0617828281220622,0.3502240363019069,1.0,1.0,1.5,0.0,0.8,0.4709074541111494,0.4919769420103195,-0.5778829311823854,-0.1791334945787352,0.8092012510390698,0.0,0.0979236444127681,0.0,0.8170594925112873,0.1616352260753024,0.1788276788657166,5
524682,1.792536455431201,1.103695978225202,-0.5,0.0,0.0,0.0,0.0,0.0711299175201806,0.69823228777992,1.223901085741545,-0.3378778341536493,1.8945304820059297,0.0,0.4641630654510255,0.0,0.0,-0.0795099949117966,0.0361267936068,6
524722,0.5245554272584666,0.5064929114075749,0.0,0.5,0.5,1.0,1.3333333333333333,-0.0288665364577208,0.341316838923196,0.0,-0.4872619880436798,0.0,0.0,0.4641630654510255,0.0,0.0,-0.583031829848631,-0.3079905810621201,5
524728,-0.2753021736780416,-0.983314472996574,-1.0,-0.5,-1.0,0.0,0.0,-5.01837906474446,0.69823228777992,0.0,-1.7312471447788258,-5.8849491923617165,0.0,-1.945257774202184,4.496556105601924,0.0,-5.009979129451652,-1.0190088776257855,4
524739,-0.0114217577775157,0.1011544248762458,-1.0,-0.5,-0.5,0.0,4.0,-1.10502270343148,0.69823228777992,0.0,0.0269891667947226,0.0,0.0,0.4641630654510255,0.0,0.0,-1.1051177380035158,-0.8911891942955086,0
524766,-0.4659791917316795,-0.5231327642549591,-0.5,0.0,0.0,1.5,2.0,-0.421734197117816,0.69823228777992,2.2239010857415447,-0.5691161559187239,3.4424745961808574,0.0,0.4641630654510255,0.0,0.0,-0.6578318210183361,0.108491319167735,6
524797,-0.6654844975638724,-1.6006803839406132,-1.5,-1.0,-1.0,0.0,0.0,-5.01837906474446,-0.658683161076804,-3.801784016923932,-1.7312471447788258,-5.8849491923617165,0.0,-1.945257774202184,0.0,0.0,,,1
524805,0.1188896898561776,0.3794715120532125,0.0,0.0,0.5,1.0,0.0,0.3575020051174422,-0.0955123664504794,-1.0,-0.8521289889920516,0.0,0.0,-0.1695975135107168,0.0,1.2892242269941023,-0.4451242392245452,-0.2021806906494703,2
524807,-1.288940706935155,-0.9301034129840848,0.0,0.5,0.5,0.0,1.3333333333333333,0.284445978220114,-0.0955123664504794,0.0,-0.8521289889920516,0.0,0.0,0.4641630654510255,0.0,0.0,-0.7662402610692076,0.2722524419498383,0
524821,-0.6205181157096885,1.0507401516565449,-0.5,0.5,0.0,1.0,1.3333333333333333,-0.203996919301769,1.491976942010319,3.324542715787154,1.4203584774198996,3.4424745961808574,0.6931471805599453,0.4641630654510255,2.6303167041658844,0.0,1.0929557803180507,1.118969469011556,6
524834,1.3350025677462911,0.5740257630792477,-0.5,0.0,0.0,1.5,2.0,0.0751327678248068,0.1350614931535953,0.0,-0.5691161559187239,0.0,0.0,0.4641630654510255,0.0,0.0,-0.6831838741428475,-0.760539371986455,0
524842,-0.5415683531120764,-1.2704915660436666,-1.0,-1.0,-0.5,3.0,4.0,-0.8020618913427774,-0.658683161076804,-3.801784016923932,1.703371310493227,3.4424745961808574,0.0,-1.945257774202184,0.0,3.10628371950539,0.6926661103867663,-5.846818380501243,3
524849,0.0494010338794891,-0.160989241751724,0.0,0.0,0.5,0.0,2.6666666666666665,0.0889948638576445,-0.0955123664504794,-1.0,0.7367495369393785,1.3087681003312956,0.0,-0.1695975135107168,0.0,1.2892242269941023,0.4537918950390949,0.095357716562645,2
524861,1.0452190638453085,0.2905406156119291,0.5,0.5,1.0,0.0,0.0,0.4671542256138479,-0.2218539557031286,-0.7323949782604657,0.4308838440812761,1.8945304820059297,0.0,0.0,0.0,1.0,1.0944151055127378,0.2415627816571157,5
524880,-0.1753607007107251,-1.0378395182527564,-1.5,-1.0,-1.0,0.0,0.0,-5.01837906474446,-0.658683161076804,-3.801784016923932,-1.7312471447788258,-5.8849491923617165,0.0,-1.945257774202184,0.0,0.0,,,1
524885,0.0538246406828366,-1.332697148215006,-1.5,-1.0,-1.0,0.0,0.0,-5.01837906474446,-0.658683161076804,-3.801784016923932,-1.7312471447788258,-5.8849491923617165,0.0,-1.945257774202184,0.0,0.0,,,1
524895,0.1939463741786511,0.0171841500464987,0.0,0.5,0.5,0.0,0.0,0.534517060415615,-0.0955123664504794,0.0,0.222498382100976,0.0,0.0,0.4641630654510255,0.0,0.0,0.0090705797138826,-0.7163024089219758,5
524909,-0.2049274726775389,0.0171841500464987,0.0,0.5,0.5,0.0,0.0,-0.2208494491569787,-0.0955123664504794,0.0,-0.3378778341536493,0.0,0.0,0.4641630654510255,0.0,0.0,-0.3942869247923726,0.0231088043812619,0
524913,-0.3011916691294831,-0.6123631726854253,-1.0,-1.0,-0.5,0.0,0.0,0.050825359008231,-0.658683161076804,-3.801784016923932,1.055491476471528,5.8849491923617165,0.0,-1.945257774202184,0.0,3.10628371950539,1.363550938330626,-5.846818380501243,3
524923,-0.4659791917316795,-1.0937450900539751,0.0,0.5,-0.5,0.0,0.0,-1.4386037524305282,-0.0955123664504794,0.8454879529219202,-1.7312471447788258,3.4424745961808574,0.0,-0.9452577742021836,3.313807142066604,0.0,-5.009979129451652,0.6719487512950862,0
524926,-1.1422605445110343,-0.1060116599355281,0.5,1.0,0.5,1.5,0.0,0.3386264569898068,-0.2218539557031286,0.6460181545591593,0.1285072852083251,0.0,0.0,0.0,1.4475677406305645,0.0,0.3298504318335831,0.94135174370697,5
524929,-0.0602117734301469,0.0171841500464987,0.5,1.0,1.0,0.75,1.0,0.750781617769894,0.4368292053736752,1.223901085741545,-0.1423686188473956,1.8945304820059297,0.0,0.4641630654510255,0.0,0.0,0.4791671695197382,0.5964888857308922,6
524940,0.4412865586609458,-0.2752294817283874,-1.0,-1.0,-0.5,0.0,0.0,0.1216076941696255,-0.658683161076804,-3.801784016923932,0.3100019998680502,0.0,0.0,-1.945257774202184,0.0,3.10628371950539,0.1798703441894514,-5.846818380501243,3
524980,-0.8622993685384407,1.6725461358130267,0.0,1.0,1.0,2.25,1.0,0.1422693882560973,0.4368292053736752,0.0,0.0269891667947226,0.0,0.5108256237659907,1.0,0.0,0.0,0.0723790504930161,0.0971500308991673,5
525022,0.565598415362467,1.5305744279146267,0.0,0.5,0.5,0.75,2.0,-0.2067823711093864,0.4368292053736752,0.6460181545591593,-0.3378778341536493,1.8945304820059297,0.5108256237659907,-0.1695975135107168,1.8662394014360388,1.2892242269941023,-0.5802293160170953,0.655485896178791,5
525034,-0.6076479346569527,-0.7777566563817965,-0.5,-0.5,0.0,1.5,0.0,-0.3137339836471855,0.1350614931535953,-1.577882931182386,0.5412403216331251,0.0,0.0,-0.5358369345489745,0.0,1.8170594925112875,-0.0245756289353977,-0.3499701790601668,2
525043,-1.3150076849769006,-0.1241858541912811,0.0,0.5,0.5,0.0,0.0,-0.0021857299012968,-0.658683161076804,0.0,-0.6566197736857983,0.0,0.0,0.4641630654510255,0.0,0.0,-0.6087776096755729,0.1181732880128297,0
525053,0.8233409783420634,0.3794715120532125,0.0,0.5,0.5,1.0,1.3333333333333333,-0.0176466848663658,-0.0955123664504794,0.0,-0.6566197736857983,0.0,0.0,0.4641630654510255,0.0,0.0,-0.737435124100858,0.3537773516836084,5
525056,-0.3863860394463917,-0.1984164451611818,0.5,1.0,1.0,0.0,2.0,0.5495117188119661,0.1350614931535953,1.223901085741545,0.1763733206847534,1.8945304820059297,0.0,0.4641630654510255,0.0,0.0,0.6656612503945204,0.7956855626447472,6
525081,-0.659697878298532,-0.2173706571356206,0.5,-0.5,1.0,1.5,1.0,0.1026325923904887,-0.658683161076804,-2.5778829311823865,1.1570095948851302,1.8945304820059297,0.0,-1.169597513510717,0.0,2.5078734502500786,1.0766330666348625,-0.0354519811365418,2
525089,-0.7201373393404769,-0.1060116599355281,0.5,1.0,1.0,0.75,0.0,0.5170554982374359,-0.2218539557031286,1.223901085741545,-0.1423686188473956,1.8945304820059297,0.0,0.4641630654510255,0.0,0.0,0.3481985636081863,1.08944538355971,6
525102,-1.1861165310721564,0.7405160565023101,1.0,1.0,1.5,0.6000000000000001,0.8,0.7161118999737273,0.0,-0.5778829311823854,0.8739967618118026,0.8092012510390698,0.0,0.0979236444127681,0.0,0.8170594925112873,0.9235460233549064,0.2877645640657054,5
525106,0.4023818796649083,-0.1796235475848035,-1.0,-0.5,-0.5,0.0,0.0,-0.9636402049320868,-0.658683161076804,0.0,0.5412403216331251,0.0,0.0,0.4641630654510255,0.0,0.0,-0.5618298898768116,-1.1878305071275788,0
525168,1.4852410605351385,0.4226289536358835,-0.5,0.0,0.0,0.0,0.0,0.1906358139017576,0.1350614931535953,0.0,-0.8521289889920516,0.0,0.0,0.4641630654510255,0.0,0.0,-0.7233975778690384,-0.0561765083956537,0
525175,0.4648111040779986,-0.4584993070321419,-1.0,-1.0,-0.5,0.0,0.0,-0.5373396431954355,-0.658683161076804,-3.801784016923932,0.0269891667947226,3.4424745961808574,0.0,-1.945257774202184,0.0,3.10628371950539,-0.082914523944089,-5.846818380501243,3
525176,1.996186634121001,1.2650939780789934,-1.0,-0.5,-0.5,0.0,0.0,-0.3830276740076228,0.69823228777992,0.0,-1.7312471447788258,0.0,0.0,0.4641630654510255,0.0,0.0,-5.009979129451652,-1.7762654296596838,0
525201,-0.4659791917316795,0.2905406156119291,1.5,0.5,1.5,0.0,0.0,0.0151433827745718,0.1350614931535953,-1.0,0.2582274885597975,0.8092012510390698,0.0,-0.9452577742021836,1.0,1.8170594925112875,0.153795710830485,0.6016730695247389,5
525212,1.0197551550761488,0.4927349096618701,0.0,0.0,0.5,0.0,1.3333333333333333,0.2296380259364494,-0.0955123664504794,-1.0,0.0269891667947226,0.0,0.0,-0.1695975135107168,0.0,1.2892242269941023,-0.4922133440190977,-0.1265593493637215,2
525227,0.2541581476087982,0.8837977981322299,1.0,1.0,1.5,0.0,0.0,0.8054481824900922,0.0,-0.5778829311823854,-0.0380660878912795,0.0,0.0,0.0979236444127681,0.0,0.8170594925112873,0.5338680313256112,0.3999749187735345,5
525234,0.0560323192932559,1.145164842730202,0.5,1.0,1.5,1.8,2.4,1.1504037218391014,0.0,0.5227586988632229,0.7367495369393785,0.0,0.4054651081081644,0.4641630654510255,0.0,1.0,1.2583025254830105,0.8230760318245628,5
525244,1.845679669226224,1.442588599810844,-0.5,-0.5,0.0,0.0,2.0,0.2329558039496512,-0.658683161076804,-1.577882931182386,-0.1423686188473956,0.0,0.0,-0.5358369345489745,0.0,1.8170594925112875,-0.0233687420530589,-0.7361591575921745,2
525265,-1.0168382925164503,0.8013505413698264,0.0,0.5,0.5,1.0,1.3333333333333333,-0.0753024401469103,0.9999999999999998,0.8454879529219202,-0.4872619880436798,1.3087681003312956,0.0,0.4641630654510255,0.0,0.0,-0.3546242769617809,0.3060532196320922,6
525281,0.7352529813299861,0.6004710149305419,1.0,1.5,1.5,1.2000000000000002,0.0,0.2875552009528009,0.0,1.0,0.2582274885597975,1.5479441141749286,0.0,0.4641630654510255,0.0,0.0,0.5341016918793169,0.3473827098862576,5
525308,0.4099300304793652,0.5872879779418604,-0.5,-0.5,-0.5,0.0,0.0,-0.5884218528090575,-0.658683161076804,-1.577882931182386,0.0269891667947226,0.0,0.0,-1.945257774202184,2.6303167041658844,1.8170594925112875,-0.6051441287677897,-0.7709607966000617,2
525323,-0.7087885645390104,-0.7053517390478198,-0.5,0.0,0.0,0.0,0.0,0.0569682664431991,0.69823228777992,0.0,0.5412403216331251,0.0,0.0,0.4641630654510255,0.0,0.0,0.5067009151913089,-0.2195185822092829,0
525332,2.7840844556418527,2.2211866172761154,1.0,2.0,2.0,1.0,1.3333333333333333,0.9606092415829428,0.1350614931535953,1.9103977631226812,0.3515893126021746,2.957188973158704,0.3364722366212129,0.7954669210998687,0.0,0.0,1.2695175145364082,0.4961735614140862,5
525356,0.9690252242886436,0.8133188749341947,0.0,0.5,0.5,0.0,0.0,0.3799504536246761,-0.0955123664504794,0.0,-0.4872619880436798,0.0,0.0,0.4641630654510255,0.0,0.0,0.0589689917864452,0.647133765440608,5
525377,1.1270519578673297,0.6524299330683321,-1.5,-1.0,-1.0,0.0,0.0,-5.01837906474446,-0.658683161076804,-3.801784016923932,-1.7312471447788258,-5.8849491923617165,0.0,-1.945257774202184,0.0,0.0,,,1
525379,-0.5393634152579296,-1.71019797549943,-1.5,-1.0,-1.0,0.0,0.0,-5.01837906474446,-0.658683161076804,-3.801784016923932,-1.7312471447788258,-5.8849491923617165,0.0,-1.945257774202184,0.0,0.0,,,1
525389,0.0633714917753549,-0.3346452313910828,-0.5,0.0,0.0,0.0,2.0,-0.6665386437303178,-0.658683161076804,2.2239010857415447,0.1763733206847534,3.4424745961808574,0.0,0.4641630654510255,0.0,0.0,-0.1417697925995884,-0.3734948529597715,6
525405,-0.9967694099083624,-0.1060116599355281,-1.0,-0.5,-0.5,0.0,0.0,-0.3660049050560748,0.69823228777992,0.0,-0.3378778341536493,0.0,0.0,0.4641630654510255,0.0,0.0,-0.7022345612130932,-0.2745467073771246,0
525410,1.4901677688631905,0.4788906502885904,0.5,1.0,1.0,0.0,0.0,0.3952053236736468,0.1350614931535953,0.0,-0.5691161559187239,0.0,0.0,0.4641630654510255,0.0,0.0,-0.4685319535214746,-0.3826186910981298,5
525415,0.692600706921616,0.3794715120532125,0.0,0.5,0.5,0.0,1.3333333333333333,-0.1712705377199262,-0.0955123664504794,0.0,0.0269891667947226,0.0,0.0,0.4641630654510255,0.0,0.0,-0.253861321941066,0.2923432839455699,5
525447,0.9343819597503666,1.938911084814049,1.0,1.0,2.0,0.4999999999999998,2.0,0.6087813455126837,-0.658683161076804,-1.577882931182386,0.3100019998680502,0.0,0.3364722366212129,0.0979236444127681,0.0,1.5078734502500786,0.4932528559118404,0.5870202451643074,5
525488,0.0375505998345391,1.4515466329356972,-0.5,0.5,0.0,1.0,1.3333333333333333,-1.0057789055147548,-0.658683161076804,0.8454879529219202,0.3100019998680502,3.4424745961808574,0.6931471805599453,0.4641630654510255,2.6303167041658844,0.0,-0.2712922813495004,1.4038991279988868,6
525515,0.11569243028275,0.3502240363019069,0.5,1.0,1.0,0.0,1.0,0.2687254027308957,0.4368292053736752,0.6460181545591593,0.2449467451820483,1.0,0.0,0.4641630654510255,0.0,0.0,0.5605731467552616,-0.5535514242881553,5
525529,0.1442626529950561,-0.0701059560259865,0.0,0.5,0.5,0.0,0.0,0.6798178376891442,0.341316838923196,0.0,0.222498382100976,0.0,0.0,0.4641630654510255,0.0,0.0,0.7780452515875795,0.0197395101374785,5
525546,-0.2967009531759736,0.5337543951599557,1.5,1.0,2.0,0.4999999999999998,0.6666666666666664,0.6661370306325549,-0.0955123664504794,-1.0,0.7061866266408084,0.6795775573916313,0.0,-0.1695975135107168,0.0,1.2892242269941023,1.0963907184627475,0.0216626911206346,5
525555,-0.0637486027703328,1.0399948645799229,0.0,1.0,0.5,0.75,1.0,-0.5373396431954355,0.4368292053736752,0.0,-0.8521289889920516,0.0,0.5108256237659907,0.4641630654510255,1.8662394014360388,0.0,-1.2545218013931816,0.1462888180071058,0
525591,-1.2617056924525534,-0.1425108733599631,0.5,0.0,0.5,1.5,0.0,-0.0540890522040309,-0.2218539557031286,-1.577882931182386,1.146122837879747,0.0,0.0,-1.169597513510717,1.4475677406305645,1.8170594925112875,0.5406124222178866,-0.0083861481329479,2
525610,-2.0567608353074105,0.3939512500814855,1.0,2.0,1.5,1.0,2.0,0.6130102045998693,0.341316838923196,0.0,-0.2363597157400465,0.0,0.3364722366212129,0.4641630654510255,1.18274896353532,0.0,0.0591126803469218,1.4548997489842828,5
525611,0.3455056592328074,0.8370626750721992,1.0,1.0,1.5,0.0,0.0,0.5894843554653652,0.4919769420103195,-0.5778829311823854,0.5412403216331251,0.0,0.0,0.0979236444127681,0.0,0.8170594925112873,0.4431127946049689,0.4435792180387359,5
525615,0.4054049905452702,0.3794715120532125,1.5,1.5,1.5,0.4999999999999998,0.6666666666666664,0.5027536260936183,0.341316838923196,-0.4772413011367771,-0.1791334945787352,0.8092012510390698,0.0,-0.1695975135107168,1.0,0.690813957738791,0.2333504116895586,0.4224916637422455,5
525631,-0.0383616903038499,0.9744013643849618,0.0,0.5,0.5,0.75,1.0,-0.7009351911800297,0.4368292053736752,1.223901085741545,0.7367495369393785,1.8945304820059297,0.5108256237659907,-0.1695975135107168,1.8662394014360388,1.2892242269941023,-0.0303517051629296,1.3856882567336557,5
525647,0.5206775278720298,-0.4164379946042029,-1.5,-1.0,-1.0,0.0,0.0,-5.01837906474446,-0.658683161076804,-3.801784016923932,-1.7312471447788258,-5.8849491923617165,0.0,-1.945257774202184,0.0,0.0,,,1
525671,2.455035839507223,1.1858692605047223,0.5,1.0,0.5,0.0,1.0,-0.2615345163169901,0.1350614931535953,1.223901085741545,-0.3378778341536493,2.4424745961808583,0.0,0.0,1.4475677406305645,0.0,-0.2338813067169571,0.712743194260066,6
525684,-0.4077419345842769,-0.1984164451611818,0.5,0.5,0.5,0.75,1.0,0.7373046664469756,-0.2218539557031286,1.223901085741545,0.0269891667947226,1.3087681003312956,0.0,-0.5358369345489745,1.4475677406305645,1.0,0.6303401862484295,0.7324237585376575,5
525716,0.4589591145550679,-0.1060116599355281,0.5,0.5,1.0,0.75,1.0,0.3150336709368571,0.4368292053736752,-0.7323949782604657,0.6906244755231556,0.0,0.0,0.0,0.0,1.0,0.6452068944038267,0.0420054902115784,5
525722,0.9742954869492758,0.8133188749341947,1.0,1.5,1.0,0.6000000000000001,0.8,0.6943723168666135,-0.30176771222008,0.5227586988632229,-0.8521289889920516,0.0,0.0,0.0979236444127681,1.18274896353532,0.0,-0.5082349188752172,0.3835368857449604,5
525734,0.1898587378210554,-0.0879858281037825,-0.5,-0.5,0.0,0.0,0.0,-0.0753024401469103,0.1350614931535953,-1.577882931182386,0.4308838440812761,0.0,0.0,-0.5358369345489745,0.0,1.8170594925112875,0.1061012838513927,-1.197628312364411,2
525761,-1.3732449421243034,-1.71019797549943,-1.0,-1.0,-0.5,0.0,4.0,-0.9170023031282084,-0.658683161076804,-3.801784016923932,0.5412403216331251,0.0,0.0,-1.945257774202184,0.0,3.10628371950539,-0.6357056660614949,-5.846818380501243,3
525769,-1.277217382434204,1.2650939780789934,1.5,1.5,1.5,0.0,0.0,0.9132275140016474,0.1350614931535953,-0.4772413011367771,0.5828276343672492,0.0,0.0,-0.1695975135107168,1.0,0.690813957738791,0.9797452229756032,0.2905403452706017,5
525789,-0.7031412554459255,0.3939512500814855,0.5,0.5,1.0,0.75,1.0,0.3313953190977514,-0.2218539557031286,-0.7323949782604657,0.1038793384945924,1.0,0.0,0.0,0.0,1.0,0.2456060048204007,0.2975262369992775,5
525804,1.2234765749048606,0.963277148732632,0.5,0.0,1.0,1.5,0.0,0.0968148587759089,-0.2218539557031286,-1.577882931182386,-0.3378778341536493,1.8945304820059297,0.0,-0.5358369345489745,0.0,1.8170594925112875,0.4884787412395691,-0.4778183702878376,2
525806,0.8319141754233094,0.0679485038398385,-0.5,0.0,-0.5,0.0,2.0,-0.4930880313027384,0.1350614931535953,0.0,1.055491476471528,0.0,0.0,-0.5358369345489745,2.6303167041658844,0.0,0.1529866235898387,-0.6977532571119012,0
525824,0.4694788523978053,-0.1241858541912811,-0.5,0.0,-0.5,1.5,0.0,-0.3011576545890609,0.69823228777992,1.223901085741545,1.055491476471528,3.4424745961808574,0.0,-0.5358369345489745,2.6303167041658844,0.0,0.7919648152877484,0.2802640355219253,6
525842,-0.3569127266061206,-0.1241858541912811,0.0,0.0,0.5,0.0,0.0,0.4234064682758015,0.341316838923196,-1.0,0.3100019998680502,0.0,0.0,-0.1695975135107168,0.0,1.2892242269941023,0.2145325180864753,-1.3655991353954071,2
525844,1.5530015427155122,2.493851576647258,0.5,1.5,1.5,1.2000000000000002,0.8,0.890018094139609,0.2614030824062447,0.0,0.0888697029176791,0.0,0.4054651081081644,0.8735839051042346,0.0,0.0,0.5978910594167812,0.3117533164692639,5
525848,-0.5930524568253094,-0.7292238865448002,-1.0,-1.0,-0.5,0.0,0.0,-1.190206130204569,-0.658683161076804,-3.801784016923932,1.189120155654825,3.4424745961808574,0.0,-1.945257774202184,0.0,3.10628371950539,0.137431820129277,-5.846818380501243,3
525864,0.397620855893381,0.084613882090961,-0.5,0.0,0.0,0.0,0.0,-0.0132002449729417,0.1350614931535953,1.223901085741545,-1.2169959899404237,1.8945304820059297,0.0,0.4641630654510255,0.0,0.0,-1.0809486371223944,-0.093177514809096,6
525879,-0.7087885645390104,-0.1241858541912811,0.5,1.0,1.0,0.0,0.0,0.7123711683937849,0.69823228777992,0.0,0.1763733206847534,0.0,0.0,0.4641630654510255,0.0,0.0,0.5315270848530753,-0.3177545504764544,5
525920,0.0301037242983207,0.4788906502885904,1.0,0.5,1.0,0.6000000000000001,0.0,0.4746440385249632,0.2614030824062447,0.0,0.0269891667947226,2.703731733044999,0.0,-0.7756602606914664,1.18274896353532,1.5078734502500786,0.5921136868364291,0.4177081616333039,5
525975,0.3028208413348977,0.2446949798295298,0.5,1.0,1.0,0.75,1.0,0.3313953190977514,0.4368292053736752,0.0,-0.8521289889920516,0.0,0.0,0.4641630654510255,0.0,0.0,-0.3580838393741978,0.2314095561437162,5
525996,0.3187498917258005,0.8252226888668068,1.5,1.0,2.0,1.0,0.6666666666666664,0.9493650593168412,-0.0955123664504794,-1.0,0.1285072852083251,0.0,0.0,-0.1695975135107168,0.0,1.2892242269941023,0.7475430955525071,0.1781416056211706,5
526032,-0.4269429563329749,-1.67308530127459,-1.5,-1.0,-1.0,0.0,0.0,-5.01837906474446,-0.658683161076804,-3.801784016923932,-1.7312471447788258,-5.8849491923617165,0.0,-1.945257774202184,0.0,0.0,,,1
526036,-0.1298707883550653,-0.9565486648353788,-1.5,-1.0,-1.0,0.0,0.0,-5.01837906474446,-0.658683161076804,-3.801784016923932,-1.7312471447788258,-5.8849491923617165,0.0,-1.945257774202184,0.0,0.0,,,1
526062,0.0888223684153056,0.6524299330683321,1.0,1.0,1.0,1.2000000000000002,0.8,0.7807517671257727,0.0,0.0,0.7367495369393785,1.0,0.0,-0.311497195240441,1.18274896353532,0.8170594925112873,1.14273551085902,0.0784070047203104,5
526079,-0.3306613991861102,-0.6817349135302966,0.0,0.5,-0.5,1.0,0.0,-0.6860215557564271,0.69823228777992,0.0,0.3100019998680502,0.0,0.0,-0.9452577742021836,3.313807142066604,0.0,-0.4866213538639213,-0.0293585593425406,0
526084,0.2142446204098905,0.0,0.0,0.5,0.5,0.0,0.0,-0.2765544934337305,-0.0955123664504794,0.8454879529219202,-1.0833673107571262,1.3087681003312956,0.0,0.4641630654510255,0.0,0.0,-0.721966436625047,0.4739958081529974,6
526102,0.602473315278869,-0.0347747680912913,1.0,1.0,1.0,1.2000000000000002,0.0,0.4442768455473206,0.0,1.0,0.4872619880436801,2.703731733044999,0.0,-0.311497195240441,1.18274896353532,0.8170594925112873,0.8894690125056013,0.5113811526682569,6
526144,-0.9186875081701394,0.3648961975046188,1.0,1.5,1.0,1.2000000000000002,0.8,0.6129363817310958,0.2614030824062447,0.5227586988632229,0.1763733206847534,1.0,0.0,0.0979236444127681,1.18274896353532,0.0,0.4062893236005828,0.5248307217009827,5
526154,-0.5885158586668233,-0.0879858281037825,0.5,0.5,0.5,0.0,1.0,-0.1244474698007082,-0.658683161076804,-0.7323949782604657,0.0269891667947226,0.0,0.0,-0.5358369345489745,1.4475677406305645,1.0,-0.1179120790548126,-0.5907827632917206,2
526174,-1.277217382434204,-1.0937450900539751,-0.5,-0.5,0.0,1.5,2.0,-0.6016913932633047,-0.658683161076804,-1.577882931182386,0.1763733206847534,1.8945304820059297,0.0,-0.5358369345489745,0.0,1.8170594925112875,-0.0951953187641112,-0.8487798431125761,2
526179,-0.5261909651618265,0.2135937313624968,1.0,1.5,1.0,0.0,0.0,0.3269644671462097,0.4919769420103195,0.0,0.2449467451820483,0.0,0.0,0.0979236444127681,1.18274896353532,0.0,0.348809208902219,0.4607310458839833,5
526184,-0.0602117734301469,-1.0937450900539751,-1.0,-1.0,-0.5,0.0,4.0,0.1103276084696746,-0.658683161076804,-3.801784016923932,0.7367495369393785,0.0,0.0,-1.945257774202184,0.0,3.10628371950539,0.3785585444056508,-5.846818380501243,3
526203,3.1192100624167574,2.361725045541226,0.5,1.5,1.0,1.2000000000000002,0.8,-0.0705419845212851,0.8848129434284441,0.0,0.6906244755231556,0.0,0.4054651081081644,0.4641630654510255,1.4475677406305645,0.0,0.405623249129672,-0.1891435312914727,5
526206,0.6306336798247383,0.6779579877571728,-1.0,-0.5,-0.5,0.0,0.0,-0.716117555167371,-0.658683161076804,0.0,-0.3378778341536493,0.0,0.0,0.4641630654510255,0.0,0.0,-0.991064054483224,-0.430953907248753,0
526221,0.9663842167932318,-0.0173189290703666,-1.0,-0.5,-0.5,3.0,0.0,-0.819200076828232,0.69823228777992,0.0,1.055491476471528,0.0,0.0,0.4641630654510255,0.0,0.0,-0.1167165827473538,-0.919164050196905,0
526235,-0.0649291127595589,-0.3346452313910828,-0.5,0.0,0.0,0.0,0.0,0.0425645241694755,0.1350614931535953,2.2239010857415447,-0.3378778341536493,3.4424745961808574,0.0,0.4641630654510255,0.0,0.0,0.15541105853033,0.1069608460124035,6
526239,-0.0736102450604584,-0.6352457830218333,-0.5,-0.5,0.0,0.0,0.0,-0.7797400984355424,0.1350614931535953,-1.577882931182386,1.3100019998680503,0.0,0.0,-0.5358369345489745,0.0,1.8170594925112875,0.0669013049283526,-0.3491297976095882,2
526256,-1.5824367078789177,0.2446949798295298,1.5,2.0,2.0,0.0,0.6666666666666664,0.9633482908073232,0.1350614931535953,0.4390194395059628,-0.5691161559187239,0.6795775573916313,0.0,0.4641630654510255,0.0,0.0,0.2503110483446267,1.0049729356470432,5
526258,0.9477863797042296,0.8837977981322299,0.0,0.5,0.5,0.0,0.0,0.0771270845060327,-0.0955123664504794,0.0,0.0269891667947226,0.0,0.0,0.4641630654510255,0.0,0.0,0.0340554227308944,-0.0568975531139202,5
526291,1.3378637479275317,0.2446949798295298,-1.5,-1.0,-1.0,0.0,0.0,-5.01837906474446,-0.658683161076804,-3.801784016923932,-1.7312471447788258,-5.8849491923617165,0.0,-1.945257774202184,0.0,0.0,,,1
526297,-1.0994614322526868,0.084613882090961,1.0,1.5,1.0,0.6000000000000001,0.0,0.472154824293746,0.0,0.0,-0.3378778341536493,0.0,0.0,0.0979236444127681,1.18274896353532,0.0,-0.0060016338902245,0.4343127294590539,5
526303,-0.2436797855732951,-0.2557742709686207,-0.5,-1.0,0.0,0.0,0.0,0.1422693882560973,-0.658683161076804,-3.801784016923932,0.9061073225814968,0.0,0.0,-1.945257774202184,0.0,3.10628371950539,0.4909693606076584,-5.846818380501243,3
526308,-0.1670026748704246,2.0025102625740003,1.0,1.5,1.5,1.0,0.6666666666666664,0.8471978765250171,-0.0955123664504794,-1.0,0.6999846612080391,1.5479441141749286,0.3364722366212129,0.0979236444127681,1.18274896353532,0.8170594925112873,1.4487194230934166,0.1352810239873951,5
526332,0.4198447222238156,-0.2557742709686207,-0.5,0.0,0.0,0.0,2.0,0.534517060415615,0.69823228777992,1.223901085741545,0.8242531547064528,1.8945304820059297,0.0,0.4641630654510255,0.0,0.0,1.1073778901048783,0.0770599581154162,6
526354,0.904531219885692,0.5606834135017086,0.5,1.0,1.0,0.75,0.0,0.6389703110410561,-0.2218539557031286,0.6460181545591593,0.4872619880436801,1.0,0.0,0.4641630654510255,0.0,0.0,0.948459268739922,0.4438091942975801,5
526365,-0.5109455735858626,0.0679485038398385,0.0,0.5,0.5,1.0,1.3333333333333333,0.0549256026441173,0.69823228777992,2.2239010857415447,0.0269891667947226,3.4424745961808574,0.0,0.4641630654510255,0.0,0.0,0.4092689764062484,0.2764726267059269,6
526367,-0.1545389239780106,0.1820481643393343,0.0,0.0,0.5,0.0,0.0,0.6338418813050893,0.341316838923196,-1.0,1.230707468388949,0.0,0.0,-0.1695975135107168,0.0,1.2892242269941023,1.1018720725930229,-0.3125989576129316,2
526372,0.7944610377436472,-0.0173189290703666,-0.5,0.0,0.0,0.0,0.0,-0.8605992018306694,0.1350614931535953,0.0,0.8242531547064528,0.0,0.0,0.4641630654510255,0.0,0.0,-0.3096531515612879,-0.2849755579420289,0
526378,-1.9741376955711745,0.9295642475225216,1.0,1.0,1.0,0.6000000000000001,0.0,0.036315310818796,0.2614030824062447,-0.5778829311823854,0.1038793384945924,0.0,0.0,-0.311497195240441,1.18274896353532,0.8170594925112873,-0.0978637595695334,0.2435871193366233,5
526409,-1.3245822483982044,0.5064929114075749,0.5,1.0,0.5,0.0,0.0,0.050825359008231,0.1350614931535953,0.0,-0.2042491549703521,0.0,0.0,0.0,1.4475677406305645,0.0,-0.3136085968943486,0.4270140047892798,5
526431,1.853716231415292,1.145164842730202,1.0,0.5,1.5,0.6000000000000001,0.0,0.329920955809132,-0.30176771222008,-0.5778829311823854,0.7367495369393785,0.8092012510390698,0.0,-0.311497195240441,0.0,1.5078734502500786,0.5940448312624971,0.5739175067241008,5
526435,-0.1003700489277034,-1.0937450900539751,-1.5,-1.0,-1.0,0.0,0.0,-5.01837906474446,-0.658683161076804,-3.801784016923932,-1.7312471447788258,-5.8849491923617165,0.0,-1.945257774202184,0.0,0.0,,,1
526443,-0.5058927189305872,-1.0378395182527564,-1.0,-0.5,-1.0,3.0,0.0,-5.01837906474446,0.69823228777992,0.0,-1.7312471447788258,-5.8849491923617165,0.0,-1.945257774202184,4.496556105601924,0.0,-5.009979129451652,-0.2876185720544425,4
526445,0.8889555138569827,0.4788906502885904,0.0,0.0,0.5,0.0,0.0,-0.0800899439609849,-0.0955123664504794,-1.0,-0.6566197736857983,0.0,0.0,-0.1695975135107168,0.0,1.2892242269941023,-0.6136520598838991,-0.5106103636362136,2
526471,-0.5261909651618265,0.1978772796996186,1.5,2.0,1.0,0.4999999999999998,0.6666666666666664,0.6730395722545833,0.341316838923196,0.4390194395059628,0.3100019998680502,1.0,0.0,-0.1695975135107168,1.8662394014360388,0.0,1.0400112912884314,0.5990069047845916,5
526490,0.4720990798906036,0.0,-0.5,0.0,0.0,0.0,2.0,-0.6909634960489951,0.1350614931535953,0.0,-1.2169959899404237,0.0,0.0,0.4641630654510255,0.0,0.0,-2.043629132704293,-0.7854109963840314,0
526492,0.5194639458546031,-0.0701059560259865,1.0,0.5,1.0,0.6000000000000001,1.6,0.5696573376948231,-0.30176771222008,-1.2239010857415449,1.0902415790965525,1.0,0.0,-0.7756602606914664,1.18274896353532,1.5078734502500786,0.9831436213180298,0.1095444016458417,2
526495,0.0271162093577428,0.1175719885109969,-0.5,0.0,-0.5,0.0,0.0,-0.3795954965351481,0.1350614931535953,1.223901085741545,-0.3378778341536493,3.4424745961808574,0.0,-0.5358369345489745,2.6303167041658844,0.0,-0.2335278080161779,-0.3200428717324603,6
526540,-0.7407496853538414,0.3648961975046188,0.5,1.0,1.0,0.0,1.0,0.4114356502931283,0.4368292053736752,0.6460181545591593,-0.2363597157400465,1.0,0.0,0.4641630654510255,0.0,0.0,0.2724905177958914,0.5903322774406422,5
526565,-1.2865898433048335,-0.4798342762580817,0.0,0.0,0.5,2.0,2.6666666666666665,0.2214034740931534,0.341316838923196,0.0,-0.2042491549703521,1.3087681003312956,0.0,-0.1695975135107168,0.0,1.2892242269941023,-0.0473256329137407,-0.3802407422418126,2
526570,0.8281089737247963,1.4515466329356972,1.0,2.0,1.5,0.4999999999999998,1.3333333333333333,1.1816232510284723,0.341316838923196,0.8454879529219202,0.1478710110079485,0.8092012510390698,0.3364722366212129,0.4641630654510255,1.18274896353532,0.0,1.0514605043948555,0.8329126750078025,5
526628,-0.6863062742965885,0.2291991117677428,1.0,1.5,1.0,0.6000000000000001,0.0,0.7445528694605825,0.4919769420103195,0.5227586988632229,-0.702744835102021,1.0,0.0,0.0979236444127681,1.18274896353532,0.0,-0.0116244177814396,0.8305405925043768,5
526668,0.6771160646935227,0.1661047583479931,0.0,0.5,0.5,0.0,0.0,-0.5049280163443585,-0.0955123664504794,0.0,0.222498382100976,0.0,0.0,0.4641630654510255,0.0,0.0,-0.5721194260637886,0.4431940026290576,0
526676,-1.078442521692874,1.0614334032407846,0.0,1.0,0.5,1.5,3.0,-0.3660049050560748,-0.2218539557031286,0.0,-0.1423686188473956,0.0,0.5108256237659907,0.4641630654510255,1.8662394014360388,0.0,-0.8969093014168852,0.3300901538973094,5
526683,0.0375505998345391,-0.7533569369943934,0.0,0.5,0.0,0.0,0.0,0.16590368689258,0.341316838923196,0.0,0.9061073225814968,0.0,0.0,-0.1695975135107168,1.8662394014360388,0.0,0.6232068626360532,-0.087226962888343,5
526690,1.5624739769735425,0.728145423941257,-0.5,0.0,0.0,0.0,0.0,0.2997715628636557,0.69823228777992,0.0,0.3100019998680502,0.0,0.0,0.4641630654510255,0.0,0.0,0.3267068375685425,-0.773363366283848,5
526711,1.1849484434184765,0.8133188749341947,-0.5,0.0,0.0,1.5,2.0,-1.163734893384068,-0.658683161076804,0.0,-0.1423686188473956,0.0,0.0,0.4641630654510255,0.0,0.0,-1.284756026712496,-0.2409195499271778,0
526727,-0.4541779708155759,1.0074416636596677,-0.5,0.5,0.0,1.0,2.6666666666666665,-0.3660049050560748,1.2614030824062443,2.8017840169239308,-0.3378778341536493,0.0,0.6931471805599453,0.4641630654510255,2.6303167041658844,0.0,-0.7022345612130932,0.8012956651236673,5
526729,-0.3329486850314062,-0.1796235475848035,0.5,0.5,1.0,0.75,0.0,0.7944072750703969,-0.2218539557031286,-0.7323949782604657,0.4308838440812761,0.0,0.0,0.0,0.0,1.0,0.7228867599991139,-0.1238293781538529,2
526740,0.3475129043664802,-0.4798342762580817,-1.5,-1.0,-1.0,0.0,0.0,-5.01837906474446,-0.658683161076804,-3.801784016923932,-1.7312471447788258,-5.8849491923617165,0.0,-1.945257774202184,0.0,0.0,,,1
526759,-0.877162026094303,-1.0656153830619794,-1.0,-0.5,-0.5,3.0,0.0,-0.5884218528090575,0.69823228777992,2.2239010857415447,0.0269891667947226,3.4424745961808574,0.0,0.4641630654510255,0.0,0.0,-0.125128668254173,-1.3272222406666978,6
526782,0.0779594769776433,-0.3957040193861091,-0.5,0.0,0.0,0.0,0.0,-0.2409464455532194,0.1350614931535953,1.223901085741545,-0.1423686188473956,1.8945304820059297,0.0,0.4641630654510255,0.0,0.0,-0.1675051620239019,-0.512675662164243,6
526789,-0.4758737978988532,-0.0347747680912913,0.5,0.5,0.0,0.75,1.0,-0.2208494491569787,-0.2218539557031286,0.0,0.0269891667947226,0.0,0.0,-1.169597513510717,2.6303167041658844,1.0,-0.2821243335806496,0.0466095976496115,0
526837,0.0282371164403273,1.3880635545546636,0.0,1.0,1.0,1.5,1.0,0.8653152322597175,0.9288061473839948,1.223901085741545,1.3100019998680503,0.0,0.5108256237659907,1.0,0.0,0.0,1.3674199027123315,1.4251667934829673,5
526855,-0.3444295085470803,0.4509389841865806,0.5,1.0,0.0,0.0,1.0,-0.1553719829504427,-0.2218539557031286,0.0,0.0269891667947226,0.0,0.0,-0.5358369345489745,2.6303167041658844,0.0,-0.7692948373155415,0.8844536667266981,5
526858,-0.0657165555627049,-1.151102915861414,-1.5,-1.0,-1.0,0.0,0.0,-5.01837906474446,-0.658683161076804,-3.801784016923932,-1.7312471447788258,-5.8849491923617165,0.0,-1.945257774202184,0.0,0.0,,,1
526867,-0.8530729726552201,-0.3957040193861091,0.5,1.0,1.0,0.75,2.0,0.1141489229760197,-0.2218539557031286,0.0,-0.1423686188473956,0.0,0.0,0.4641630654510255,0.0,0.0,-0.3743452191125198,0.3384263554367067,5
526872,2.0572862242221728,1.0399948645799229,-1.0,-1.0,-0.5,0.0,0.0,-1.0276658089132589,-0.658683161076804,-3.801784016923932,1.055491476471528,0.0,0.0,-1.945257774202184,0.0,3.10628371950539,-0.2894408685920183,-5.846818380501243,3
526873,1.59291506991442,1.3321579827534449,0.0,0.0,0.5,0.0,2.6666666666666665,0.2891055204416102,0.341316838923196,-1.0,0.3918561677430946,1.3087681003312956,0.0,-0.1695975135107168,0.0,1.2892242269941023,0.5280243476557287,-0.0511939577820472,2
526900,0.268897462186495,0.0511563914573724,0.0,0.5,0.0,0.0,2.6666666666666665,-0.5332193493887077,0.341316838923196,0.0,-0.5691161559187239,0.0,0.0,-0.1695975135107168,1.8662394014360388,0.0,-1.1688237401823744,-0.0643745549204322,0
526901,0.9262904778125856,0.9295642475225216,0.5,1.0,1.0,1.5,0.0,0.54151411459228,0.1350614931535953,0.0,0.0269891667947226,0.0,0.0,0.4641630654510255,0.0,0.0,0.3261646999408577,0.493115386472411,5
526905,-1.757273878088166,-0.5231327642549591,1.0,1.0,1.0,0.0,0.8,0.6172179457009993,0.2614030824062447,-0.5778829311823854,0.3718825359910068,0.0,0.0,-0.311497195240441,1.18274896353532,0.8170594925112873,0.4499515680022501,-0.1964750553823122,5
526913,0.234313503017977,0.3502240363019069,1.0,1.0,1.0,0.6000000000000001,0.0,0.4632960352216048,0.0,-0.5778829311823854,-0.1423686188473956,0.0,0.0,-0.311497195240441,1.18274896353532,0.8170594925112873,0.2287534773024889,0.8312097871713301,5
526916,-0.1964294793676732,-0.6123631726854253,-1.5,-1.0,-1.0,0.0,0.0,-5.01837906474446,-0.658683161076804,-3.801784016923932,-1.7312471447788258,-5.8849491923617165,0.0,-1.945257774202184,0.0,0.0,,,1
526925,1.0473246683757471,0.4226289536358835,0.0,-1.0,0.5,0.0,0.0,0.4991399033087672,-0.658683161076804,-3.801784016923932,1.146122837879747,0.0,0.0,-1.945257774202184,0.0,3.10628371950539,1.0284843746935797,-5.846818380501243,3
526950,0.3266611618818428,-0.0347747680912913,0.0,0.0,0.5,0.0,0.0,0.5379825043602828,-0.0955123664504794,-1.0,1.0076254409950998,1.3087681003312956,0.0,-0.1695975135107168,0.0,1.2892242269941023,0.9400453601377572,-0.7192662489748507,2
526959,0.0,0.0,0.0,0.5,0.5,0.0,0.0,-0.6522165130024442,0.341316838923196,0.8454879529219202,-0.0833673107571263,1.3087681003312956,0.0,0.4641630654510255,0.0,0.0,-0.6723190803058241,0.8513372239787697,6
526970,0.204124494946699,0.3056133849682904,0.5,0.0,1.0,0.0,0.0,0.4404028230702462,-0.2218539557031286,-0.7323949782604657,0.0269891667947226,1.0,0.0,-0.5358369345489745,0.0,1.8170594925112875,0.2085806559062821,-0.04607888181019,2
527001,-0.4134804766150164,-1.0378395182527564,-1.0,-1.0,-0.5,0.0,0.0,-1.2268466161428315,-0.658683161076804,-3.801784016923932,1.8621156500681413,0.0,0.0,-1.945257774202184,0.0,3.10628371950539,0.0253516973212241,-5.846818380501243,3
527004,-0.5446598721057023,-0.8024290039733696,-0.5,0.0,0.0,0.0,2.0,0.2686143184063213,-0.658683161076804,1.223901085741545,-0.1423686188473956,1.8945304820059297,0.0,0.4641630654510255,0.0,0.0,-0.1557932655007802,0.588185886257205,6
527019,0.2192831407064626,-0.3751629211508731,-0.5,-0.5,0.0,0.0,4.0,0.2671370923558518,0.1350614931535953,-1.577882931182386,0.3100019998680502,3.4424745961808574,0.0,-0.5358369345489745,0.0,1.8170594925112875,0.8097185578896307,-2.1793762478681,2
527038,-0.5570800430937265,0.2753642525262495,0.5,1.0,0.0,1.5,1.0,-0.0333966463183919,0.4368292053736752,0.6460181545591593,0.5412403216331251,1.8945304820059297,0.0,-0.5358369345489745,2.6303167041658844,0.0,0.44566534054724,0.5124771929760821,5
527046,0.7314861141419434,0.3502240363019069,0.0,0.5,0.5,0.0,1.3333333333333333,0.3603534406795055,-0.0955123664504794,0.8454879529219202,0.0269891667947226,1.3087681003312956,0.0,0.4641630654510255,0.0,0.0,0.3175983738569642,0.2947030764215852,5
527075,0.1837095895664544,0.6652308508706292,0.0,0.5,0.5,0.0,0.0,0.2010170343893152,0.69823228777992,0.8454879529219202,0.3100019998680502,1.3087681003312956,0.0,0.4641630654510255,0.0,0.0,0.3760395815945965,0.4428728568455681,5
527081,0.1316214806736528,-0.3751629211508731,-0.5,0.0,0.0,1.5,0.0,-0.4004014525057859,-0.658683161076804,0.0,-0.3378778341536493,0.0,0.0,0.4641630654510255,0.0,0.0,-0.7305979300750478,-0.3190090979603695,0
527082,0.0582372571474026,0.0679485038398385,0.0,0.0,0.5,1.0,1.3333333333333333,0.4378102105495251,0.341316838923196,-1.0,0.222498382100976,0.0,0.0,-0.1695975135107168,0.0,1.2892242269941023,0.0456820417216777,-0.7015947805212233,2
527109,0.5109455735858626,-0.1984164451611818,0.5,1.0,0.5,0.0,0.0,0.6002594179585083,0.1350614931535953,0.0,0.4687463394429643,0.0,0.0,0.0,1.4475677406305645,0.0,0.6050984558116539,0.1668815805999279,5
527130,0.9663842167932318,0.2446949798295298,-0.5,-0.5,0.0,0.0,2.0,0.3602538032205666,-0.658683161076804,-1.577882931182386,1.8988805257994807,0.0,0.0,-0.5358369345489745,0.0,1.8170594925112875,1.333370471397213,-0.2831930067286665,2
527132,0.5503530237865032,1.0614334032407846,-0.5,0.0,0.0,1.5,0.0,-0.18475239980928,-0.658683161076804,0.0,0.0269891667947226,0.0,0.0,0.4641630654510255,0.0,0.0,-0.2720390640674145,-1.5103133379182236,0
527133,1.716225458148407,2.391128304716129,1.0,1.5,2.0,0.4999999999999998,2.0,0.485755387292567,0.5278974945717202,-0.4772413011367771,0.0787636781029754,0.0,0.3364722366212129,0.4641630654510255,0.0,0.8170594925112873,0.0851732091485068,0.468969083209509,5
527141,-0.7721237983712724,-0.0173189290703666,1.0,1.0,0.5,0.0,0.0,0.5948136826090794,-0.30176771222008,0.0,-0.6566197736857983,1.3087681003312956,0.0,-0.7756602606914664,2.18274896353532,0.8170594925112873,-0.013237868140618,-0.070196575963096,5
527142,-0.5570800430937265,0.9854698193237402,1.5,2.0,2.0,0.0,0.6666666666666664,0.8793231385311527,0.1350614931535953,0.0,-0.0269891667947223,0.0,0.0,0.4641630654510255,0.0,0.0,0.5415953359260701,0.6858641359638993,5
527150,0.3313910640472022,0.4788906502885904,0.0,0.5,0.5,0.0,0.0,0.0404865985677702,-0.0955123664504794,0.0,0.1285072852083251,0.0,0.0,0.4641630654510255,0.0,0.0,0.0056097890975071,0.2003604930380478,5
527154,-1.3366234959669334,-1.2400338123026975,-0.5,0.0,0.0,1.5,0.0,0.2494651720590502,0.69823228777992,0.0,0.1763733206847534,0.0,0.0,0.4641630654510255,0.0,0.0,0.3609105227986957,-0.207477107633563,0
527158,0.798096816318121,0.6906121893614907,0.0,1.0,1.0,0.75,1.0,0.7463552196760616,0.69823228777992,2.2239010857415447,0.5930148329413781,1.8945304820059297,0.5108256237659907,1.0,0.0,0.0,1.0333911129382702,1.2960864381376498,6
527187,0.4126395309490205,0.2135937313624968,0.0,0.5,0.5,0.0,1.3333333333333333,0.2527059391481663,0.341316838923196,0.0,0.1285072852083251,0.0,0.0,0.4641630654510255,0.0,0.0,0.1180380314775883,-0.1487837465118381,5
527197,-1.1713772164944602,-1.3013753161468835,0.0,0.0,0.5,0.0,1.3333333333333333,0.284445978220114,-0.0955123664504794,0.0,0.9061073225814968,2.4424745961808583,0.0,-0.1695975135107168,0.0,1.2892242269941023,1.3843202045197291,0.3055880162577987,2
527219,-0.8256779223810709,-1.462625924074788,-1.0,-0.5,-0.5,0.0,0.0,-0.2180171829458386,0.69823228777992,0.0,0.0269891667947226,0.0,0.0,0.4641630654510255,0.0,0.0,-0.2994733640617232,-0.4009484891630513,0
527232,0.3008997192293587,-0.3146618177495106,-0.5,0.0,0.0,0.0,0.0,-0.4253427611106056,-0.658683161076804,0.0,-0.3378778341536493,0.0,0.0,0.4641630654510255,0.0,0.0,-0.991064054483224,-0.874899569786758,0
527253,2.359643216713116,1.873425662252309,1.5,1.5,1.5,0.4999999999999998,0.0,0.6328124390213116,0.1350614931535953,-0.4772413011367771,0.5412403216331251,0.8092012510390698,0.0,-0.1695975135107168,1.0,0.690813957738791,0.6625429809378829,0.3297540273078251,5
527280,-0.142162029197963,-0.658368006199544,-0.5,-0.5,-0.5,0.0,0.0,-0.5291191057528215,0.1350614931535953,-1.577882931182386,0.3100019998680502,0.0,0.0,-1.945257774202184,2.6303167041658844,1.8170594925112875,-0.3569850349844078,-0.3743177348132531,2
527321,0.2802774008845671,-0.7053517390478198,-1.0,-1.0,-0.5,0.0,0.0,-1.4507276796498856,-0.658683161076804,-3.801784016923932,0.5412403216331251,0.0,0.0,-1.945257774202184,0.0,3.10628371950539,-0.9662236302411809,-5.846818380501243,3
527326,0.3944976243498541,0.2753642525262495,0.0,0.0,0.0,1.0,0.0,-0.1194019552965795,0.341316838923196,2.2239010857415447,-0.8521289889920516,4.751242696512155,0.0,-0.9452577742021836,1.8662394014360388,1.2892242269941023,-0.3569850349844078,0.2627246214668364,6
527344,0.568553127761449,0.5337543951599557,-0.5,-0.5,0.0,0.0,0.0,0.320915786481387,-0.658683161076804,-1.577882931182386,-0.1423686188473956,0.0,0.0,-0.5358369345489745,0.0,1.8170594925112875,0.2247247130246127,-1.1252503506384752,2
527346,0.0338310650438883,0.6652308508706292,0.0,0.5,0.0,0.0,0.0,-0.5291191057528215,-0.0955123664504794,2.2239010857415447,-0.5691161559187239,4.751242696512155,0.0,-0.1695975135107168,1.8662394014360388,0.0,-0.245649032542564,0.8161782477962756,6
527354,0.2776826930258526,0.3354537328232688,0.0,0.0,0.5,0.0,0.0,0.3716636561944244,0.341316838923196,0.0,0.3918561677430946,2.4424745961808583,0.0,-0.1695975135107168,0.0,1.2892242269941023,1.1353541984969364,-1.125553280736201,2
527359,-0.470919604412088,-1.2704915660436666,-1.0,-0.5,-0.5,0.0,0.0,-0.8605992018306694,0.69823228777992,0.0,0.0269891667947226,0.0,0.0,0.4641630654510255,0.0,0.0,-0.8300450323725957,-0.614359957078766,0
527365,0.0417919802702595,-0.4373685033222146,-1.0,-0.5,-0.5,0.0,0.0,-0.8308223080491643,0.69823228777992,0.0,0.0269891667947226,0.0,0.0,0.4641630654510255,0.0,0.0,-0.8054251318060702,-0.7911920757143247,0
527389,-0.142162029197963,-0.7777566563817965,-0.5,-1.0,0.0,0.0,0.0,-0.7110263106475204,-0.658683161076804,-3.801784016923932,0.0269891667947226,1.8945304820059297,0.0,-1.945257774202184,0.0,3.10628371950539,-0.4705187390829625,-5.846818380501243,3
527393,0.4995238158083468,0.084613882090961,-0.5,0.0,0.0,0.0,0.0,0.0194205412200212,0.1350614931535953,0.0,-0.1423686188473956,0.0,0.0,0.4641630654510255,0.0,0.0,-0.2399185231771982,-0.3526051210090564,0
527396,0.3761684914660351,0.1978772796996186,0.0,0.0,0.5,2.0,0.0,0.149612340213055,0.341316838923196,-1.0,1.189120155654825,0.0,0.0,-0.1695975135107168,0.0,1.2892242269941023,0.5380619212475095,-0.2878581063854962,2
527401,-1.3245822483982044,2.023309337576497,1.0,2.0,2.0,1.0,0.6666666666666664,0.7104945564722782,0.5278974945717202,0.0,-0.3378778341536493,0.0,0.3364722366212129,0.7954669210998687,0.0,0.0,0.3475873800634942,0.8740222421589887,5
527406,-1.242504670703856,-0.7292238865448002,0.0,0.5,0.0,0.0,1.3333333333333333,-0.2765544934337305,-0.0955123664504794,0.0,1.251000691777781,0.0,0.0,-0.1695975135107168,1.8662394014360388,0.0,0.3954832542099367,0.3226645987526143,5
527445,-0.6578124458354793,-1.71019797549943,-1.5,-1.0,-1.0,0.0,0.0,-5.01837906474446,-0.658683161076804,-3.801784016923932,-1.7312471447788258,-5.8849491923617165,0.0,-1.945257774202184,0.0,0.0,,,1
527451,0.2620343344116543,0.2135937313624968,0.0,0.5,0.5,0.0,1.3333333333333333,0.3149285273211438,0.341316838923196,0.0,-0.4872619880436798,0.0,0.0,0.4641630654510255,0.0,0.0,-0.5238722313283951,-0.9012489787254158,0
527452,0.0757789030838424,-0.5451046085908845,-0.5,0.0,0.0,1.5,2.0,-0.5169367479377983,-0.658683161076804,2.2239010857415447,0.4308838440812761,3.4424745961808574,0.0,0.4641630654510255,0.0,0.0,0.2722860691178478,0.0590581854152155,6
527455,-1.3609537012814048,1.093205924592412,-0.5,0.5,0.0,1.0,2.6666666666666665,-1.2849798995769686,0.69823228777992,1.577882931182386,0.7367495369393785,0.0,0.6931471805599453,0.4641630654510255,2.6303167041658844,0.0,-0.7751358676641565,1.1858549635716469,0
527464,0.2475678720940918,0.963277148732632,1.5,1.5,2.0,0.0,0.0,1.042964812903054,0.69823228777992,-0.4772413011367771,0.222498382100976,0.6795775573916313,0.0,0.1617063421381263,0.0,0.690813957738791,0.620310164202842,0.3816523847172268,5
527467,0.2815733346986511,0.0171841500464987,-0.5,0.0,-0.5,0.0,0.0,-0.3830276740076228,-0.658683161076804,0.0,-0.3378778341536493,0.0,0.0,-0.5358369345489745,2.6303167041658844,0.0,-0.7162712285368784,-0.7566857765471511,0
527470,1.1802683953523865,0.3056133849682904,-0.5,-0.5,0.0,0.0,0.0,-0.5624937023138106,0.1350614931535953,-1.577882931182386,1.251000691777781,1.8945304820059297,0.0,-0.5358369345489745,0.0,1.8170594925112875,0.3974207292824139,-0.9226068840651446,2
527490,-0.099509754789593,-0.3751629211508731,0.0,0.5,0.5,1.0,0.0,0.1836432558911528,0.341316838923196,0.0,-0.0833673107571263,0.0,0.0,0.4641630654510255,0.0,0.0,0.0397977966403652,0.4097868699476306,5
527507,1.0640802380559156,0.3648961975046188,0.5,0.5,0.5,0.0,2.0,0.6108984280446866,0.1350614931535953,-0.7323949782604657,1.0076254409950998,0.0,0.0,-0.5358369345489745,1.4475677406305645,1.0,0.5143627355415863,0.7799295613070641,5
527508,-0.9123330212005406,0.0679485038398385,0.0,0.5,0.0,0.0,0.0,0.1217399509351415,0.69823228777992,0.0,0.3100019998680502,0.0,0.0,-0.1695975135107168,1.8662394014360388,0.0,0.0995742100515829,0.1335440642330664,0
527518,-0.5109455735858626,-0.7777566563817965,-1.0,-0.5,-0.5,0.0,0.0,0.1216076941696255,-0.658683161076804,0.0,-0.3378778341536493,0.0,0.0,0.4641630654510255,0.0,0.0,-0.3003600989376054,-0.396396997396473,0
527524,1.327110472616439,0.5064929114075749,-1.0,-1.0,-0.5,0.0,0.0,-0.4074525263263,-0.658683161076804,-3.801784016923932,1.055491476471528,3.4424745961808574,0.0,-1.945257774202184,0.0,3.10628371950539,0.7041681529691376,-5.846818380501243,3
527536,-0.3513537949525781,-0.1425108733599631,-1.0,-0.5,-1.0,0.0,4.0,-5.01837906474446,0.69823228777992,2.2239010857415447,-1.7312471447788258,-5.8849491923617165,0.0,-1.945257774202184,4.496556105601924,0.0,-5.009979129451652,-1.4609759841984524,4
527541,-0.3513537949525781,-0.658368006199544,-1.0,-1.0,-0.5,0.0,0.0,-1.7054290599893127,-0.658683161076804,-3.801784016923932,1.4203584774198996,0.0,0.0,-1.945257774202184,0.0,3.10628371950539,-0.6334999319560801,-5.846818380501243,3
527552,0.0980808283735815,-0.5672972791819948,-1.0,-1.0,-0.5,3.0,0.0,-1.129685880855539,-0.658683161076804,-3.801784016923932,0.9061073225814968,0.0,0.0,-1.945257774202184,0.0,3.10628371950539,-0.4665508444978963,-5.846818380501243,3
527560,-1.057669451982427,-1.3967060397040991,-0.5,-1.0,0.0,1.5,0.0,-0.3329575947312695,-0.658683161076804,-3.801784016923932,0.6427584400467276,0.0,0.0,-1.945257774202184,0.0,3.10628371950539,-0.0282457424610924,-5.846818380501243,3
527564,-0.133958424712661,0.2600828618709601,0.5,0.5,0.5,0.0,0.0,0.1992956887355739,0.1350614931535953,-0.7323949782604657,0.852128988992052,0.0,0.0,-0.5358369345489745,1.4475677406305645,1.0,0.7756682323436793,0.118212454032455,5
527585,-0.2263520655628703,0.2753642525262495,0.5,1.0,1.0,0.75,0.0,0.5608067727257102,-0.2218539557031286,1.223901085741545,-0.1423686188473956,1.8945304820059297,0.0,0.4641630654510255,0.0,0.0,0.5897460717618299,0.4708983748257861,6
527605,1.359176930248998,0.4509389841865806,0.0,0.5,0.0,1.0,0.0,-0.3727728001125515,-0.0955123664504794,0.0,0.1763733206847534,0.0,0.0,-0.1695975135107168,1.8662394014360388,0.0,-0.3280379943145221,0.284857313441065,0
527689,1.2291843801817957,0.6266032978723975,-1.0,-1.0,-0.5,0.0,4.0,-0.7263932728181968,-0.658683161076804,-3.801784016923932,1.6158676927261533,0.0,0.0,-1.945257774202184,0.0,3.10628371950539,0.2609821719237293,-5.846818380501243,3
527690,-0.9572994030547236,0.1661047583479931,0.5,0.5,0.5,0.0,0.0,0.4033595654204611,0.1350614931535953,-0.7323949782604657,-0.0833673107571263,0.0,0.0,-0.5358369345489745,1.4475677406305645,1.0,0.1942367954186881,0.4047466645137378,5
527726,0.1857616720748111,-0.3146618177495106,-0.5,0.0,-1.0,1.5,0.0,-5.01837906474446,0.1350614931535953,0.0,-1.7312471447788258,-5.8849491923617165,0.0,-1.945257774202184,4.496556105601924,0.0,-5.009979129451652,-0.0013641863589563,4
527735,0.0301037242983207,-0.3957040193861091,-1.0,-0.5,-0.5,0.0,4.0,-0.1793337418777091,0.69823228777992,0.0,-0.3378778341536493,0.0,0.0,0.4641630654510255,0.0,0.0,-0.6212758353143261,-0.2222112216538079,0
527750,0.2263131416821904,0.1175719885109969,-0.5,-1.0,0.0,1.5,0.0,0.3059733857426701,-0.658683161076804,-3.801784016923932,0.9061073225814968,1.8945304820059297,0.0,-1.945257774202184,0.0,3.10628371950539,1.0082668805604929,-5.846818380501243,3
527782,1.032532744096677,1.8660281607378957,0.5,1.0,1.0,0.6000000000000001,0.8,0.6769586416661321,-0.30176771222008,-0.5778829311823854,0.0269891667947226,0.0,0.4054651081081644,0.0,1.4475677406305645,1.0,0.3680712165920559,0.6784191399336266,5
527783,0.0974650969708461,0.1820481643393343,-0.5,0.0,0.0,0.0,0.0,-0.5796901849871293,0.1350614931535953,0.0,0.9061073225814968,0.0,0.0,0.4641630654510255,0.0,0.0,0.1733290500387751,-0.4701024028425695,0
527801,0.1263276549558812,-0.3548111444861987,-1.5,-1.0,-1.0,0.0,0.0,-5.01837906474446,-0.658683161076804,-3.801784016923932,-1.7312471447788258,-5.8849491923617165,0.0,-1.945257774202184,0.0,0.0,,,1
527824,-0.9572994030547236,0.1175719885109969,1.0,1.5,1.5,0.0,0.0,-0.05176464133835,0.4919769420103195,0.0,-0.7312471447788259,0.0,0.0,0.4641630654510255,0.0,0.0,-0.8929646363463084,0.5687368634285158,5
527850,1.8131647618079123,0.9295642475225216,1.0,0.5,1.5,0.6000000000000001,1.6,0.9521408446284786,0.0,-1.2239010857415449,0.4537367038660508,0.0,0.0,-0.311497195240441,0.0,1.5078734502500786,0.99637758532632,0.2502422745480803,5
527857,-0.3329486850314062,-0.9565486648353788,-1.0,-1.0,-0.5,0.0,0.0,0.0108444019977208,-0.658683161076804,-3.801784016923932,1.703371310493227,0.0,0.0,-1.945257774202184,0.0,3.10628371950539,0.9568903945973102,-5.846818380501243,3
527886,-0.872902846083374,-0.8024290039733696,0.0,-0.5,0.5,1.0,1.3333333333333333,-0.0776927918335968,-0.0955123664504794,-2.223901085741545,1.3100019998680503,0.0,0.0,-0.9452577742021836,0.0,2.2892242269941026,0.6603362395766496,-0.7895330935071999,2
527928,1.4229866448862796,0.6779579877571728,-0.5,0.0,0.0,0.0,0.0,-0.3169076160410869,0.1350614931535953,1.223901085741545,-0.1423686188473956,1.8945304820059297,0.0,0.4641630654510255,0.0,0.0,-0.0727506788028536,-0.0446745152686777,6
527944,3.707423412686439,1.539183219079325,0.5,1.0,1.0,0.75,0.0,0.4339062727343475,0.4368292053736752,0.0,0.1038793384945924,0.0,0.0,0.4641630654510255,0.0,0.0,0.3386641404699754,0.6835861816362382,5
527945,-0.2737835098716158,-1.2400338123026975,-1.5,-1.0,-1.0,0.0,0.0,-5.01837906474446,-0.658683161076804,-3.801784016923932,-1.7312471447788258,-5.8849491923617165,0.0,-1.945257774202184,0.0,0.0,,,1
527984,-1.246328304502304,-0.589715259924501,0.5,0.5,1.0,0.0,1.0,0.4234064682758015,0.1350614931535953,0.6460181545591593,0.1763733206847534,1.8945304820059297,0.0,0.0,0.0,1.0,0.5093934036878723,0.0001034698157152,6
527987,0.476457553767181,0.1820481643393343,0.5,1.0,0.5,0.0,0.0,-0.0873225926996591,0.4368292053736752,0.0,-0.2042491549703521,0.0,0.0,0.0,1.4475677406305645,0.0,-0.2237023120179028,-0.2433216128396547,5
527995,1.514598377084125,0.5740257630792477,0.0,0.0,0.0,0.0,2.6666666666666665,-0.279590887366316,0.341316838923196,-1.0,-0.1423686188473956,0.0,0.0,-0.9452577742021836,1.8662394014360388,1.2892242269941023,-0.4667487008800516,0.0075557296565895,2
528020,-0.2633777014917708,0.4226289536358835,0.5,1.0,1.0,0.0,0.0,0.5708444634239971,0.1350614931535953,0.0,0.5930148329413781,0.0,0.0,0.4641630654510255,0.0,0.0,0.5640499058848489,0.4610927033875582,5
528028,-0.8076465267618362,-0.589715259924501,0.5,1.0,0.0,0.75,0.0,0.2687254027308957,0.1350614931535953,0.6460181545591593,0.4308838440812761,1.8945304820059297,0.0,-0.5358369345489745,2.6303167041658844,0.0,0.8680098676297772,0.7666138183193025,6
528046,-0.5938096843845948,-1.151102915861414,-0.5,0.0,-0.5,1.5,0.0,-0.7964257605994532,-0.658683161076804,1.223901085741545,0.3100019998680502,0.0,0.0,-0.5358369345489745,2.6303167041658844,0.0,-0.5779025095163137,0.2753136670889507,0
528061,1.0889208837283773,0.4368293378606515,0.0,0.5,0.5,0.0,1.3333333333333333,0.8037091593772605,-0.0955123664504794,1.577882931182386,0.222498382100976,2.4424745961808583,0.0,0.4641630654510255,0.0,0.0,0.8857254064269021,0.675884943138997,6
528098,0.0028439993481279,-0.5231327642549591,-1.5,-1.0,-1.0,0.0,0.0,-5.01837906474446,-0.658683161076804,-3.801784016923932,-1.7312471447788258,-5.8849491923617165,0.0,-1.945257774202184,0.0,0.0,,,1
528105,0.234313503017977,0.6135758138503429,0.5,0.5,1.0,0.0,0.0,0.400650243457655,0.1350614931535953,-0.7323949782604657,0.2449467451820483,0.0,0.0,0.0,0.0,1.0,0.3716240220757028,0.6105724120885023,5
528122,0.4353564122054657,0.9520966076976962,1.0,1.5,1.5,0.6000000000000001,0.8,1.0334145447561085,0.2614030824062447,0.5227586988632229,-0.0380660878912795,0.8092012510390698,0.0,0.4641630654510255,0.0,0.0,0.9774107581922652,0.1909397180562567,5
528137,-0.5615369518651702,-0.5451046085908845,-1.5,-1.0,-1.0,0.0,0.0,-5.01837906474446,-0.658683161076804,-3.801784016923932,-1.7312471447788258,-5.8849491923617165,0.0,-1.945257774202184,0.0,0.0,,,1
528139,0.2376363799711459,-0.4584993070321419,-1.0,-1.0,-0.5,0.0,0.0,-0.1766374246825731,-0.658683161076804,-3.801784016923932,1.189120155654825,0.0,0.0,-1.945257774202184,0.0,3.10628371950539,0.4959239203558964,-5.846818380501243,3
528158,0.2931943830075027,-0.0523696989290143,0.0,0.5,-0.5,0.0,1.3333333333333333,-0.9041379554706426,-0.0955123664504794,0.0,0.0269891667947226,0.0,0.0,-0.9452577742021836,3.313807142066604,0.0,-0.9015245187124176,0.008678661978713,0
528164,-0.0815391743602634,0.5064929114075749,1.5,1.5,0.5,0.4999999999999998,0.6666666666666664,-0.0087771460788253,0.341316838923196,0.0,0.3100019998680502,0.0,0.0,-0.9452577742021836,2.6303167041658844,0.690813957738791,0.0618417371707395,0.8561753855802525,5
528179,1.7234306494232006,1.103695978225202,-0.5,-1.0,0.0,0.0,0.0,-0.0634513530188094,-0.658683161076804,-3.801784016923932,1.366380143830454,1.8945304820059297,0.0,-1.945257774202184,0.0,3.10628371950539,0.7368399054609305,-5.846818380501243,3
528186,-1.1278792739247545,0.3205839652723227,0.5,1.0,1.0,0.75,0.0,0.6740210498314413,-0.658683161076804,0.0,-0.4482343117054982,0.0,0.0,0.4641630654510255,0.0,0.0,-0.1287653252961859,0.227332104089668,5
528193,-0.2229067158628487,-0.2173706571356206,0.0,0.5,0.5,0.0,1.3333333333333333,0.3239975682904653,-0.0955123664504794,0.0,0.1285072852083251,0.0,0.0,0.4641630654510255,0.0,0.0,0.3479541548335162,0.2963065572735069,5
528216,0.5143578267265202,0.9964830697690392,0.0,0.5,0.5,0.0,1.3333333333333333,-0.0970637232090711,0.341316838923196,0.0,-0.3378778341536493,0.0,0.0,0.4641630654510255,0.0,0.0,-0.538563220961161,0.0452625433277737,5
528242,-0.6863062742965885,-0.0173189290703666,0.0,0.5,0.0,0.0,0.0,-0.2887662782627249,0.341316838923196,0.0,-0.8521289889920516,0.0,0.0,-0.1695975135107168,1.8662394014360388,0.0,-0.9077574680417732,-0.4959696991422098,0
528244,1.0615769575662444,0.1661047583479931,-0.5,0.0,0.0,0.0,0.0,0.1217399509351415,0.1350614931535953,0.0,0.0269891667947226,0.0,0.0,0.4641630654510255,0.0,0.0,-0.0193660801131011,-0.604342596005302,0
528248,-0.6696293704214786,-0.2752294817283874,0.0,0.0,0.5,0.0,1.3333333333333333,-0.0800899439609849,0.341316838923196,-1.0,-0.3378778341536493,2.4424745961808583,0.0,-0.1695975135107168,0.0,1.2892242269941023,-0.0640055842290065,-0.2925995750363119,2
528281,-0.8016765137007411,-0.1425108733599631,1.0,0.5,1.5,0.6000000000000001,0.8,0.4621237724366495,-0.30176771222008,0.0,0.3100019998680502,2.227521671566561,0.0,-0.311497195240441,0.0,1.5078734502500786,0.8139210863739897,0.5659053233748806,5
528322,-1.4574349784892098,0.5740257630792477,0.5,1.0,0.5,0.0,0.0,0.5807639836638749,-0.2218539557031286,0.0,0.3100019998680502,0.0,0.0,0.0,1.4475677406305645,0.0,0.6012921094559297,0.2973611740928228,5
528330,0.7532235617593156,-0.0523696989290143,-1.0,-0.5,-0.5,0.0,0.0,-0.0970637232090711,0.69823228777992,0.0,-0.3378778341536493,0.0,0.0,0.4641630654510255,0.0,0.0,-0.4805389667343447,-0.7944740787675185,0
528354,0.8002747163008975,1.0720751208824848,0.0,0.5,0.5,0.0,1.3333333333333333,-0.2236912677174332,0.341316838923196,0.0,0.0269891667947226,0.0,0.0,0.4641630654510255,0.0,0.0,-0.3863117708308389,0.2130842835668749,5
528372,0.0032499134656297,-0.8273801410529529,-1.0,-1.0,-0.5,3.0,0.0,-0.68110843160601,-0.658683161076804,-3.801784016923932,1.4203584774198996,0.0,0.0,-1.945257774202184,0.0,3.10628371950539,0.2182266540835526,-5.846818380501243,3
528378,-1.3342087067255988,-2.075679036505512,-1.0,-0.5,-0.5,0.0,0.0,-1.1812896617668194,0.69823228777992,0.0,0.3100019998680502,0.0,0.0,0.4641630654510255,0.0,0.0,-0.8966333628233811,-0.8164016588608455,0
528379,2.4066588954741874,1.5901428376857083,-0.5,0.0,0.0,1.5,0.0,-0.0681718046055054,0.69823228777992,0.0,-0.8521289889920516,0.0,0.0,0.4641630654510255,0.0,0.0,-0.9363745012888828,0.062593753495652,0
528411,-0.3982187095513057,-0.2364889768829301,0.5,1.0,0.5,0.75,0.0,0.6710042737939788,0.69823228777992,0.0,-0.8521289889920516,0.0,0.0,0.0,1.4475677406305645,0.0,-0.4616226952058042,-0.3404627020512537,5
528413,-0.1176640240616086,-1.2400338123026975,-1.5,-1.0,-1.0,0.0,0.0,-5.01837906474446,-0.658683161076804,-3.801784016923932,-1.7312471447788258,-5.8849491923617165,0.0,-1.945257774202184,0.0,0.0,,,1
528417,1.0388872310662765,0.7405160565023101,-0.5,0.0,0.0,0.0,2.0,-0.4436211005163201,0.1350614931535953,0.0,-0.3378778341536493,0.0,0.0,0.4641630654510255,0.0,0.0,-0.8415006774563472,0.0812338053820956,0
528421,0.1210180031287195,0.1661047583479931,2.0,2.0,1.5,1.2857142857142856,0.5714285714285712,0.5540479257543717,0.0395491267031159,0.0,0.5828276343672492,1.5479441141749286,0.0,-0.3741305924108485,1.6303167041658837,0.598410269255311,1.113010659743903,0.6457844008344827,5
528455,-0.7201373393404769,-0.3146618177495106,0.0,0.5,0.5,1.0,1.3333333333333333,0.3992923085876588,0.341316838923196,0.0,0.7957508450296478,0.0,0.0,0.4641630654510255,0.0,0.0,0.6547737405875496,0.4729266810066184,5
528461,0.7136196174814278,0.2135937313624968,-1.5,-1.0,-1.0,0.0,0.0,-5.01837906474446,-0.658683161076804,-3.801784016923932,-1.7312471447788258,-5.8849491923617165,0.0,-1.945257774202184,0.0,0.0,,,1
528490,0.9370709492320692,0.7650513326678573,0.5,1.0,1.0,0.75,1.0,0.1568918533475511,-0.2218539557031286,0.6460181545591593,-0.4482343117054982,1.0,0.0,0.4641630654510255,0.0,0.0,-0.2653467985210243,0.9040346667786118,5
528500,0.2502069174732581,1.3415744240462002,-1.0,0.0,-0.5,1.5,2.0,-5.01837906474446,0.69823228777992,0.0,-1.7312471447788258,-5.8849491923617165,1.0986122886681096,0.4641630654510255,4.496556105601924,0.0,-5.009979129451652,0.7654226018428868,4
528522,0.0801373769604198,-0.1060116599355281,-0.5,-0.5,0.0,0.0,0.0,-0.2826382628560088,0.69823228777992,-1.577882931182386,0.9829974942813668,1.8945304820059297,0.0,-0.5358369345489745,0.0,1.8170594925112875,0.3318173482562722,-2.016859265542716,2
528528,-0.093499335471865,-0.3957040193861091,-1.0,-0.5,-0.5,0.0,0.0,-0.7687971082062188,-0.658683161076804,0.0,0.3100019998680502,0.0,0.0,0.4641630654510255,0.0,0.0,-0.5550540605181377,-1.385546414627478,0
528542,-0.5018607598473551,-0.3751629211508731,0.0,0.5,0.5,0.0,0.0,0.5460934650186225,0.69823228777992,1.577882931182386,0.222498382100976,2.4424745961808583,0.0,0.4641630654510255,0.0,0.0,0.9466575922229412,-0.0102964017562592,6
528567,-0.976924765317542,0.3502240363019069,1.5,1.5,2.0,0.0,0.0,0.3546408872428757,0.1350614931535953,0.4390194395059628,0.1285072852083251,1.3087681003312956,0.0,0.1617063421381263,0.0,0.690813957738791,0.5364339769122826,0.702724051987742,5
528580,0.3539208868320372,0.1175719885109969,0.0,0.0,0.0,0.0,1.3333333333333333,-0.2351553684312932,0.341316838923196,0.0,0.7367495369393785,1.8945304820059297,0.0,-0.9452577742021836,1.8662394014360388,1.2892242269941023,0.4079811400614857,0.4579479727461847,5
528612,-0.1128047126489765,-0.7053517390478198,-0.5,0.0,0.0,1.5,0.0,-0.0288665364577208,0.1350614931535953,0.0,-1.2169959899404237,0.0,0.0,0.4641630654510255,0.0,0.0,-1.125538920410473,-0.095126703242707,0
528657,0.1032036390015857,0.5740257630792477,0.5,1.0,1.0,0.0,0.0,0.912488716580829,0.4368292053736752,0.0,0.2449467451820483,0.0,0.0,0.4641630654510255,0.0,0.0,0.7735212638723179,0.1889449667030777,5
528661,0.6137910964024668,0.3354537328232688,-0.5,0.0,0.0,0.0,0.0,-0.2497083796660127,0.1350614931535953,0.0,-0.1423686188473956,0.0,0.0,0.4641630654510255,0.0,0.0,-0.4927575681277693,-0.3320288413866636,0
528683,1.249206307054487,0.8953286448927934,-0.5,-0.5,0.0,0.0,2.0,0.0771270845060327,-0.658683161076804,-1.577882931182386,1.055491476471528,1.8945304820059297,0.0,-0.5358369345489745,0.0,1.8170594925112875,0.7041681529691376,-1.0537570270331749,2
528688,0.4530877795770478,0.1661047583479931,-1.0,-1.0,-0.5,0.0,0.0,-0.2208494491569787,-0.658683161076804,-3.801784016923932,1.3100019998680503,0.0,0.0,-1.945257774202184,0.0,3.10628371950539,0.5324644120476001,-5.846818380501243,3
528690,-0.961207165276719,-0.1984164451611818,0.0,0.5,0.5,0.0,0.0,-0.026610582219974,0.341316838923196,1.577882931182386,-0.3378778341536493,2.4424745961808583,0.0,0.4641630654510255,0.0,0.0,-0.2384932653545997,-0.0122839628412563,6
528706,-0.2436797855732951,-0.8781444948462946,-0.5,0.0,0.0,1.5,0.0,-0.7687971082062188,0.69823228777992,0.0,-1.2169959899404237,0.0,0.0,0.4641630654510255,0.0,0.0,-2.311438856439443,0.1154900549454715,0
528723,0.4054049905452702,0.6135758138503429,0.5,0.5,1.0,0.0,0.0,0.0021800747076538,0.4368292053736752,0.6460181545591593,0.9061073225814968,1.8945304820059297,0.0,0.0,0.0,1.0,0.7254106623850207,0.5113119857792772,5
528735,0.4174462381139991,0.6524299330683321,-0.5,0.0,0.0,0.0,0.0,0.1179529854393986,-0.658683161076804,1.223901085741545,-0.1423686188473956,1.8945304820059297,0.0,0.4641630654510255,0.0,0.0,-0.1566657774537584,-0.2678818813129248,6
528743,-0.8871400142109023,0.3056133849682904,0.0,1.0,0.5,0.75,1.0,0.3659285567392126,0.9288061473839948,2.2239010857415447,-0.5691161559187239,0.0,0.5108256237659907,0.4641630654510255,1.8662394014360388,0.0,-0.1924583763405096,1.3796132536120165,5
528744,-1.246328304502304,-0.4373685033222146,0.5,0.5,1.0,0.75,1.0,0.4506942292293857,0.1350614931535953,-0.7323949782604657,-0.1423686188473956,0.0,0.0,0.0,0.0,1.0,0.263178326542073,0.350210137508777,5
528777,-0.880897205627443,-0.1984164451611818,0.5,0.5,1.0,0.75,0.0,0.5460934650186225,0.1350614931535953,0.0,0.1763733206847534,1.0,0.0,0.0,0.0,1.0,0.7643636514119939,-0.3216549162614388,5
528816,1.376744602790429,0.5606834135017086,1.0,1.5,1.5,0.0,0.0,0.9556592115841264,0.4919769420103195,0.5227586988632229,0.7367495369393785,0.8092012510390698,0.0,0.4641630654510255,0.0,0.0,1.4311156725710668,0.4683561908771396,5
528826,-0.8184433819773189,-0.2364889768829301,-0.5,0.0,0.0,0.0,0.0,-0.3137339836471855,0.1350614931535953,0.0,-0.5691161559187239,0.0,0.0,0.4641630654510255,0.0,0.0,-0.8038144744347813,-0.427144998782938,0
528827,0.1595917786332844,0.5872879779418604,0.5,0.5,1.0,1.5,1.0,0.4260437111312598,-0.2218539557031286,-0.7323949782604657,0.1038793384945924,0.0,0.0,0.0,0.0,1.0,0.2004637335878354,-0.2036302174422267,5
528828,0.544776638629751,0.6135758138503429,1.0,1.0,0.5,0.6000000000000001,0.0,-0.4145631035827674,0.2614030824062447,-0.5778829311823854,-0.0833673107571263,1.3087681003312956,0.0,-0.7756602606914664,2.18274896353532,0.8170594925112873,0.052078826023979,0.6817917939747896,5
528829,0.3123954047562008,-0.160989241751724,0.5,0.0,1.0,0.0,0.0,0.5905680834661584,-0.2218539557031286,-1.577882931182386,0.9061073225814968,1.0,0.0,-0.5358369345489745,0.0,1.8170594925112875,1.2574412646436026,-0.1547712493284258,2
528839,-0.4808418492875418,1.751984635180171,-0.5,0.5,0.0,1.0,2.6666666666666665,0.3617755480288339,0.341316838923196,0.0,0.3100019998680502,0.0,0.6931471805599453,0.4641630654510255,2.6303167041658844,0.0,0.3777979621309107,0.4011338184441196,5
528842,0.096027559690099,-0.3957040193861091,-0.5,0.0,-0.5,1.5,2.0,-0.7009351911800297,-0.658683161076804,0.0,-1.7312471447788258,0.0,0.0,-0.5358369345489745,2.6303167041658844,0.0,-5.009979129451652,0.7401395990549247,0
528844,0.2987016035856643,-0.0701059560259865,-0.5,0.0,0.0,0.0,2.0,-0.2236912677174332,0.69823228777992,1.223901085741545,-0.3378778341536493,1.8945304820059297,0.0,0.4641630654510255,0.0,0.0,-0.4971371445200142,0.2916212872930837,6
528906,0.3819494846887147,-0.3751629211508731,-1.0,-0.5,-0.5,0.0,0.0,-1.1992179637495972,-0.658683161076804,0.0,0.3100019998680502,0.0,0.0,0.4641630654510255,0.0,0.0,-0.9115055187167672,-2.1211894755212435,0
528909,0.1067808350011911,-0.6817349135302966,-0.5,-1.0,0.0,0.0,0.0,0.4856695286413072,-0.658683161076804,-3.801784016923932,1.472132988728153,1.8945304820059297,0.0,-1.945257774202184,0.0,3.10628371950539,1.7267176157653812,-5.846818380501243,3
528929,0.3841343505238492,-0.0173189290703666,-0.5,0.0,-0.5,1.5,0.0,0.1216076941696255,0.1350614931535953,0.0,-0.3378778341536493,0.0,0.0,-0.5358369345489745,2.6303167041658844,0.0,-0.3003600989376054,0.0607523949226661,0
528930,-1.554900075460056,-1.209990462642304,-0.5,0.0,0.0,0.0,2.0,0.2044492118617907,0.1350614931535953,0.0,-0.3378778341536493,0.0,0.0,0.4641630654510255,0.0,0.0,-0.2612886520332547,-0.5668599029979045,0
528936,-0.1298707883550653,-1.0937450900539751,-1.5,-1.0,-1.0,0.0,0.0,-5.01837906474446,-0.658683161076804,-3.801784016923932,-1.7312471447788258,-5.8849491923617165,0.0,-1.945257774202184,0.0,0.0,,,1
528942,1.5671913163029545,1.46046847188864,1.5,2.0,2.0,0.0,0.0,0.6002594179585083,0.1350614931535953,0.0,-0.5691161559187239,0.0,0.0,0.4641630654510255,0.0,0.0,-0.1623831613624685,0.4866710383920734,5
528953,0.5222943483873299,1.9172976776409685,0.5,1.0,1.5,1.2000000000000002,2.4,0.3372671087447133,-0.658683161076804,-0.5778829311823854,0.9061073225814968,1.5479441141749286,0.4054651081081644,0.4641630654510255,0.0,1.0,1.2260129611196735,0.1442247263024205,5
528965,0.5586849102787372,-0.1984164451611818,-0.5,-0.5,0.0,0.0,0.0,-0.819200076828232,-0.658683161076804,-1.577882931182386,1.472132988728153,1.8945304820059297,0.0,-0.5358369345489745,0.0,1.8170594925112875,0.3686646164456102,-0.2315554081754155,2
528967,-0.2913270392019982,-0.4798342762580817,0.0,0.0,0.5,1.0,0.0,-0.1295233791538115,0.341316838923196,0.8454879529219202,-0.2042491549703521,3.4424745961808574,0.0,-0.1695975135107168,0.0,1.2892242269941023,-0.00042407946337,-0.1403100015355444,6
528995,0.1442626529950561,-0.1984164451611818,0.0,0.5,0.5,0.0,0.0,0.4468496671018975,-0.0955123664504794,0.0,0.1285072852083251,0.0,0.0,0.4641630654510255,0.0,0.0,0.5925432950822414,0.2242594437568471,5
528999,0.8622993685384407,0.0171841500464987,0.0,0.5,0.0,1.0,0.0,0.2112719082843872,0.341316838923196,0.0,0.1763733206847534,0.0,0.0,-0.1695975135107168,1.8662394014360388,0.0,0.2123065524939996,0.3146513644755261,5
529019,-0.8256779223810709,0.5872879779418604,1.0,1.5,0.5,0.6000000000000001,0.0,-0.3626412343037853,0.69823228777992,0.5227586988632229,0.6748690008164222,0.0,0.0,-0.311497195240441,2.18274896353532,0.0,0.1336961096988825,0.9019713560186916,5
529023,-1.1671883532003915,-1.1803503916127198,-0.5,0.0,0.0,0.0,0.0,-0.0132002449729417,0.1350614931535953,0.0,-0.1423686188473956,0.0,0.0,0.4641630654510255,0.0,0.0,-0.3057201422271133,0.7107237298691048,0
529048,0.1395327508296967,-0.3751629211508731,-1.0,-0.5,-0.5,0.0,0.0,-0.32650087038226,-0.658683161076804,0.0,-0.3378778341536493,0.0,0.0,0.4641630654510255,0.0,0.0,-0.6696624192529816,-0.5726855698947895,0
529050,0.44424422331348,0.1011544248762458,-0.5,0.0,0.0,0.0,0.0,-0.1168904827830908,0.69823228777992,0.0,0.3100019998680502,0.0,0.0,0.4641630654510255,0.0,0.0,-0.1060488694653411,0.1911482853467207,0
529082,-0.5481996385258432,-1.0656153830619794,-1.0,-0.5,-0.5,0.0,0.0,-0.32650087038226,-0.658683161076804,0.0,0.0269891667947226,0.0,0.0,0.4641630654510255,0.0,0.0,-0.388959976544656,-0.5965030798087755,0
529205,-0.6863062742965885,2.5813145795711714,1.0,2.0,2.0,1.0,0.6666666666666664,0.8375588954770667,0.341316838923196,0.0,-0.4872619880436798,0.0,0.3364722366212129,0.7954669210998687,0.0,0.0,0.1521765911536031,0.5414929254343125,5
529214,0.7302287142923268,0.5472599549180527,-0.5,0.0,0.0,0.0,0.0,-0.428966845856491,0.69823228777992,0.0,-0.5691161559187239,0.0,0.0,0.4641630654510255,0.0,0.0,-0.9247855793821448,0.2157713207814056,0
529216,0.4383239604537428,-0.5231327642549591,-1.0,-1.0,-0.5,0.0,0.0,-0.9041379554706426,-0.658683161076804,-3.801784016923932,1.521876595833502,0.0,0.0,-1.945257774202184,0.0,3.10628371950539,0.0938672832960846,-5.846818380501243,3
529224,-1.5824367078789177,0.5606834135017086,2.0,2.0,1.5,0.0,0.0,0.7659307198462623,0.39646457555984,-0.4064685134159581,-0.0380660878912795,0.8092012510390698,0.0,-0.3741305924108485,1.6303167041658837,0.598410269255311,0.6358290657210603,1.055640112403837,5
529229,-0.6390673935933896,-0.7533569369943934,-0.5,0.0,0.0,0.0,0.0,0.132999785368132,-0.658683161076804,1.223901085741545,0.5412403216331251,1.8945304820059297,0.0,0.4641630654510255,0.0,0.0,0.5334004738658452,0.3346544518534343,6
529231,-0.1670026748704246,-0.4798342762580817,-0.5,-0.5,0.0,0.0,2.0,-0.6474960614157483,0.1350614931535953,-1.577882931182386,1.3100019998680503,0.0,0.0,-0.5358369345489745,0.0,1.8170594925112875,0.243903916978138,-0.28304253915765,2
529237,-0.899691848879138,-1.2400338123026975,-0.5,-0.5,0.0,0.0,0.0,-0.1739497081948526,0.1350614931535953,-1.577882931182386,0.6427584400467276,0.0,0.0,-0.5358369345489745,0.0,1.8170594925112875,0.1972813126548878,-0.6258445319782285,2
529249,-0.8256779223810709,-0.2752294817283874,0.0,0.5,0.0,1.0,0.0,-0.8077359761143721,-0.0955123664504794,0.8454879529219202,-0.3378778341536493,1.8945304820059297,0.0,-0.1695975135107168,1.8662394014360388,0.0,-0.8070395392561132,0.3812726826598188,6
529284,0.7295996803869016,-0.0173189290703666,-1.5,-1.0,-1.0,0.0,0.0,-5.01837906474446,-0.658683161076804,-3.801784016923932,-1.7312471447788258,-5.8849491923617165,0.0,-1.945257774202184,0.0,0.0,,,1
529309,-1.619829188219615,1.0507401516565449,1.0,1.0,1.5,0.6000000000000001,0.0,0.4894268458442015,0.0,-0.5778829311823854,0.0269891667947226,0.8092012510390698,0.0,0.0979236444127681,0.0,0.8170594925112873,0.7748432617686011,0.4831956588709523,5
529332,0.7724886682727963,0.7772174909202333,0.0,0.5,0.5,0.0,0.0,-0.1956953900386035,-0.0955123664504794,0.0,0.1285072852083251,0.0,0.0,0.4641630654510255,0.0,0.0,-0.1385573706293585,0.629750177851028,5
529338,-0.3887462752932755,0.8605538768015021,1.0,1.5,1.5,0.0,0.8,0.8614527007889039,0.2614030824062447,1.0,-0.7312471447788259,1.5479441141749286,0.0,0.4641630654510255,0.0,0.0,0.324396658255862,1.0188169466031736,5
529362,-0.4561394036084117,1.5305744279146267,1.0,2.0,1.5,1.0,0.6666666666666664,0.4869809851878676,-0.658683161076804,0.0,-0.5691161559187239,0.0,0.3364722366212129,0.4641630654510255,1.18274896353532,0.0,-0.4290092409358182,1.3526389326965884,5
529406,-0.2913270392019982,0.1175719885109969,0.5,1.0,1.0,0.0,0.0,0.2703107247497532,0.4368292053736752,0.0,-0.0548650010803214,0.0,0.0,0.4641630654510255,0.0,0.0,-0.0282457424610924,0.0936583751345936,5
529420,0.7847290834574784,0.3056133849682904,-1.5,-1.0,-1.0,0.0,0.0,-5.01837906474446,-0.658683161076804,-3.801784016923932,-1.7312471447788258,-5.8849491923617165,0.0,-1.945257774202184,0.0,0.0,,,1
529421,0.2475678720940918,0.7772174909202333,1.0,1.0,1.5,0.0,0.0,0.9974873427380958,-0.658683161076804,-0.5778829311823854,0.0269891667947226,0.0,0.0,0.0979236444127681,0.0,0.8170594925112873,0.5989556806708528,0.6052607726398636,5
529422,-1.2235090114128546,-0.3957040193861091,-0.5,0.0,-0.5,0.0,0.0,-0.7212397496919792,0.69823228777992,2.2239010857415447,0.0269891667947226,0.0,0.0,-0.5358369345489745,2.6303167041658844,0.0,-0.7148547057019231,-0.0294982573450276,0
529424,-0.4561394036084117,-0.0701059560259865,0.0,0.5,0.0,1.0,1.3333333333333333,-0.1118898841031928,-0.0955123664504794,0.0,0.4308838440812761,0.0,0.0,-0.1695975135107168,1.8662394014360388,0.0,0.047381059500437,-0.2963226712836441,0
529428,-0.4269429563329749,-0.983314472996574,-0.5,-0.5,0.0,1.5,0.0,-0.7579944165917915,0.1350614931535953,-1.577882931182386,0.3100019998680502,0.0,0.0,-0.5358369345489745,0.0,1.8170594925112875,-0.5732721905629845,-2.107348899579633,2
529436,-0.4958299315963542,-0.0523696989290143,1.5,1.5,1.0,0.4999999999999998,0.0,0.7944667947187567,-0.3569154488567242,0.0,-0.3378778341536493,0.0,0.0,-0.5358369345489745,1.8662394014360388,0.690813957738791,0.2865874019944919,0.6472559461857873,5
529488,-0.8465119115795414,-0.9301034129840848,-0.5,0.0,-0.5,1.5,0.0,-1.7923719328067176,0.1350614931535953,2.2239010857415447,-0.3378778341536493,3.4424745961808574,0.0,-0.5358369345489745,2.6303167041658844,0.0,-1.405405299355841,0.831610373318655,6
529501,-0.4077419345842769,0.0,0.5,1.0,1.0,0.75,1.0,0.2952784301342139,0.4368292053736752,0.0,-0.0548650010803214,0.0,0.0,0.4641630654510255,0.0,0.0,0.0888237980174231,-0.026161081191694,5
529502,0.3687835443878995,0.6524299330683321,0.0,0.5,0.5,1.0,1.3333333333333333,0.422084745017392,-0.0955123664504794,0.8454879529219202,-0.3378778341536493,1.3087681003312956,0.0,0.4641630654510255,0.0,0.0,-0.0513358581447139,0.5322726064632565,5
529510,0.2737835098716158,-0.4373685033222146,-0.5,0.0,-0.5,0.0,0.0,-1.129685880855539,0.1350614931535953,0.0,-0.3378778341536493,0.0,0.0,-0.5358369345489745,2.6303167041658844,0.0,-1.332732808132957,-0.2171128973669263,0
529513,-0.0152453915759639,0.0679485038398385,1.0,0.5,1.0,0.6000000000000001,0.0,0.4771259207448817,-0.30176771222008,-1.2239010857415449,0.5412403216331251,1.0,0.0,-0.7756602606914664,1.18274896353532,1.5078734502500786,0.7289474600892749,0.1503040136781754,2
529520,-0.0130594501143001,-0.7053517390478198,-1.0,-0.5,-0.5,3.0,0.0,-0.7420457056626178,-0.658683161076804,2.2239010857415447,-0.8521289889920516,3.4424745961808574,0.0,0.4641630654510255,0.0,0.0,-1.012466608118288,0.2251651298447326,6
529566,0.3038872341699365,-0.2948576299622514,-1.0,-0.5,-0.5,0.0,4.0,0.1216076941696255,-0.658683161076804,0.0,0.3100019998680502,0.0,0.0,0.4641630654510255,0.0,0.0,0.1068587890076404,-0.9018185433475664,2
529602,1.2480789968208916,1.7906572897855868,0.0,1.0,0.5,0.75,1.0,0.0948666535046063,0.69823228777992,2.2239010857415447,0.8242531547064528,0.0,0.5108256237659907,0.4641630654510255,1.8662394014360388,0.0,0.4602148566152843,1.266919931671313,5
529677,0.9929912091943226,0.2600828618709601,-1.0,-1.0,-0.5,0.0,0.0,-0.6713673010965979,-0.658683161076804,-3.801784016923932,1.3100019998680503,0.0,0.0,-1.945257774202184,0.0,3.10628371950539,0.1602346444979838,-5.846818380501243,3
529678,1.387897400589632,1.51325549884426,0.0,0.5,0.5,1.0,1.3333333333333333,0.475885893435776,0.341316838923196,1.577882931182386,-0.3378778341536493,2.4424745961808583,0.0,0.4641630654510255,0.0,0.0,0.1599341514546854,0.6495614571084751,6
529689,-0.1323222410746952,-0.2557742709686207,0.5,0.5,0.5,1.5,1.0,0.2478401023085333,-0.2218539557031286,-0.7323949782604657,0.852128988992052,0.0,0.0,-0.5358369345489745,1.4475677406305645,1.0,0.484224047986837,0.6375152509371986,5
529695,-0.5674969481070116,0.5872879779418604,1.0,1.5,1.0,0.0,0.0,-0.0425305938046579,0.0,1.0,-0.0548650010803214,1.8945304820059297,0.0,0.0979236444127681,1.18274896353532,0.0,-0.118510601048436,0.9973832880048268,5
529704,0.2835154641577846,1.3972450735495368,-0.5,0.0,0.0,1.0,2.6666666666666665,-0.3460213975689505,-0.658683161076804,-1.0,0.7367495369393785,0.0,0.6931471805599453,-0.5358369345489745,2.6303167041658844,1.8170594925112875,0.0751017805094012,1.083623071418565,5
529734,-1.9512202522668167,-0.0523696989290143,1.0,1.0,1.5,0.6000000000000001,0.8,0.6641544452367806,0.4919769420103195,0.0,-0.1791334945787352,1.5479441141749286,0.0,0.0979236444127681,0.0,0.8170594925112873,0.8116547284351835,0.81573231209323,5
529737,0.3219186297891719,-0.5231327642549591,-1.5,-1.0,-1.0,0.0,0.0,-5.01837906474446,-0.658683161076804,-3.801784016923932,-1.7312471447788258,-5.8849491923617165,0.0,-1.945257774202184,0.0,0.0,,,1
529768,-0.0403016983759318,-0.1241858541912811,0.5,1.0,0.5,0.75,0.0,0.0086866584255623,-0.2218539557031286,0.0,-0.3378778341536493,0.0,0.0,0.0,1.4475677406305645,0.0,-0.5675274378467241,0.6053979497823052,5
529781,1.83841553961784,1.5901428376857083,0.0,-0.5,0.5,1.0,0.0,-0.18475239980928,-0.0955123664504794,-2.223901085741545,0.1285072852083251,1.3087681003312956,0.0,-0.9452577742021836,0.0,2.2892242269941026,0.0209585188243512,-2.035045951692552,2
529783,-0.6911000078771965,-1.1222377710152045,-0.5,-1.0,0.0,1.5,0.0,0.4990553977986606,-0.658683161076804,-3.801784016923932,0.4308838440812761,1.8945304820059297,0.0,-1.945257774202184,0.0,3.10628371950539,0.8703786921336323,-5.846818380501243,3
529787,-0.4883200801816292,0.1978772796996186,0.5,1.0,0.5,0.0,1.0,-0.2765544934337305,0.4368292053736752,0.0,-0.3378778341536493,0.0,0.0,0.0,1.4475677406305645,0.0,-0.6410918437831794,0.0234677616528194,5
529801,-1.0439545018741934,0.1338683882105274,1.0,1.0,1.0,0.0,0.0,0.8211871093990976,0.2614030824062447,-0.5778829311823854,0.6427584400467276,0.0,0.0,-0.311497195240441,1.18274896353532,0.8170594925112873,0.7117785443334715,-0.0237430592981773,5
529831,-1.2009791886280194,0.084613882090961,1.0,1.0,1.0,0.0,0.0,0.3883493183583352,0.0,-0.5778829311823854,0.6906244755231556,0.0,0.0,-0.311497195240441,1.18274896353532,0.8170594925112873,0.7715335290569917,0.2012563677798383,5
529840,1.1849484434184765,0.4649590448526473,-1.0,-0.5,-1.0,0.0,0.0,-5.01837906474446,0.69823228777992,0.0,-1.7312471447788258,-5.8849491923617165,0.0,-1.945257774202184,4.496556105601924,0.0,-5.009979129451652,-1.8370729312949483,4
529845,-0.3513537949525781,-0.160989241751724,-0.5,0.0,0.0,0.0,0.0,-0.4775558236714001,-0.658683161076804,0.0,0.3100019998680502,0.0,0.0,0.4641630654510255,0.0,0.0,-0.2925123583832493,-1.330255324954703,0
529857,0.6105647972166517,0.0342356026297282,-1.0,-1.0,-0.5,3.0,0.0,-0.4547815074426213,-0.658683161076804,-3.801784016923932,2.0031830567555966,0.0,0.0,-1.945257774202184,0.0,3.10628371950539,0.7467097432576145,-5.846818380501243,3
529879,2.2282536756040634,1.5305744279146267,0.5,1.0,1.0,0.0,0.0,0.2906529926937602,0.4368292053736752,0.0,-0.0548650010803214,0.0,0.0,0.4641630654510255,0.0,0.0,-0.0372405963135775,0.2174812939940295,5
529887,-0.2928607847320285,-0.9301034129840848,-1.0,-0.5,-0.5,0.0,0.0,-0.9914972347232388,0.69823228777992,0.0,-1.7312471447788258,0.0,0.0,0.4641630654510255,0.0,0.0,-5.009979129451652,-0.402822076330738,0
529913,-0.6164861566264566,-1.71019797549943,-1.5,-1.0,-1.0,0.0,0.0,-5.01837906474446,-0.658683161076804,-3.801784016923932,-1.7312471447788258,-5.8849491923617165,0.0,-1.945257774202184,0.0,0.0,,,1
529940,0.0486626937260995,0.1820481643393343,0.0,0.0,0.0,0.0,0.0,-0.0824939353333797,0.341316838923196,-1.0,-0.1423686188473956,0.0,0.0,-0.9452577742021836,1.8662394014360388,1.2892242269941023,-0.2384932653545997,-0.905894242423056,2
529972,-1.1509455359659198,-0.3346452313910828,0.0,0.0,0.5,1.0,1.3333333333333333,-0.2123810522025144,0.341316838923196,0.8454879529219202,1.0076254409950998,2.4424745961808583,0.0,-0.1695975135107168,0.0,1.2892242269941023,0.3716830815439522,0.3035103666562537,6
530004,-0.3238171625337165,0.3939512500814855,-0.5,0.0,-0.5,1.5,0.0,-0.3232909678166239,0.1350614931535953,0.0,0.7367495369393785,0.0,0.0,-0.5358369345489745,2.6303167041658844,0.0,0.0938672832960846,-0.5179599651732912,0
530039,0.9106780035332812,0.728145423941257,0.5,1.0,0.5,0.0,0.0,0.2347254655047748,0.1350614931535953,1.223901085741545,-0.0833673107571263,2.4424745961808583,0.0,0.0,1.4475677406305645,0.0,0.7078146914106817,0.2961412581569125,6
530090,-0.6975118459362443,-0.1796235475848035,0.0,0.5,0.5,0.0,1.3333333333333333,0.4967221156972797,0.341316838923196,0.0,-0.4872619880436798,0.0,0.0,0.4641630654510255,0.0,0.0,-0.023321762976069,-0.0539882678311068,5
530118,0.0815878280115536,0.4788906502885904,1.0,1.5,1.5,0.6000000000000001,0.0,0.8922923152353788,0.69823228777992,0.0,-0.7312471447788259,0.0,0.0,0.4641630654510255,0.0,0.0,-0.2328213508113483,0.1733896636928475,5
530188,-0.2384636960285709,0.7893169849572652,0.5,1.0,1.0,0.0,0.0,0.3488893399656456,0.69823228777992,1.223901085741545,0.1763733206847534,1.8945304820059297,0.0,0.4641630654510255,0.0,0.0,0.5336342920054947,0.7227809847064285,6
530196,-0.3652838837217738,0.9408591679901256,0.0,0.0,1.0,0.75,2.0,0.5528368809799663,0.1350614931535953,0.0,1.0902415790965525,0.0,0.5108256237659907,-0.1695975135107168,0.0,2.2892242269941026,0.8602329221520688,0.4493207312615855,5
530199,-0.0171602998082552,1.8660281607378957,0.0,0.0,1.0,0.75,1.0,-0.0564198929834767,-0.2218539557031286,-1.577882931182386,0.7812558369313752,1.8945304820059297,0.5108256237659907,-0.1695975135107168,0.0,2.2892242269941026,0.7254106623850207,-2.072012767274952,2
530213,-0.3513537949525781,0.0342356026297282,0.0,0.5,0.5,0.0,0.0,-0.1069187876520562,0.341316838923196,0.0,-0.2042491549703521,0.0,0.0,0.4641630654510255,0.0,0.0,-0.4480073522622179,-0.1484089117879419,0
530223,-1.2039667035685977,-1.0656153830619794,0.0,0.0,0.5,0.0,1.3333333333333333,-0.1219209359602892,-0.0955123664504794,-1.0,-0.3378778341536493,1.3087681003312956,0.0,-0.1695975135107168,0.0,1.2892242269941023,-0.0535132431544394,-0.3143140285908684,2
530240,0.9477863797042296,0.3648961975046188,-0.5,0.0,0.0,1.5,2.0,0.1836432558911528,0.69823228777992,1.223901085741545,0.1763733206847534,1.8945304820059297,0.0,0.4641630654510255,0.0,0.0,0.2463847342454704,0.217132598160488,6
530277,0.4174462381139991,0.728145423941257,1.0,1.5,1.5,0.0,0.0,0.5883992318067482,0.2614030824062447,0.5227586988632229,0.2042491549703524,0.8092012510390698,0.0,0.4641630654510255,0.0,0.0,0.522083456597164,0.5721573157379093,5
530278,0.1188896898561776,0.1820481643393343,0.5,1.0,0.5,0.75,0.0,0.3645134473182675,-0.2218539557031286,1.223901085741545,-1.366380143830454,2.4424745961808583,0.0,0.0,1.4475677406305645,0.0,-1.9890908751000265,0.3220850224372481,6
530282,-0.3513537949525781,0.5740257630792477,1.0,1.0,1.0,0.0,0.0,0.1888931071699577,-0.30176771222008,-0.5778829311823854,0.1763733206847534,1.0,0.0,-0.311497195240441,1.18274896353532,0.8170594925112873,-0.0485154412631136,-0.2282568254162823,5
530298,-0.2006733934858729,0.0171841500464987,0.0,0.0,0.5,1.0,1.3333333333333333,0.0384035359383385,-0.658683161076804,-1.0,0.0269891667947226,1.3087681003312956,0.0,-0.1695975135107168,0.0,1.2892242269941023,0.0386531200509579,-0.3105117480010078,2
530315,0.0322345910367078,-0.1060116599355281,-0.5,0.0,0.0,0.0,2.0,-0.5582488651021621,0.1350614931535953,0.0,-0.1423686188473956,0.0,0.0,0.4641630654510255,0.0,0.0,-0.8215758163133221,-0.1951846536526568,0
530322,0.2075042813394017,-0.2948576299622514,-0.5,0.0,0.0,0.0,0.0,0.3897249895283401,1.1350614931535954,0.0,-0.5691161559187239,0.0,0.0,0.4641630654510255,0.0,0.0,-0.0727506788028536,-0.7194753587665139,0
530329,1.0473246683757471,0.8252226888668068,-1.0,-0.5,-1.0,3.0,0.0,-5.01837906474446,0.69823228777992,0.0,-1.7312471447788258,-5.8849491923617165,0.0,-1.945257774202184,4.496556105601924,0.0,-5.009979129451652,-0.5542403698342447,4
530365,0.4377308473363926,0.0679485038398385,-0.5,0.0,0.0,1.5,2.0,-0.4660917229575401,0.1350614931535953,0.0,0.0269891667947226,0.0,0.0,0.4641630654510255,0.0,0.0,-0.5955469141497611,-0.7837632088401538,0
530371,0.476457553767181,0.1978772796996186,0.0,-0.5,0.5,0.0,0.0,0.2380233108279882,-0.658683161076804,-2.223901085741545,-0.3378778341536493,1.3087681003312956,0.0,-0.9452577742021836,0.0,2.2892242269941026,0.224096637809786,-0.296717534775137,2
530374,-0.6625297851648912,-0.3957040193861091,-0.5,0.0,0.0,0.0,2.0,-0.2856966996239918,0.1350614931535953,0.0,0.1763733206847534,0.0,0.0,0.4641630654510255,0.0,0.0,-0.2711430212721699,-0.4865273815598542,0
530379,0.1785689862284012,0.5472599549180527,-1.0,-0.5,-0.5,0.0,0.0,-0.8605992018306694,-0.658683161076804,0.0,-1.7312471447788258,0.0,0.0,0.4641630654510255,0.0,0.0,-5.009979129451652,-1.231442685982569,0
530383,-0.7133193762139726,-0.0173189290703666,0.0,0.5,0.0,0.0,0.0,-0.5540253053593464,0.341316838923196,0.0,-0.1423686188473956,0.0,0.0,-0.1695975135107168,1.8662394014360388,0.0,-0.6604434538103582,0.1914574464568845,0
530385,0.9140837135191288,0.2753642525262495,0.0,0.5,0.5,1.0,0.0,0.0021800747076538,-0.0955123664504794,0.0,-0.4872619880436798,0.0,0.0,0.4641630654510255,0.0,0.0,-0.5416978654824055,0.0909291324465027,5
530421,-0.8256779223810709,0.3354537328232688,0.5,1.0,1.0,0.75,0.0,0.5357547045781625,-0.2218539557031286,0.6460181545591593,0.1038793384945924,1.0,0.0,0.4641630654510255,0.0,0.0,0.3710331505558742,0.2730040794447418,5
530427,2.024087552709411,1.2258369061374028,0.0,0.0,0.5,1.0,1.3333333333333333,0.0731337196642206,0.341316838923196,-1.0,-0.0833673107571263,1.3087681003312956,0.0,-0.1695975135107168,0.0,1.2892242269941023,-0.1009510539031021,0.2505039157594147,2
530453,-0.5364277497740233,-1.3644696695666334,-1.5,-1.0,-1.0,0.0,0.0,-5.01837906474446,-0.658683161076804,-3.801784016923932,-1.7312471447788258,-5.8849491923617165,0.0,-1.945257774202184,0.0,0.0,,,1
530463,2.072238255395536,0.9964830697690392,1.5,2.0,1.5,1.5,1.3333333333333333,0.7299293186424098,-0.3569154488567242,1.577882931182386,-0.3378778341536493,2.856712214506226,0.0,0.1617063421381263,1.0,0.0,0.5168939851949949,1.1363788863608792,5
530468,-1.265570932745021,-0.2173706571356206,0.5,1.0,1.0,0.0,0.0,0.7000978093685838,-0.2218539557031286,1.223901085741545,-0.5691161559187239,1.8945304820059297,0.0,0.4641630654510255,0.0,0.0,0.3515504772119569,0.6690380291079271,6
530514,-0.2967009531759736,1.688664106185414,0.5,0.5,1.5,2.4000000000000004,1.6,0.3910984183645553,0.0,-1.9562960640020104,-0.1791334945787352,0.0,0.4054651081081644,0.0,0.0,1.8170594925112875,-0.1065195212306093,-0.4130987923552662,2
530543,-0.2524074552902091,0.4649590448526473,1.0,1.5,1.0,1.2000000000000002,0.0,0.9124369764937812,0.4919769420103195,0.0,-0.1423686188473956,0.0,0.0,0.0979236444127681,1.18274896353532,0.0,0.6836829365189381,0.6725297057453195,5
530563,0.8089597077557817,0.2905406156119291,0.5,1.0,1.0,0.75,1.0,0.400650243457655,0.69823228777992,1.223901085741545,0.0269891667947226,1.8945304820059297,0.0,0.4641630654510255,0.0,0.0,0.3517936218402257,0.9021088571325184,6
530579,-0.8402360138359725,-0.0879858281037825,0.5,1.0,1.0,0.75,1.0,0.0215510060831281,-0.2218539557031286,2.2239010857415447,-0.4482343117054982,3.4424745961808574,0.0,0.4641630654510255,0.0,0.0,0.0174238245772919,1.1367610694785142,6
530581,0.3687835443878995,-0.3957040193861091,-1.0,-1.0,-0.5,0.0,0.0,-0.656963558822875,-0.658683161076804,-3.801784016923932,1.3100019998680503,0.0,0.0,-1.945257774202184,0.0,3.10628371950539,0.1721488153937217,-5.846818380501243,3
530585,0.6933714065272878,0.1820481643393343,0.5,0.5,1.0,0.0,0.0,0.0811016126512152,0.1350614931535953,-0.7323949782604657,-0.2363597157400465,0.0,0.0,0.0,0.0,1.0,-0.6235049814310731,0.1105250531744776,5
530592,0.5724851134572817,0.4368293378606515,0.5,0.0,1.0,0.75,1.0,0.6981936313729585,0.1350614931535953,-0.7323949782604657,0.3100019998680502,1.8945304820059297,0.0,-0.5358369345489745,0.0,1.8170594925112875,0.8701067751082187,0.0645062275625488,2
530599,-0.0328304581366331,-0.7777566563817965,-1.0,-1.0,-0.5,0.0,0.0,-0.5291191057528215,-0.658683161076804,-3.801784016923932,1.055491476471528,0.0,0.0,-1.945257774202184,0.0,3.10628371950539,0.1232122739579131,-5.846818380501243,3
530607,0.3376780695975645,0.2905406156119291,-0.5,0.0,0.0,0.0,0.0,-0.0540890522040309,0.1350614931535953,0.0,-0.3378778341536493,0.0,0.0,0.4641630654510255,0.0,0.0,-0.2833384073188088,-0.2631897209998071,0
530625,0.6762271371407303,0.0,-0.5,0.0,0.0,0.0,0.0,-0.2095770615800434,0.1350614931535953,0.0,0.4308838440812761,0.0,0.0,0.4641630654510255,0.0,0.0,-0.0049841902937872,-0.5012483552227169,0
530627,-0.6012476494843001,-0.658368006199544,0.0,0.5,0.0,0.0,1.3333333333333333,0.2314146620134179,0.341316838923196,0.0,-0.3378778341536493,0.0,0.0,-0.1695975135107168,1.8662394014360388,0.0,-0.3779048456804724,-0.0375555133403071,0
530633,0.5023861487621162,-0.2557742709686207,-1.5,-1.0,-1.0,0.0,0.0,-5.01837906474446,-0.658683161076804,-3.801784016923932,-1.7312471447788258,-5.8849491923617165,0.0,-1.945257774202184,0.0,0.0,,,1
530645,0.0,0.8722064217150826,1.5,2.0,2.0,0.0,0.6666666666666664,0.4181070897731531,-0.0955123664504794,0.8454879529219202,-0.8521289889920516,1.3087681003312956,0.0,0.4641630654510255,0.0,0.0,-0.5309779811554967,0.7562997498249977,5
530649,-0.2594206024614632,0.2135937313624968,0.5,0.5,1.0,0.75,2.0,-0.1143864737947603,0.4368292053736752,0.6460181545591593,0.1763733206847534,2.703731733044999,0.0,0.0,0.0,1.0,0.0745580891434163,0.5785373535181563,6
530656,-0.2541581476087982,-0.6352457830218333,-0.5,0.0,0.0,0.0,0.0,-0.2645171686507984,-0.658683161076804,0.0,-0.3378778341536493,0.0,0.0,0.4641630654510255,0.0,0.0,-0.6185610197614966,-0.1091936856818979,0
530665,0.3501857072988972,0.1175719885109969,0.0,0.5,0.5,0.0,0.0,0.1941104514213306,0.341316838923196,0.0,0.3100019998680502,0.0,0.0,0.4641630654510255,0.0,0.0,-0.0978637595695334,-0.1082125436989012,5
530666,-0.2091917657546151,-0.0347747680912913,-0.5,0.0,-0.5,0.0,0.0,-1.0276658089132589,0.69823228777992,0.0,-0.8521289889920516,0.0,0.0,-0.5358369345489745,2.6303167041658844,0.0,-1.7259574442327257,-0.1618228959094278,0
530667,-0.2177511905783598,2.271090484416937,1.0,1.0,1.5,0.4999999999999998,2.0,0.7508443001101921,0.1350614931535953,-0.4772413011367771,0.4982430038580476,0.8092012510390698,0.3364722366212129,-0.311497195240441,1.18274896353532,1.5078734502500786,0.7463658009457221,1.0339244029883528,5
530672,0.665077839928805,-0.1796235475848035,-1.5,-1.0,-1.0,0.0,0.0,-5.01837906474446,-0.658683161076804,-3.801784016923932,-1.7312471447788258,-5.8849491923617165,0.0,-1.945257774202184,0.0,0.0,,,1
530673,0.4639762851609121,-0.589715259924501,-1.5,-1.0,-1.0,0.0,0.0,-5.01837906474446,-0.658683161076804,-3.801784016923932,-1.7312471447788258,-5.8849491923617165,0.0,-1.945257774202184,0.0,0.0,,,1
530687,0.4008683923867841,0.1978772796996186,0.5,1.0,1.0,1.5,1.0,0.2703107247497532,0.1350614931535953,1.223901085741545,-0.3378778341536493,1.8945304820059297,0.0,0.4641630654510255,0.0,0.0,0.1381765530821914,0.5462390958289771,6
530719,-0.471909338187158,0.1011544248762458,0.5,1.0,1.0,1.5,1.0,0.4339062727343475,0.4368292053736752,0.0,-0.3378778341536493,0.0,0.0,0.4641630654510255,0.0,0.0,-0.1406561153406293,-0.4033416442821646,5
530720,-0.2788507806795318,0.5606834135017086,0.5,1.5,0.5,0.6000000000000001,1.6,0.3924696121650622,0.4919769420103195,1.0,-0.3378778341536493,0.0,0.4054651081081644,0.0,2.6303167041658844,0.0,-0.1270658448214904,1.2599480050166798,5
530724,-0.1257925380823218,1.3509508803298231,2.0,2.5,2.0,0.0,1.1428571428571428,0.6358970003835497,0.0395491267031159,0.0,-0.1423686188473956,0.0,0.0,0.2065593450588091,0.8662394014360383,0.0,0.1569019121367623,0.9647034064185264,5
530739,0.9189377127508744,0.3794715120532125,-1.0,-0.5,-0.5,0.0,0.0,-1.0203068241065072,0.69823228777992,0.0,0.9061073225814968,0.0,0.0,0.4641630654510255,0.0,0.0,-0.3758189448246999,-0.830886678553129,0
530743,0.1273876831660417,-0.0701059560259865,0.0,0.5,0.0,1.0,0.0,0.1641090144261154,0.69823228777992,0.8454879529219202,-0.5691161559187239,1.8945304820059297,0.0,-0.1695975135107168,1.8662394014360388,0.0,-0.2653467985210243,-0.1623451478878626,6
530754,-0.2502215138285469,0.728145423941257,1.0,1.0,1.0,0.6000000000000001,0.0,0.3855912196453804,0.2614030824062447,-0.5778829311823854,0.4308838440812761,0.0,0.0,-0.311497195240441,1.18274896353532,0.8170594925112873,0.527057394721046,0.7558918515053876,5
530773,-0.5695876807950593,-0.4373685033222146,0.0,0.5,0.0,1.0,0.0,0.22642393624161,0.341316838923196,0.8454879529219202,0.8242531547064528,1.8945304820059297,0.0,-0.1695975135107168,1.8662394014360388,0.0,0.9528153771807464,0.4938368339993938,6
530775,-1.2865898433048335,-1.1803503916127198,0.0,0.5,0.0,0.0,1.3333333333333333,-0.2918470802486814,0.69823228777992,0.0,0.0269891667947226,0.0,0.0,-0.1695975135107168,1.8662394014360388,0.0,-0.4363567135106999,0.5192639048645232,0
530797,1.1113902453393227,0.7157050973079879,-0.5,0.0,0.0,0.0,0.0,-0.421734197117816,-0.658683161076804,0.0,-0.5691161559187239,0.0,0.0,0.4641630654510255,0.0,0.0,-0.9561304726026524,-0.2091081064933558,0
530801,0.234313503017977,-0.2948576299622514,0.0,0.0,0.5,0.0,1.3333333333333333,0.5369097402689171,0.341316838923196,-1.0,-0.3378778341536493,0.0,0.0,-0.1695975135107168,0.0,1.2892242269941023,-0.0331255237811507,0.2728799415233951,2
530810,-0.2567874259770644,0.0511563914573724,0.0,0.5,0.5,0.0,0.0,0.3284440081838901,-0.0955123664504794,0.0,-0.2042491549703521,0.0,0.0,0.4641630654510255,0.0,0.0,0.0388440307588156,0.102831548259939,5
530811,0.8118452928152229,0.0511563914573724,0.0,-0.5,0.0,1.0,0.0,-0.3526300463835208,-0.0955123664504794,-1.0,0.4308838440812761,0.0,0.0,-1.945257774202184,1.8662394014360388,2.2892242269941026,-0.096122307787953,0.4926206152799864,2
530833,0.2639979357320658,0.3502240363019069,-0.5,-0.5,0.0,1.5,0.0,-0.1820387150016389,0.1350614931535953,-1.577882931182386,0.7367495369393785,0.0,0.0,-0.5358369345489745,0.0,1.8170594925112875,-0.0209248391507283,-0.7468680806416309,2
530869,-0.327724924755711,-0.8273801410529529,-1.0,-1.0,-0.5,0.0,0.0,-0.329723047939766,-0.658683161076804,-3.801784016923932,0.0269891667947226,0.0,0.0,-1.945257774202184,0.0,3.10628371950539,-0.3916183351486538,-5.846818380501243,3
530873,-0.4617554627175348,-1.7479450850502471,-1.5,-1.0,-1.0,0.0,0.0,-5.01837906474446,-0.658683161076804,-3.801784016923932,-1.7312471447788258,-5.8849491923617165,0.0,-1.945257774202184,0.0,0.0,,,1
530881,0.3361084033766142,-0.1241858541912811,0.5,1.0,1.0,0.0,0.0,0.4020059933952999,-0.2218539557031286,0.0,-0.0548650010803214,0.0,0.0,0.4641630654510255,0.0,0.0,0.1345280086427735,0.2058559878148471,5
530906,-0.0427991122583487,-0.7533569369943934,-1.0,-0.5,-0.5,0.0,4.0,-0.2380459318302974,0.69823228777992,0.0,-0.3378778341536493,0.0,0.0,0.4641630654510255,0.0,0.0,-0.6322426556613611,-0.3724360380852419,0
530949,-0.101517756375332,-0.0347747680912913,-0.5,0.0,0.0,0.0,0.0,0.4954257449660159,0.1350614931535953,2.2239010857415447,0.9061073225814968,3.4424745961808574,0.0,0.4641630654510255,0.0,0.0,1.112418391650549,-0.0812087711507424,6
530950,-0.986819371484716,0.6779579877571728,0.5,0.5,0.5,0.75,0.0,0.098758569913415,0.1350614931535953,-0.7323949782604657,0.60981374613042,0.0,0.0,-0.5358369345489745,1.4475677406305645,1.0,0.7006860877567029,0.4228644188249142,5
530978,0.2475678720940918,0.5606834135017086,1.5,1.5,2.0,1.0,0.0,0.994139708599025,0.341316838923196,-0.4772413011367771,-0.3378778341536493,0.6795775573916313,0.0,0.1617063421381263,0.0,0.690813957738791,0.5426922402008381,0.5157568891837776,5
531006,-0.7104053850543096,-0.8024290039733696,-0.5,0.0,0.0,1.5,0.0,-0.3169076160410869,-0.658683161076804,0.0,0.6427584400467276,0.0,0.0,0.4641630654510255,0.0,0.0,0.0378889511497421,-0.1303142799391219,0
531009,1.3162916947168604,0.8252226888668068,1.0,1.0,1.5,0.0,0.0,0.4378102105495251,0.0,0.0,0.6230944895081695,0.8092012510390698,0.0,0.0979236444127681,0.0,0.8170594925112873,0.644250882045945,0.9666872174565944,5
531016,-1.0994614322526868,0.2600828618709601,1.5,1.0,2.0,0.4999999999999998,0.6666666666666664,0.7961655823999592,-0.0955123664504794,-1.0,0.4308838440812761,0.6795775573916313,0.0,-0.1695975135107168,0.0,1.2892242269941023,0.9463998272807316,0.1400891328389653,5
531020,-0.1753607007107251,0.5337543951599557,1.0,1.5,1.5,0.6000000000000001,0.0,1.1669972605755614,0.2614030824062447,0.5227586988632229,-0.9857576681753486,0.8092012510390698,0.0,0.4641630654510255,0.0,0.0,0.2638513426045629,0.635800521843638,5
531027,-0.6975118459362443,0.1338683882105274,0.0,0.5,0.0,0.0,0.0,-0.3592909380231978,0.9999999999999998,0.8454879529219202,-0.5691161559187239,1.8945304820059297,0.0,-0.1695975135107168,1.8662394014360388,0.0,-0.9324899662744752,0.5474238915595764,6
531031,0.6425670542595154,0.1978772796996186,-0.5,-0.5,0.0,0.0,0.0,-0.0849048050881716,0.1350614931535953,0.0,0.7367495369393785,1.8945304820059297,0.0,-0.5358369345489745,0.0,1.8170594925112875,0.4899741861468258,0.4926206152799864,2
531054,0.6385981649802142,0.3205839652723227,0.5,1.0,0.5,0.75,1.0,0.6962851403997076,-0.2218539557031286,0.6460181545591593,-0.2042491549703521,0.0,0.0,0.0,1.4475677406305645,0.0,0.2658836783702166,0.4026840551420989,5
531073,-0.2126105872403068,1.1858692605047223,0.5,0.5,0.5,0.0,0.0,-0.0176466848663658,-0.2218539557031286,-0.7323949782604657,0.0269891667947226,1.3087681003312956,0.0,-0.5358369345489745,1.4475677406305645,1.0,0.0613799404926248,0.1650373342061902,5
531094,-0.4733949737513234,-0.3146618177495106,0.0,0.5,0.5,2.0,1.3333333333333333,0.2297543690536391,0.69823228777992,1.577882931182386,-0.0833673107571263,2.4424745961808583,0.0,0.4641630654510255,0.0,0.0,0.283777451908515,-0.0083952344492422,6
531109,-0.0286933092512776,0.1661047583479931,0.5,1.0,1.0,0.75,1.0,-0.0087771460788253,0.69823228777992,0.0,-0.702744835102021,0.0,0.0,0.4641630654510255,0.0,0.0,-0.6835895617330994,0.0128632471605656,5
531143,-0.2699925218508799,0.0511563914573724,0.5,1.0,1.0,0.75,0.0,0.0342218975569808,0.1350614931535953,1.223901085741545,-0.0548650010803214,1.8945304820059297,0.0,0.4641630654510255,0.0,0.0,0.2614323449824804,0.938416142188817,6
531144,0.3085717709577525,0.0171841500464987,0.0,0.5,0.5,0.0,2.6666666666666665,0.5051541929722428,0.341316838923196,2.2239010857415447,-0.6566197736857983,3.4424745961808574,0.0,0.4641630654510255,0.0,0.0,-0.0543315285488373,0.0777666014781604,6
531158,-0.5364277497740233,1.0614334032407846,1.0,1.5,1.5,0.0,0.8,0.9322123366229904,0.4919769420103195,0.5227586988632229,-0.6208906672269769,0.8092012510390698,0.0,0.4641630654510255,0.0,0.0,0.303146897855649,0.7518505523569005,5
531198,-0.5174632954449125,-0.8024290039733696,-0.5,-0.5,0.0,0.0,0.0,-0.6713673010965979,-0.658683161076804,-1.577882931182386,0.7367495369393785,1.8945304820059297,0.0,-0.5358369345489745,0.0,1.8170594925112875,0.2892529994592032,-0.9172895838300122,2
531204,0.5237078599728044,0.0342356026297282,0.0,0.0,0.5,1.0,0.0,0.3688503033154463,-0.0955123664504794,-1.0,0.4687463394429643,0.0,0.0,-0.1695975135107168,0.0,1.2892242269941023,0.5008433286216101,-0.4218468410176811,2
531217,0.0226254934042333,0.1978772796996186,0.5,1.0,0.5,0.75,0.0,0.2703107247497532,-0.658683161076804,0.0,-1.0833673107571262,0.0,0.0,0.0,1.4475677406305645,0.0,-1.0212160956509,0.312464717224507,0
531253,0.89355080028439,0.8722064217150826,1.0,1.0,1.5,0.0,0.8,0.6399922619297781,0.4919769420103195,0.5227586988632229,0.2042491549703524,1.5479441141749286,0.0,0.0979236444127681,0.0,0.8170594925112873,0.576566689230987,0.9296934579088976,5
531255,0.3917602841521041,-0.4798342762580817,-1.5,-1.0,-1.0,0.0,0.0,-5.01837906474446,-0.658683161076804,-3.801784016923932,-1.7312471447788258,-5.8849491923617165,0.0,-1.945257774202184,0.0,0.0,,,1
531322,0.9316888929517412,1.2258369061374028,0.5,0.5,1.0,1.5,1.0,0.6621671839277242,-0.2218539557031286,-0.7323949782604657,-0.3378778341536493,1.0,0.0,0.0,0.0,1.0,0.2481866140403827,0.0858674731113219,5
531339,-0.7031412554459255,0.963277148732632,-0.5,0.5,-0.5,1.0,1.3333333333333333,-5.01837906474446,0.69823228777992,1.577882931182386,-1.7312471447788258,-5.8849491923617165,0.6931471805599453,-0.5358369345489745,4.496556105601924,0.0,-5.009979129451652,1.1775085791904842,4
531344,-0.976924765317542,-1.1222377710152045,-0.5,0.0,0.0,0.0,0.0,-0.3232909678166239,0.1350614931535953,0.0,0.7367495369393785,0.0,0.0,0.4641630654510255,0.0,0.0,-0.0463536696397152,0.523589752579702,0
531361,-0.2306681727012954,-0.7053517390478198,-0.5,0.0,-0.5,0.0,0.0,-0.6665386437303178,0.1350614931535953,1.223901085741545,0.3100019998680502,0.0,0.0,-0.5358369345489745,2.6303167041658844,0.0,-0.4705187390829625,0.5929897355870138,0
531373,-0.1777559501815167,0.1175719885109969,0.0,0.0,0.5,0.0,0.0,-0.0681718046055054,-0.0955123664504794,-1.0,0.5412403216331251,0.0,0.0,-0.1695975135107168,0.0,1.2892242269941023,0.1411475117712101,0.0001034698157152,2
531386,0.2442635414416244,0.2600828618709601,1.5,1.5,2.0,0.0,0.0,0.8179436918300927,-0.0955123664504794,-0.4772413011367771,0.3100019998680502,0.0,0.0,0.1617063421381263,0.0,0.690813957738791,0.7370142768151899,0.8400971383789105,5
531427,-0.2177511905783598,0.5740257630792477,0.5,1.5,1.5,0.6000000000000001,0.8,1.0159922082899333,0.2614030824062447,1.0,0.8072287460232249,0.0,0.4054651081081644,0.8735839051042346,0.0,0.0,1.3707880645472128,1.3383595067067051,5
531431,1.2310829129263403,0.4927349096618701,1.5,2.0,1.5,1.0,0.6666666666666664,0.8503308237319294,0.1350614931535953,1.9103977631226812,0.0269891667947226,3.4424745961808574,0.0,0.1617063421381263,1.0,0.0,0.7922208624135773,1.335243429959682,6
531447,0.7896017263310168,0.3794715120532125,1.0,1.5,1.0,0.6000000000000001,0.0,0.5264569726700838,-0.30176771222008,0.0,-0.1423686188473956,0.0,0.0,0.0979236444127681,1.18274896353532,0.0,0.2905819652451551,0.9656987889547332,5
531456,-1.277217382434204,-1.71019797549943,-0.5,-1.0,0.0,1.5,0.0,-0.7009351911800297,-0.658683161076804,-3.801784016923932,-0.1423686188473956,3.4424745961808574,0.0,-1.945257774202184,0.0,3.10628371950539,-0.2712922813495004,-5.846818380501243,3
531467,1.5998664573142398,1.235716797952375,1.0,1.5,1.0,0.0,0.8,0.8574619286511451,-0.30176771222008,1.0,0.3100019998680502,1.8945304820059297,0.0,0.0979236444127681,1.18274896353532,0.0,0.648225600218797,0.9527468356658292,5
531471,0.9557807392482986,0.7528177715328302,0.5,1.0,0.5,0.0,0.0,-0.026610582219974,0.9288061473839948,1.223901085741545,-0.2042491549703521,2.4424745961808583,0.0,0.0,1.4475677406305645,0.0,-0.1585663387712808,0.4724562538885247,6
531475,-0.6286095976474712,-1.209990462642304,-1.5,-1.0,-1.0,0.0,0.0,-5.01837906474446,-0.658683161076804,-3.801784016923932,-1.7312471447788258,-5.8849491923617165,0.0,-1.945257774202184,0.0,0.0,,,1
531499,0.5548015601469836,0.6395543739241726,0.0,0.5,0.5,0.0,0.0,0.3992923085876588,0.341316838923196,0.8454879529219202,0.3100019998680502,1.3087681003312956,0.0,0.4641630654510255,0.0,0.0,0.7005023358842726,0.1990149142564462,5
531500,0.3448360730935282,-0.2752294817283874,-1.0,-1.0,-0.5,0.0,0.0,-1.8491978483998872,-0.658683161076804,-3.801784016923932,1.189120155654825,0.0,0.0,-1.945257774202184,0.0,3.10628371950539,-0.8929646363463084,-5.846818380501243,3
531511,-0.2877534419935543,0.4927349096618701,0.0,0.5,0.5,0.0,0.0,0.138573775294697,0.341316838923196,0.0,-0.0833673107571263,0.0,0.0,0.4641630654510255,0.0,0.0,0.0530145720317979,-0.261012106090313,5
531512,-0.5001355754344862,-1.151102915861414,-1.0,-0.5,-0.5,0.0,0.0,-0.2438569783417058,-0.658683161076804,0.0,0.3100019998680502,0.0,0.0,0.4641630654510255,0.0,0.0,-0.1215109851612966,-1.051778695213092,0
531557,-0.6863062742965885,0.5740257630792477,1.5,2.0,2.0,1.5,0.6666666666666664,0.9633969973251236,0.5278974945717202,0.4390194395059628,0.0787636781029754,0.6795775573916313,0.0,0.4641630654510255,0.0,0.0,0.9572965822479614,0.6617133287455381,5
531562,0.943329470932786,0.7650513326678573,-0.5,-1.0,0.0,0.0,0.0,-0.158000997265679,-0.658683161076804,-3.801784016923932,-0.1423686188473956,1.8945304820059297,0.0,-1.945257774202184,0.0,3.10628371950539,-0.0420502411693689,-5.846818380501243,3
531568,-0.3982187095513057,0.1338683882105274,1.0,1.0,1.5,0.6000000000000001,0.8,0.7067287472789838,-0.30176771222008,0.5227586988632229,-0.4253814519207233,1.5479441141749286,0.0,0.0979236444127681,0.0,0.8170594925112873,0.0199784653939683,0.4621296526683602,5
531615,0.9742954869492758,0.3354537328232688,-1.0,-0.5,-1.0,0.0,0.0,-5.01837906474446,-0.658683161076804,0.0,-1.7312471447788258,-5.8849491923617165,0.0,-1.945257774202184,4.496556105601924,0.0,-5.009979129451652,-0.7207310951729229,4
531620,0.957773719311622,0.2446949798295298,-1.5,-1.0,-1.0,0.0,0.0,-5.01837906474446,-0.658683161076804,-3.801784016923932,-1.7312471447788258,-5.8849491923617165,0.0,-1.945257774202184,0.0,0.0,,,1
531625,-0.1136136751833011,-0.5231327642549591,-0.5,-0.5,0.0,1.5,2.0,-0.1527511459868734,-0.658683161076804,-1.577882931182386,0.3100019998680502,0.0,0.0,-0.5358369345489745,0.0,1.8170594925112875,-0.1962391765384895,-0.993226246967105,2
531650,-0.2280772499757377,-0.7777566563817965,0.0,0.0,0.0,0.0,0.0,-0.0564198929834767,-0.0955123664504794,-1.0,-0.3378778341536493,0.0,0.0,-0.9452577742021836,1.8662394014360388,1.2892242269941023,-0.4470449819667735,0.0324102728844181,0
531654,-0.3306613991861102,1.2455526811947004,0.0,1.0,0.5,0.75,2.0,0.0236760977630713,0.1350614931535953,0.0,1.146122837879747,0.0,0.5108256237659907,0.4641630654510255,1.8662394014360388,0.0,0.6011860787673586,1.4929825505841967,5
531663,0.9500106470123462,0.4368293378606515,-0.5,0.0,0.0,1.5,0.0,-0.4510449230288068,0.1350614931535953,0.0,-0.5691161559187239,0.0,0.0,0.4641630654510255,0.0,0.0,-1.1281022789178958,-0.8480257394461073,0
531670,0.7074419513804496,0.3354537328232688,0.0,0.0,0.5,0.0,1.3333333333333333,0.132999785368132,-0.658683161076804,-1.0,0.852128988992052,0.0,0.0,-0.1695975135107168,0.0,1.2892242269941023,0.694596416237576,0.0361095448927097,2
531682,-0.2306681727012954,-1.2400338123026975,-1.5,-1.0,-1.0,0.0,0.0,-5.01837906474446,-0.658683161076804,-3.801784016923932,-1.7312471447788258,-5.8849491923617165,0.0,-1.945257774202184,0.0,0.0,,,1
531735,0.2467423655891542,-0.6352457830218333,-1.5,-1.0,-1.0,0.0,0.0,-5.01837906474446,-0.658683161076804,-3.801784016923932,-1.7312471447788258,-5.8849491923617165,0.0,-1.945257774202184,0.0,0.0,,,1
531739,-1.4574349784892098,-0.1796235475848035,0.5,1.0,1.0,0.75,1.0,0.6151167017081584,0.1350614931535953,0.6460181545591593,-0.4482343117054982,1.0,0.0,0.4641630654510255,0.0,0.0,0.3088602369609187,0.3653347952279319,5
531744,0.5166290255186304,0.6135758138503429,1.0,1.0,1.5,0.0,0.0,0.2429460029473888,0.0,-0.5778829311823854,-0.1066395123885741,0.0,0.0,0.0979236444127681,0.0,0.8170594925112873,-0.014710718217632,0.0918102271683534,5
531745,0.3810747852307988,0.9964830697690392,-1.0,0.0,0.0,1.5,2.0,-0.3105722598456124,-0.658683161076804,0.0,0.5412403216331251,0.0,1.0986122886681096,1.8735839051042344,0.0,0.0,-0.0219659619988216,0.9663540044497524,5
531771,-1.116457516147238,-0.4584993070321419,0.0,0.5,0.5,2.0,1.3333333333333333,0.4247261214891064,-0.0955123664504794,1.577882931182386,-1.0833673107571262,2.4424745961808583,0.0,0.4641630654510255,0.0,0.0,-1.0607325100369744,0.4703749931708355,6
531777,0.7527268264146147,0.0,-1.0,-0.5,-0.5,0.0,0.0,-0.1902061302045683,-0.658683161076804,0.0,-0.3378778341536493,0.0,0.0,0.4641630654510255,0.0,0.0,-0.5573053212183564,-1.5986076593634213,0
531789,0.320018065441517,-0.1984164451611818,0.0,0.5,0.0,0.0,1.3333333333333333,0.1441111341357359,0.341316838923196,0.0,0.3100019998680502,0.0,0.0,-0.1695975135107168,1.8662394014360388,0.0,0.1257428887616061,0.4876011771143605,5
531795,-0.2832965332221107,-0.9039711300422292,-1.0,-0.5,-0.5,0.0,0.0,-1.2950710190444592,0.69823228777992,0.0,1.521876595833502,0.0,0.0,0.4641630654510255,0.0,0.0,-0.2307062875957,-0.5918625338840762,0
531803,0.2142446204098905,-0.6817349135302966,-1.5,-1.0,-1.0,0.0,0.0,-5.01837906474446,-0.658683161076804,-3.801784016923932,-1.7312471447788258,-5.8849491923617165,0.0,-1.945257774202184,0.0,0.0,,,1
531807,0.6425670542595154,0.5472599549180527,0.0,0.5,0.5,0.0,0.0,0.0108444019977208,-0.0955123664504794,0.0,-0.0833673107571263,0.0,0.0,0.4641630654510255,0.0,0.0,-0.26682839670559,0.4418872551719702,5
531824,0.5346948109145836,0.9295642475225216,0.5,1.0,1.0,0.0,0.0,0.6561771226498461,0.4368292053736752,0.6460181545591593,-0.8521289889920516,1.0,0.0,0.4641630654510255,0.0,0.0,-0.3723563274588176,0.5564218225354375,5
531834,-0.6863062742965885,-1.332697148215006,-1.0,-0.5,-0.5,0.0,0.0,-0.8020618913427774,0.69823228777992,0.0,-1.7312471447788258,0.0,0.0,0.4641630654510255,0.0,0.0,-5.009979129451652,-0.5600148906453615,0
531844,0.0,-0.2364889768829301,-1.0,-0.5,-0.5,0.0,0.0,0.1216076941696255,-0.658683161076804,0.0,0.0269891667947226,0.0,0.0,0.4641630654510255,0.0,0.0,-0.019475079259349,-2.077133449346995,0
531847,-0.0617828281220622,0.4226289536358835,-0.5,0.0,0.0,0.0,0.0,0.0650897597231013,0.69823228777992,0.0,0.1763733206847534,0.0,0.0,0.4641630654510255,0.0,0.0,0.0311663031903644,-0.3844947671542951,0
531857,0.3793240929122098,0.2446949798295298,-0.5,0.0,0.0,0.0,0.0,-0.3427364093751474,0.1350614931535953,0.0,0.4308838440812761,0.0,0.0,0.4641630654510255,0.0,0.0,-0.2787965503379386,-0.2588644108155419,0
531868,0.9154441710451668,0.3794715120532125,0.0,0.5,0.5,1.0,1.3333333333333333,0.4060602036441355,-0.0955123664504794,0.8454879529219202,-0.6566197736857983,1.3087681003312956,0.0,0.4641630654510255,0.0,0.0,-0.2413467166513503,0.4807820929883846,5
531884,-0.4463538294688619,-0.3751629211508731,0.5,0.5,1.0,0.75,0.0,0.6077208061600102,-0.2218539557031286,-0.7323949782604657,1.1240649009688228,0.0,0.0,0.0,0.0,1.0,1.135157854821107,0.0295904907946303,2
531921,0.8416617080359623,0.5740257630792477,-0.5,-0.5,0.0,0.0,0.0,-0.48141211600645,0.1350614931535953,-1.577882931182386,0.4308838440812761,0.0,0.0,-0.5358369345489745,0.0,1.8170594925112875,-0.1720181615035824,-1.7382852750732043,2
531926,0.7048919477645138,0.3939512500814855,-0.5,0.0,-1.0,1.5,0.0,-5.01837906474446,0.1350614931535953,2.2239010857415447,-1.7312471447788258,-5.8849491923617165,0.0,-1.945257774202184,4.496556105601924,0.0,-5.009979129451652,0.5920284308310677,4
531931,-1.0439545018741934,-1.151102915861414,-0.5,0.0,0.0,0.0,0.0,-0.2949391879553278,0.1350614931535953,1.223901085741545,-0.1423686188473956,1.8945304820059297,0.0,0.4641630654510255,0.0,0.0,-0.2300026977975727,0.5881813713420759,6
531959,-0.3863860394463917,-0.160989241751724,0.5,0.0,0.5,0.0,0.0,0.3532066768464575,-0.2218539557031286,-0.7323949782604657,1.3100019998680503,3.4424745961808574,0.0,-1.169597513510717,1.4475677406305645,1.8170594925112875,1.239345700015422,0.5894671559977607,2
531967,-0.1390812353406652,-1.0937450900539751,-1.5,-1.0,-1.0,0.0,0.0,-5.01837906474446,-0.658683161076804,-3.801784016923932,-1.7312471447788258,-5.8849491923617165,0.0,-1.945257774202184,0.0,0.0,,,1
531971,-0.1257925380823218,-0.6123631726854253,-0.5,0.0,0.0,0.0,0.0,-0.7797400984355424,0.69823228777992,0.0,0.0269891667947226,0.0,0.0,0.4641630654510255,0.0,0.0,-0.7631990821301592,-0.1845400618398139,0
531987,-0.4241872114614183,-0.3751629211508731,-0.5,0.0,-0.5,0.0,2.0,-0.5009628400646635,0.1350614931535953,0.0,0.0269891667947226,0.0,0.0,-0.5358369345489745,2.6303167041658844,0.0,-0.5329345553269259,-0.257269345206939,0
531989,0.6073326266914996,0.2135937313624968,0.0,0.0,0.5,1.0,0.0,0.1836432558911528,-0.0955123664504794,0.8454879529219202,0.5412403216331251,2.4424745961808583,0.0,-0.1695975135107168,0.0,1.2892242269941023,0.2579619288963139,0.8715870500190059,6
531994,0.4648111040779986,-0.0523696989290143,-0.5,0.0,0.0,0.0,0.0,-0.6617375002305357,0.1350614931535953,0.0,-0.3378778341536493,0.0,0.0,0.4641630654510255,0.0,0.0,-1.0458625175770475,0.191709006526166,0
532063,0.4353564122054657,1.145164842730202,1.5,2.0,2.0,0.0,0.6666666666666664,1.062408834220573,-0.0955123664504794,0.4390194395059628,-0.750610870578449,0.6795775573916313,0.0,0.4641630654510255,0.0,0.0,0.144863875808079,0.3637444759422815,5
532064,-0.3793240929122098,0.8133188749341947,-1.0,0.0,0.0,1.5,2.0,-0.6860215557564271,-0.658683161076804,0.0,1.4203584774198996,0.0,1.0986122886681096,1.8735839051042344,0.0,0.0,0.2141620197145507,1.083623071418565,5
532073,-0.6124633299611947,0.3354537328232688,1.0,1.5,0.5,0.6000000000000001,0.0,0.3646125823739102,0.2614030824062447,0.0,0.0269891667947226,0.0,0.0,-0.311497195240441,2.18274896353532,0.0,0.221167857588209,0.0404967100247661,5
532101,-1.1797846982931244,-1.6006803839406132,-1.0,-1.0,-0.5,0.0,0.0,-0.5250387180961157,-0.658683161076804,-3.801784016923932,2.0031830567555966,0.0,0.0,-1.945257774202184,0.0,3.10628371950539,0.6886397605523961,-5.846818380501243,3
532106,-0.0637486027703328,0.2135937313624968,0.5,0.5,1.0,0.0,0.0,0.400650243457655,0.1350614931535953,-0.7323949782604657,-0.3378778341536493,0.0,0.0,0.0,0.0,1.0,0.1558143081413232,0.6197976300773311,5
532119,-0.1670026748704246,0.4368293378606515,1.5,2.0,1.5,0.0,0.0,0.6953292714322369,-0.3569154488567242,0.8454879529219202,0.2582274885597975,0.0,0.0,0.1617063421381263,1.0,0.0,0.5357351147467273,1.073065739899031,5
532159,0.3439428987154379,0.2753642525262495,-0.5,-0.5,0.0,0.0,2.0,-0.4039196137942915,-0.658683161076804,-1.577882931182386,0.0269891667947226,1.8945304820059297,0.0,-0.5358369345489745,0.0,1.8170594925112875,0.0506728349645566,-0.5284940482323878,2
532215,-0.5109455735858626,0.2446949798295298,1.5,1.5,2.0,0.0,0.6666666666666664,0.7086137556814008,0.1350614931535953,-0.4772413011367771,0.2670046820929728,0.6795775573916313,0.0,0.1617063421381263,0.0,0.690813957738791,0.3663474796527047,0.8140016728114402,5
532225,0.6040945634182836,0.5740257630792477,0.0,0.5,0.5,0.0,0.0,0.3239975682904653,0.69823228777992,0.0,-1.0833673107571262,0.0,0.0,0.4641630654510255,0.0,0.0,-1.0573617477353463,0.1189797451933778,0
532233,-0.5079121361048262,-0.6817349135302966,0.5,0.5,0.0,0.0,0.0,-0.1739497081948526,0.1350614931535953,1.7466597846047676,0.0269891667947226,3.4424745961808574,0.0,-1.169597513510717,2.6303167041658844,1.0,0.1004480446808577,0.6523717981674197,6
532258,-0.5139842008683698,-0.7292238865448002,-0.5,0.0,0.0,0.0,0.0,0.2889970908764852,0.1350614931535953,2.2239010857415447,-0.3378778341536493,3.4424745961808574,0.0,0.4641630654510255,0.0,0.0,0.7587040129826006,-0.923217450188818,6
532259,1.809058223068855,0.9964830697690392,1.5,1.5,2.0,1.0,0.0,0.6307497735984421,0.1350614931535953,0.4390194395059628,0.1285072852083251,1.3087681003312956,0.0,0.1617063421381263,0.0,0.690813957738791,0.6912520961536134,0.5206480232267814,5
532279,0.5593774730535124,-0.2364889768829301,-1.0,-1.0,-0.5,3.0,0.0,-0.5169367479377983,-0.658683161076804,-3.801784016923932,1.521876595833502,3.4424745961808574,0.0,-1.945257774202184,0.0,3.10628371950539,0.8947663306087295,-5.846818380501243,3
532312,-1.910699622955212,-0.9565486648353788,0.0,0.5,0.5,1.0,1.3333333333333333,0.0342218975569808,0.69823228777992,0.0,-0.8521289889920516,0.0,0.0,0.4641630654510255,0.0,0.0,-1.043585380270807,-0.6257508399141772,0
532329,0.0924286178033191,-0.3146618177495106,-0.5,-0.5,0.0,0.0,0.0,0.2380233108279882,-0.658683161076804,-1.577882931182386,1.7852254783682713,0.0,0.0,-0.5358369345489745,0.0,1.8170594925112875,1.1161461064524558,-1.2539579430710943,2
532347,-0.8697151505580853,-0.7292238865448002,0.0,0.5,0.5,0.0,0.0,-0.0824939353333797,0.69823228777992,0.0,-1.0833673107571262,0.0,0.0,0.4641630654510255,0.0,0.0,-1.1204404585676184,0.2107121064385321,0
532361,-0.3034412922464608,-0.2364889768829301,0.5,0.5,0.5,0.75,0.0,0.4882048029839286,0.1350614931535953,-0.7323949782604657,-0.0833673107571263,0.0,0.0,-0.5358369345489745,1.4475677406305645,1.0,-0.082914523944089,-1.038422046417683,2
532365,-0.0190772748604111,-0.589715259924501,-1.0,-0.5,-0.5,0.0,0.0,-0.9105455787791988,0.69823228777992,3.801784016923932,0.5412403216331251,5.8849491923617165,0.0,0.4641630654510255,0.0,0.0,0.2431934787125451,-0.6107070017769068,6
532381,-0.7459403677042734,1.6725461358130267,0.5,1.0,1.5,1.8,0.8,0.2380233108279882,0.2614030824062447,-0.5778829311823854,0.2042491549703524,0.8092012510390698,0.4054651081081644,0.4641630654510255,0.0,1.0,0.0383666553963733,-0.0426763335491133,5
532387,0.2620343344116543,0.2135937313624968,0.0,0.5,0.5,0.0,0.0,0.2655457823371474,0.341316838923196,0.0,0.60981374613042,0.0,0.0,0.4641630654510255,0.0,0.0,0.3798437860832846,0.1373515266278452,5
532388,0.220959476096036,-0.1984164451611818,-0.5,-0.5,0.0,1.5,4.0,0.2921976281482574,-0.658683161076804,-1.577882931182386,0.4308838440812761,0.0,0.0,-0.5358369345489745,0.0,1.8170594925112875,0.3107327755027166,-1.455952613717389,2
532390,0.6688020543640528,0.3205839652723227,0.5,1.0,0.5,0.0,0.0,0.2112719082843872,0.1350614931535953,0.6460181545591593,0.0269891667947226,0.0,0.0,0.0,1.4475677406305645,0.0,0.0516104790378784,-0.0149901042583943,5
532410,-0.6421778623628336,0.7528177715328302,0.5,0.5,1.0,0.6000000000000001,1.6,0.2445805299477607,0.0,0.0,0.95788183388975,1.3087681003312956,0.4054651081081644,-0.5358369345489745,1.4475677406305645,1.8170594925112875,0.5105544927069515,0.1419880546373262,5
532426,-0.1449050061345249,-0.160989241751724,-1.0,-0.5,-0.5,0.0,0.0,0.1216076941696255,-0.658683161076804,0.0,1.7852254783682713,0.0,0.0,0.4641630654510255,0.0,0.0,1.096073959622074,0.4523809074518991,5
532432,0.101156287520233,-0.3957040193861091,-1.0,-1.0,-0.5,0.0,0.0,-0.7852653536731521,-0.658683161076804,-3.801784016923932,1.6158676927261533,0.0,0.0,-1.945257774202184,0.0,3.10628371950539,0.2477983691623483,-5.846818380501243,3
532433,-0.6729522473746467,-0.8024290039733696,0.0,0.0,0.5,0.0,1.3333333333333333,0.0671079604591404,-0.0955123664504794,0.0,0.1285072852083251,1.3087681003312956,0.0,-0.1695975135107168,0.0,1.2892242269941023,0.012732247957546,0.27260546725819,2
532500,0.2835154641577846,0.7405160565023101,0.5,1.0,0.5,0.0,1.0,0.416777020981638,0.1350614931535953,0.6460181545591593,-0.0833673107571263,0.0,0.0,0.0,1.4475677406305645,0.0,0.4449749533324457,0.9325114402210286,5
532519,-0.2489112391742098,-0.4373685033222146,0.0,0.0,0.5,0.0,0.0,0.2445805299477607,0.9999999999999998,0.0,0.4687463394429643,1.3087681003312956,0.0,-0.1695975135107168,0.0,1.2892242269941023,0.1000112650213384,-0.2449147644181028,2
532535,-1.0087835067679567,-0.8024290039733696,0.0,0.0,0.5,0.0,1.3333333333333333,0.3135303727602875,-0.0955123664504794,-1.0,0.60981374613042,1.3087681003312956,0.0,-0.1695975135107168,0.0,1.2892242269941023,0.8125934303202835,-0.7856595693306658,2
532544,0.1802841743997524,1.018346140816755,-1.0,0.0,0.0,1.5,2.0,-0.0897473379829274,-0.658683161076804,0.0,1.4203584774198996,0.0,1.0986122886681096,1.8735839051042344,0.0,0.0,0.7067227420723199,0.5328846240343532,5
532568,1.3328536537353184,0.8013505413698264,0.0,-0.5,0.5,0.0,1.3333333333333333,-0.0379512433783162,-0.658683161076804,-2.223901085741545,0.0269891667947226,1.3087681003312956,0.0,-0.9452577742021836,0.0,2.2892242269941026,-0.0278253163839039,-0.7757280425827414,2
532607,0.5177635367123676,0.7772174909202333,0.5,1.0,0.5,0.75,1.0,0.0108444019977208,0.69823228777992,0.6460181545591593,-0.3378778341536493,0.0,0.0,0.0,1.4475677406305645,0.0,-0.4384432325389078,0.1287452381575362,5
532622,0.5041013369334673,0.5606834135017086,0.0,0.5,0.5,1.0,0.0,0.3978368905786776,-0.0955123664504794,0.0,-0.6566197736857983,0.0,0.0,0.4641630654510255,0.0,0.0,-0.462674377382595,-0.2275751394486039,5
532623,0.7502410636387984,0.0,-0.5,0.0,0.0,0.0,0.0,-0.1820387150016389,0.1350614931535953,0.0,-0.8521289889920516,0.0,0.0,0.4641630654510255,0.0,0.0,-1.0300774007451097,-0.5863341555775266,0
532627,-0.4549132542926066,-1.5305744279146267,-1.5,-1.0,-1.0,0.0,0.0,-5.01837906474446,-0.658683161076804,-3.801784016923932,-1.7312471447788258,-5.8849491923617165,0.0,-1.945257774202184,0.0,0.0,,,1
532637,-0.1055405830405939,-0.5013773948113078,-0.5,-1.0,0.0,1.5,0.0,0.0279102695096463,-0.658683161076804,-3.801784016923932,0.9061073225814968,0.0,0.0,-1.945257774202184,0.0,3.10628371950539,0.5291782083299216,-5.846818380501243,3
532650,-0.2263520655628703,-0.1796235475848035,1.0,1.0,1.0,0.0,0.8,0.6531660471245939,0.0,-0.5778829311823854,0.3100019998680502,0.0,0.0,-0.311497195240441,1.18274896353532,0.8170594925112873,0.6327963111273,0.0618995259712025,5
532651,0.2075042813394017,-0.4164379946042029,-0.5,-0.5,0.0,0.0,0.0,0.1871467886081523,-0.658683161076804,-1.577882931182386,0.1763733206847534,0.0,0.0,-0.5358369345489745,0.0,1.8170594925112875,0.1693870969172304,-1.9063254868437065,2
532653,-0.7546253591591585,0.3939512500814855,0.5,1.0,1.0,0.0,2.0,0.1923749237130809,-0.658683161076804,0.6460181545591593,0.6427584400467276,1.0,0.0,0.4641630654510255,0.0,0.0,0.5488716542106225,1.0194162796036814,5
532656,0.0375505998345391,-0.3957040193861091,-0.5,0.0,0.0,1.5,0.0,0.0151433827745718,0.69823228777992,0.0,-1.2169959899404237,0.0,0.0,0.4641630654510255,0.0,0.0,-1.110354641666316,0.2999793663367552,0
532705,0.1939463741786511,-0.2948576299622514,-0.5,-0.5,0.0,0.0,0.0,-0.3761772427418038,-0.658683161076804,-1.577882931182386,0.1763733206847534,0.0,0.0,-0.5358369345489745,0.0,1.8170594925112875,-0.9601501226225,-0.3233488765750211,2
532710,-0.9703588531690246,-0.9039711300422292,-1.0,-0.5,-0.5,0.0,0.0,0.0236760977630713,0.69823228777992,0.0,-1.7312471447788258,0.0,0.0,0.4641630654510255,0.0,0.0,-5.009979129451652,-0.944268314921626,0
532711,-0.4449602811718662,0.0679485038398385,-0.5,-0.5,0.0,0.0,0.0,0.3964744104466404,0.1350614931535953,-1.577882931182386,1.251000691777781,0.0,0.0,-0.5358369345489745,0.0,1.8170594925112875,0.7081528468363351,-1.92451128630875,2
532721,-0.2436797855732951,-0.5013773948113078,0.0,0.0,0.5,0.0,0.0,-0.5049280163443585,-0.0955123664504794,0.0,0.0269891667947226,1.3087681003312956,0.0,-0.1695975135107168,0.0,1.2892242269941023,-0.3586762253022061,-0.5155524533574274,2
532725,0.2222994061583828,1.1858692605047223,-1.0,0.0,0.0,1.5,2.0,-0.0198787349251427,-0.658683161076804,0.0,0.5412403216331251,0.0,1.0986122886681096,1.8735839051042344,0.0,0.0,0.2178581248765996,-0.1561099333673911,5
532730,-0.8561431155344914,-0.8273801410529529,-0.5,-0.5,0.0,1.5,0.0,0.0487677306243735,0.1350614931535953,-1.577882931182386,1.055491476471528,0.0,0.0,-0.5358369345489745,0.0,1.8170594925112875,0.5742665652814171,-1.580971544203567,2
532742,0.242277988173453,1.0720751208824848,0.0,0.5,0.5,1.0,0.0,-0.026610582219974,-0.0955123664504794,0.0,-0.3378778341536493,0.0,0.0,0.4641630654510255,0.0,0.0,-0.4412986422840863,0.2430256609754195,5
532748,-1.057669451982427,1.103695978225202,1.0,1.0,1.5,0.0,0.8,0.6651463210481533,0.4919769420103195,-0.5778829311823854,-0.9857576681753486,0.0,0.0,0.0979236444127681,0.0,0.8170594925112873,-0.7816495104724529,0.4263374531254563,5
532750,-0.0578577940088147,-0.7292238865448002,-0.5,0.0,-0.5,1.5,0.0,-0.0425305938046579,0.1350614931535953,1.223901085741545,-0.3378778341536493,0.0,0.0,-0.5358369345489745,2.6303167041658844,0.0,-0.4355995333245546,0.0707399390316265,0
532774,-0.1607598662869653,-1.151102915861414,-1.5,-1.0,-1.0,0.0,0.0,-5.01837906474446,-0.658683161076804,-3.801784016923932,-1.7312471447788258,-5.8849491923617165,0.0,-1.945257774202184,0.0,0.0,,,1
532810,-1.0087835067679567,-0.0347747680912913,0.0,0.5,0.5,0.0,0.0,0.4795140258739212,0.341316838923196,0.8454879529219202,0.3100019998680502,1.3087681003312956,0.0,0.4641630654510255,0.0,0.0,0.6707596272938631,0.4874843301447501,6
532823,-0.2541581476087982,0.0171841500464987,0.5,0.5,0.5,0.75,0.0,0.2462118923246622,0.1350614931535953,-0.7323949782604657,-0.0833673107571263,0.0,0.0,-0.5358369345489745,1.4475677406305645,1.0,-0.2565230821639107,0.0734106197169866,5
532835,-0.4908198374041411,-1.0378395182527564,-0.5,-0.5,-0.5,0.0,0.0,-1.208327224409779,0.1350614931535953,-1.577882931182386,0.0269891667947226,0.0,0.0,-1.945257774202184,2.6303167041658844,1.8170594925112875,-1.117905217401152,-0.3466406259087034,0
532843,-0.0137149501082336,-0.3146618177495106,0.0,0.0,0.5,0.0,1.3333333333333333,0.0909566770942003,-0.658683161076804,-1.0,0.0269891667947226,0.0,0.0,-0.1695975135107168,0.0,1.2892242269941023,0.0032527752003425,-0.0939305390093836,2
532863,-1.288940706935155,-0.6352457830218333,0.5,0.5,1.0,1.5,2.0,0.2462118923246622,-0.658683161076804,-0.7323949782604657,0.6427584400467276,1.0,0.0,0.0,0.0,1.0,0.6723633947459708,-0.0447503678904768,2
532866,1.9531167577469664,1.4870197192823456,0.5,1.0,1.0,0.0,2.0,0.7481537228230543,0.9288061473839948,0.6460181545591593,-0.2363597157400465,1.0,0.0,0.4641630654510255,0.0,0.0,0.2861198670535094,0.6792635544272538,5
532901,-0.7397627016032954,-1.4294200030383808,-1.0,-0.5,-0.5,0.0,0.0,-0.9568175085094904,0.69823228777992,0.0,-0.8521289889920516,0.0,0.0,0.4641630654510255,0.0,0.0,-1.6676552461113974,-1.7599628253081887,0
532905,0.2456804359829873,-0.5451046085908845,-1.5,-1.0,-1.0,0.0,0.0,-5.01837906474446,-0.658683161076804,-3.801784016923932,-1.7312471447788258,-5.8849491923617165,0.0,-1.945257774202184,0.0,0.0,,,1
532912,-1.798579861033352,-0.7777566563817965,0.5,1.0,0.5,1.5,1.0,-0.1553719829504427,0.69823228777992,1.223901085741545,0.5412403216331251,2.4424745961808583,0.0,0.0,1.4475677406305645,0.0,0.3707375258715586,0.9038756478980712,6
532941,-0.0855169525367521,1.3321579827534449,0.5,1.0,1.0,0.6000000000000001,0.8,-0.0109857932266889,0.2614030824062447,0.5227586988632229,0.4687463394429643,0.0,0.4054651081081644,0.0,1.4475677406305645,1.0,0.341754108536168,1.0812733487007842,5
532989,0.6856493195217961,0.6524299330683321,1.0,1.0,1.5,0.0,0.0,0.9043189016296518,0.0,-0.5778829311823854,-0.1066395123885741,0.0,0.0,0.0979236444127681,0.0,0.8170594925112873,0.4393734066469176,0.7469508459692094,5
533048,-0.247414965106435,-0.9301034129840848,-1.0,-1.0,-0.5,0.0,4.0,-0.9235088868461168,-0.658683161076804,-3.801784016923932,-0.3378778341536493,3.4424745961808574,0.0,-1.945257774202184,0.0,3.10628371950539,-0.7954988397824971,-5.846818380501243,3
533093,0.0950000345162837,-0.1241858541912811,-0.5,-0.5,0.0,0.0,0.0,-0.3493192428921639,0.1350614931535953,-1.577882931182386,0.0269891667947226,0.0,0.0,-0.5358369345489745,0.0,1.8170594925112875,-0.4262038924568046,-0.32236360661431,2
533117,-0.1670026748704246,-0.8526164401574539,-0.5,0.0,-0.5,0.0,0.0,-0.9366747547804596,-0.658683161076804,0.0,-0.3378778341536493,0.0,0.0,-0.5358369345489745,2.6303167041658844,0.0,-1.1731949930302528,-0.8864196116076911,0
533123,0.179304269705432,0.0342356026297282,-0.5,0.0,-0.5,0.0,0.0,-0.6522165130024442,0.1350614931535953,0.0,0.0269891667947226,0.0,0.0,-0.5358369345489745,2.6303167041658844,0.0,-0.6578318210183361,-0.4868139118473594,0
533129,-0.1504037015898025,0.1661047583479931,1.0,1.0,1.0,1.2000000000000002,0.8,0.645083506449628,-0.30176771222008,-0.5778829311823854,-0.0548650010803214,0.0,0.0,-0.311497195240441,1.18274896353532,0.8170594925112873,0.3457352633743901,0.0485922029551399,5
533155,0.0844851813676359,-0.1241858541912811,0.0,0.5,0.5,1.0,2.6666666666666665,0.6581785449791243,0.69823228777992,0.8454879529219202,-0.4872619880436798,1.3087681003312956,0.0,0.4641630654510255,0.0,0.0,0.4938473156352357,0.7665405607061928,5
533187,0.0919138874089315,-0.7777566563817965,-1.0,-1.0,-0.5,0.0,4.0,-1.155092782707833,-0.658683161076804,-3.801784016923932,1.055491476471528,0.0,0.0,-1.945257774202184,0.0,3.10628371950539,-0.4306979142583662,-5.846818380501243,3
533199,0.8955165749326622,1.1554115067637536,0.0,0.5,0.5,1.0,0.0,0.4404028230702462,-0.0955123664504794,0.0,-0.6566197736857983,0.0,0.0,0.4641630654510255,0.0,0.0,-0.2392055280639274,-0.0121470555850631,5
533204,-0.2306681727012954,-1.2400338123026975,-1.5,-1.0,-1.0,0.0,0.0,-5.01837906474446,-0.658683161076804,-3.801784016923932,-1.7312471447788258,-5.8849491923617165,0.0,-1.945257774202184,0.0,0.0,,,1
533211,1.2815908818453383,0.6266032978723975,0.5,1.0,0.5,0.0,1.0,0.4696582346021785,0.1350614931535953,0.0,0.5412403216331251,0.0,0.0,0.0,1.4475677406305645,0.0,0.6031978944941315,0.4134298279763428,5
533222,0.2303178270618515,0.2753642525262495,0.0,0.0,0.5,0.0,1.3333333333333333,0.720764581063742,0.69823228777992,-1.0,0.60981374613042,0.0,0.0,-0.1695975135107168,0.0,1.2892242269941023,0.8796887342169089,-0.0039635343599469,2
533248,-0.961207165276719,-0.2364889768829301,0.0,0.5,0.5,1.0,0.0,0.3044538210306228,0.69823228777992,0.8454879529219202,-0.4872619880436798,1.3087681003312956,0.0,0.4641630654510255,0.0,0.0,-0.4968787552170201,0.8808507997837391,6
533251,-0.0696590149249183,-0.7053517390478198,-0.5,0.0,0.0,0.0,0.0,0.4390167677158822,0.1350614931535953,0.0,-0.3378778341536493,0.0,0.0,0.4641630654510255,0.0,0.0,-0.0389148412891726,-0.3271825346406651,0
533283,0.4739683070900491,0.5472599549180527,0.5,1.0,0.5,0.0,0.0,-0.1320728467704322,0.1350614931535953,1.223901085741545,-0.8521289889920516,2.4424745961808583,0.0,0.0,1.4475677406305645,0.0,-0.6461996951433685,0.6194451549570185,6
533291,0.2737835098716158,0.0511563914573724,1.5,2.0,2.0,0.0,0.0,0.5217693477594784,0.5278974945717202,0.8454879529219202,0.0787636781029754,1.3087681003312956,0.0,0.4641630654510255,0.0,0.0,0.4827161365120324,1.162420322946084,5
533302,-0.4733949737513234,-0.8024290039733696,0.0,0.0,0.5,1.0,1.3333333333333333,0.2494651720590502,-0.658683161076804,-1.0,0.0269891667947226,0.0,0.0,-0.1695975135107168,0.0,1.2892242269941023,-0.1256427031499003,-0.2373469167188379,2
533327,0.3944976243498541,-0.1060116599355281,0.5,-0.5,1.0,1.5,0.0,0.6875754647141729,-0.2218539557031286,-2.5778829311823865,0.8242531547064528,0.0,0.0,-1.169597513510717,0.0,2.5078734502500786,1.1195918545788326,-0.4487490993529719,2
533357,-0.3147323487952075,0.3648961975046188,1.0,1.0,1.0,0.6000000000000001,0.8,0.0630667133623977,0.0,-0.5778829311823854,-0.2363597157400465,0.0,0.0,-0.311497195240441,1.18274896353532,0.8170594925112873,-0.2935906022539584,0.7043764934376672,5
533378,0.5211627285889953,-0.0701059560259865,0.0,0.5,0.0,1.0,0.0,-0.1118898841031928,0.69823228777992,0.0,0.6427584400467276,0.0,0.0,-0.1695975135107168,1.8662394014360388,0.0,-0.0616295472765821,0.1817773384956491,0
533388,0.397620855893381,-0.1796235475848035,-1.0,-0.5,-0.5,0.0,0.0,-1.0425794443368617,1.491976942010319,3.801784016923932,1.4203584774198996,3.4424745961808574,0.0,0.4641630654510255,0.0,0.0,0.399125781829846,0.1775572785275697,6
533393,0.4189456702109945,-0.1984164451611818,-1.0,-1.0,-0.5,0.0,0.0,-0.7579944165917915,-0.658683161076804,-3.801784016923932,0.3100019998680502,0.0,0.0,-1.945257774202184,0.0,3.10628371950539,-0.54612140639636,-5.846818380501243,3
533396,-0.3147323487952075,0.5740257630792477,1.0,1.5,1.5,0.6000000000000001,0.8,0.941496727380615,0.2614030824062447,0.0,-0.1066395123885741,0.0,0.0,0.4641630654510255,0.0,0.0,0.6378274650667509,0.4279461119991982,5
533402,-0.7430547826448339,-0.9565486648353788,0.0,0.0,0.0,1.0,1.3333333333333333,-0.0970637232090711,0.341316838923196,-1.0,1.055491476471528,0.0,0.0,-0.9452577742021836,1.8662394014360388,1.2892242269941023,0.5669525151550214,-0.6233745053133792,2
533404,-1.8195987715931643,1.5045448282314982,0.5,1.0,1.0,0.6000000000000001,1.6,0.8746435875289494,-0.30176771222008,-1.2239010857415449,0.0269891667947226,1.8945304820059297,0.4054651081081644,0.0,1.4475677406305645,1.0,0.9064615389604924,0.496691407552509,5
533411,0.0725030142730446,0.963277148732632,0.5,1.0,0.5,0.0,0.0,0.6690331210943811,0.1350614931535953,0.0,-0.6566197736857983,0.0,0.0,0.0,1.4475677406305645,0.0,-0.360371550563772,0.3313357225249717,5
533449,0.0028439993481279,-0.0523696989290143,-1.0,-0.5,-0.5,0.0,0.0,-0.7852653536731521,0.69823228777992,0.0,-0.8521289889920516,0.0,0.0,0.4641630654510255,0.0,0.0,-1.5264822375507443,-0.1281157964364424,0
533464,1.307225430959431,0.6652308508706292,-0.5,0.0,-0.5,0.0,0.0,-0.97745360289212,0.69823228777992,0.0,-0.8521289889920516,0.0,0.0,-0.5358369345489745,2.6303167041658844,0.0,-1.6846370178164318,-0.0366251874836095,0
533490,-0.7201373393404769,-0.589715259924501,0.5,1.0,0.5,0.75,1.0,0.0549256026441173,-0.2218539557031286,0.0,0.3100019998680502,0.0,0.0,0.0,1.4475677406305645,0.0,0.1485196889304515,0.0073416700782192,5
533492,0.7688000330665756,-0.0523696989290143,0.0,0.5,0.0,1.0,1.3333333333333333,0.0065233750692196,0.69823228777992,1.577882931182386,-0.3378778341536493,0.0,0.0,-0.1695975135107168,1.8662394014360388,0.0,-0.4355995333245546,0.6572656429852186,0
533497,-0.133958424712661,0.2905406156119291,1.0,1.5,0.5,0.6000000000000001,0.8,0.3150336709368571,0.2614030824062447,0.0,-0.6566197736857983,0.0,0.0,-0.311497195240441,2.18274896353532,0.0,-0.373739300116854,0.5735133977007926,5
533518,-0.9148720884141042,-0.4373685033222146,0.0,0.5,0.5,0.0,1.3333333333333333,0.4684071602751417,-0.0955123664504794,1.577882931182386,0.222498382100976,2.4424745961808583,0.0,0.4641630654510255,0.0,0.0,0.5734944799704461,0.9137839895514672,6
533527,-0.6251373048241939,-1.2704915660436666,-1.0,-0.5,-0.5,3.0,4.0,-1.0425794443368617,1.491976942010319,0.0,0.5412403216331251,0.0,0.0,0.4641630654510255,0.0,0.0,-0.7397048075891625,-1.4013538431749482,0
533537,0.1871284110521476,0.2753642525262495,0.0,0.0,0.0,1.0,1.3333333333333333,0.0929139332691932,-0.658683161076804,-1.0,1.251000691777781,0.0,0.0,-0.9452577742021836,1.8662394014360388,1.2892242269941023,0.8023875671335498,-0.2953172319196295,2
533542,0.3266611618818428,0.3056133849682904,1.0,1.5,1.0,0.6000000000000001,0.0,0.6481235520966053,0.4919769420103195,1.0,-0.1423686188473956,1.0,0.0,0.0979236444127681,1.18274896353532,0.0,0.5927579994303142,0.9241359956956138,5
533550,0.0075739015134857,0.1338683882105274,-0.5,0.0,0.0,1.5,0.0,-0.3169076160410869,0.1350614931535953,0.0,-0.3378778341536493,0.0,0.0,0.4641630654510255,0.0,0.0,-0.8070395392561132,-0.3463975095767296,0
533573,-1.554900075460056,-1.2704915660436666,-0.5,0.0,-0.5,1.5,0.0,-1.190206130204569,0.69823228777992,0.0,-1.7312471447788258,0.0,0.0,-0.5358369345489745,2.6303167041658844,0.0,-5.009979129451652,-0.9729723870695252,0
533575,-0.0519864590307947,0.084613882090961,0.5,1.0,1.0,0.75,0.0,0.3105157062011116,0.4368292053736752,0.0,-0.2363597157400465,0.0,0.0,0.4641630654510255,0.0,0.0,-0.2105865739875094,-0.3694339307695315,5
533598,-0.0368112081334465,0.1175719885109969,0.0,0.5,0.5,1.0,1.3333333333333333,0.0731337196642206,-0.658683161076804,0.0,0.7957508450296478,0.0,0.0,0.4641630654510255,0.0,0.0,0.5006472209524641,-0.6667236232955984,5
533613,-0.1136136751833011,0.2600828618709601,0.0,0.5,0.5,0.0,1.3333333333333333,0.6399207656986082,-0.0955123664504794,0.0,-0.0833673107571263,0.0,0.0,0.4641630654510255,0.0,0.0,0.1156200752689238,-0.046525347227391,5
533617,0.7749435093179284,0.4083366568994223,0.0,0.5,0.5,0.0,0.0,-0.0540890522040309,0.341316838923196,0.0,0.222498382100976,0.0,0.0,0.4641630654510255,0.0,0.0,-0.0324640836026331,0.2561332003364558,5
533656,1.2215698895758451,0.5740257630792477,-0.5,0.0,-0.5,1.5,2.0,-1.0732227632892712,0.69823228777992,2.2239010857415447,0.7367495369393785,3.4424745961808574,0.0,-0.5358369345489745,2.6303167041658844,0.0,-0.0818914088836307,0.0896017314509142,6
533716,0.1400589179831235,-0.1984164451611818,0.0,0.5,-0.5,0.0,2.6666666666666665,-0.9636402049320868,0.341316838923196,0.0,0.3100019998680502,0.0,0.0,-0.9452577742021836,3.313807142066604,0.0,-0.7517627412458666,0.1536544184229516,0
533742,0.7857046820611924,0.1978772796996186,0.0,0.5,0.0,1.0,1.3333333333333333,-0.6860215557564271,0.341316838923196,0.0,-0.8521289889920516,0.0,0.0,-0.1695975135107168,1.8662394014360388,0.0,-1.4448129309410098,0.0466010786751045,0
533755,0.7226655635587118,1.3321579827534449,-1.0,0.0,0.0,1.5,4.0,-0.4473248357301356,0.69823228777992,2.2239010857415447,1.6158676927261533,0.0,1.0986122886681096,1.8735839051042344,0.0,0.0,0.4917396396026195,1.083623071418565,5
533759,-0.9848360354735852,-0.7777566563817965,0.0,0.0,0.5,0.0,0.0,0.3910984183645553,-0.0955123664504794,-1.0,1.270974323529869,0.0,0.0,-0.1695975135107168,0.0,1.2892242269941023,0.8645371340607463,-0.604050278528815,2
533773,0.1578564807781902,0.1338683882105274,0.5,0.5,0.5,0.75,0.0,0.427359243645891,0.1350614931535953,0.0,0.7367495369393785,1.3087681003312956,0.0,-0.5358369345489745,1.4475677406305645,1.0,0.7977390695031052,0.2878993948694947,5
533782,-0.3680830603664354,-0.4798342762580817,0.0,0.0,0.5,0.0,0.0,0.0691213387276551,0.341316838923196,-1.0,0.3918561677430946,0.0,0.0,-0.1695975135107168,0.0,1.2892242269941023,0.2690066651376423,0.5699046779289956,2
533809,-0.2214321809392972,-0.0173189290703666,-0.5,0.0,0.0,0.0,0.0,-0.4436211005163201,0.1350614931535953,1.223901085741545,-0.3378778341536493,1.8945304820059297,0.0,0.4641630654510255,0.0,0.0,-0.6925752730565561,0.0284860687809938,6
533827,0.5182495340374421,0.5472599549180527,-1.0,-1.0,-0.5,3.0,0.0,-1.501047011525147,-0.658683161076804,-3.801784016923932,1.055491476471528,0.0,0.0,-1.945257774202184,0.0,3.10628371950539,-0.6830486976755982,-5.846818380501243,3
533846,-0.1031257937992584,-0.0879858281037825,0.0,0.0,0.0,0.0,1.3333333333333333,-0.18475239980928,0.341316838923196,-1.0,0.1763733206847534,0.0,0.0,-0.9452577742021836,1.8662394014360388,1.2892242269941023,-0.0655016864226632,-0.2956861795979805,2
533859,-0.2436797855732951,0.1978772796996186,0.5,1.0,1.0,0.75,0.0,0.2591503178234521,0.1350614931535953,0.6460181545591593,0.4308838440812761,1.0,0.0,0.4641630654510255,0.0,0.0,0.3659903087897801,0.7744779497888227,5
533895,0.7993070904456361,0.2600828618709601,-0.5,0.0,-0.5,0.0,0.0,-0.4039196137942915,-0.658683161076804,0.0,-0.8521289889920516,0.0,0.0,-0.5358369345489745,2.6303167041658844,0.0,-1.2126667366504698,-0.5123967187797762,0
533908,-0.3068210786391651,-0.8273801410529529,-1.0,-0.5,-0.5,0.0,0.0,-0.7964257605994532,-0.658683161076804,0.0,0.0269891667947226,0.0,0.0,0.4641630654510255,0.0,0.0,-0.7769906731033674,-1.0883358290746603,0
533932,0.712531001318998,1.2940854510316966,0.0,0.5,0.5,1.5,2.0,-0.716117555167371,0.9288061473839948,1.7466597846047676,0.6427584400467276,1.8945304820059297,0.5108256237659907,-0.1695975135107168,1.8662394014360388,1.2892242269941023,-0.1836281597860115,1.1257086234576557,5
533975,0.7201373393404776,-0.1796235475848035,0.0,-1.0,0.5,1.0,2.6666666666666665,0.6223752437865537,-0.658683161076804,-3.801784016923932,0.5412403216331251,0.0,0.0,-1.945257774202184,0.0,3.10628371950539,0.7558678044052739,-5.846818380501243,3
533985,-0.3982187095513057,-0.3146618177495106,-0.5,0.0,-0.5,0.0,0.0,-0.5624937023138106,0.69823228777992,1.223901085741545,0.3100019998680502,3.4424745961808574,0.0,-0.5358369345489745,2.6303167041658844,0.0,0.0956282688433991,0.2520051233166924,6
533990,0.1316214806736528,0.0,1.0,1.0,1.0,1.2000000000000002,0.0,0.2146626509062495,-0.30176771222008,0.0,0.4872619880436801,1.0,0.0,-0.311497195240441,1.18274896353532,0.8170594925112873,0.7494551571350249,0.3349765028470319,5
534040,0.2007382647247517,-0.3957040193861091,-0.5,-0.5,0.0,0.0,0.0,0.036315310818796,-0.658683161076804,-1.577882931182386,1.3100019998680503,3.4424745961808574,0.0,-0.5358369345489745,0.0,1.8170594925112875,0.8141551149591757,-1.1367356685508134,2
534045,-0.8136366748123411,-1.1222377710152045,-0.5,0.0,-0.5,0.0,0.0,-0.9300661059658892,0.1350614931535953,1.223901085741545,-0.3378778341536493,3.4424745961808574,0.0,-0.5358369345489745,2.6303167041658844,0.0,-0.6884764176533754,0.0188775023047523,6
534066,1.6425187317226098,0.5606834135017086,1.0,1.5,1.0,0.6000000000000001,0.8,-0.0243606518992428,0.0,0.0,-0.3378778341536493,0.0,0.0,0.0979236444127681,1.18274896353532,0.0,-0.544127319967195,0.3849532639203012,5
534082,-0.9475674487685556,-2.1202896878391284,-1.5,-1.0,-1.0,0.0,0.0,-5.01837906474446,-0.658683161076804,-3.801784016923932,-1.7312471447788258,-5.8849491923617165,0.0,-1.945257774202184,0.0,0.0,,,1
534088,1.1495437385660767,0.2291991117677428,0.0,0.0,0.0,1.0,0.0,0.218039803340864,-0.0955123664504794,-1.0,0.1763733206847534,0.0,0.0,-0.9452577742021836,1.8662394014360388,1.2892242269941023,0.1311944075747977,-0.628622487945778,2
534105,0.7201373393404776,0.5606834135017086,1.5,2.0,1.5,0.4999999999999998,0.6666666666666664,0.2044492118617907,-0.0955123664504794,0.4390194395059628,0.6621221658463508,0.8092012510390698,0.0,0.1617063421381263,1.0,0.0,0.5774780230489152,0.8483205954633568,5
534179,0.6778935115054123,0.3056133849682904,0.5,0.5,1.0,1.5,1.0,0.3239975682904653,0.1350614931535953,-0.7323949782604657,0.2449467451820483,0.0,0.0,0.0,0.0,1.0,0.2235118705927024,0.0590413942289497,5
534190,1.2815908818453383,0.7528177715328302,-0.5,-0.5,0.0,0.0,0.0,-0.203996919301769,-0.658683161076804,-1.577882931182386,0.7367495369393785,0.0,0.0,-0.5358369345489745,0.0,1.8170594925112875,0.1578270459451951,-1.6479571005822482,2
534246,-0.4221232051705569,-0.589715259924501,-0.5,-0.5,0.0,0.0,0.0,-0.158000997265679,-0.658683161076804,-1.577882931182386,0.7367495369393785,0.0,0.0,-0.5358369345489745,0.0,1.8170594925112875,0.0562797740333181,-2.493470441840261,2
534254,0.2091917657546151,-0.3146618177495106,-1.0,-0.5,-0.5,3.0,0.0,-0.6106552906169129,-0.658683161076804,0.0,0.0269891667947226,0.0,0.0,0.4641630654510255,0.0,0.0,-0.6235049814310731,-0.517662781160959,0
534295,-0.3102073088611108,-0.2752294817283874,0.0,0.5,0.5,1.0,0.0,-0.3592909380231978,0.341316838923196,1.577882931182386,0.5412403216331251,2.4424745961808583,0.0,0.4641630654510255,0.0,0.0,0.4692518748821629,0.8342569779244121,6
534333,0.5182495340374421,0.2135937313624968,-0.5,0.0,0.0,0.0,0.0,-0.48141211600645,-0.658683161076804,1.223901085741545,-0.1423686188473956,1.8945304820059297,0.0,0.4641630654510255,0.0,0.0,0.0135741286217314,0.0066723874562949,6
534351,-1.2310829129263403,0.728145423941257,2.0,2.5,2.5,0.4285714285714284,0.5714285714285712,1.1221079031984285,0.39646457555984,0.0,0.6838960809435909,0.0,0.0,0.4641630654510255,0.0,0.0,1.043549994278992,0.9537180241709372,5
534360,1.501610551650778,0.9408591679901256,1.0,1.5,1.0,0.6000000000000001,0.8,0.4595972385962305,-0.30176771222008,0.5227586988632229,-0.1423686188473956,0.0,0.0,0.0979236444127681,1.18274896353532,0.0,-0.0033340220229016,0.6762637205729276,5
534378,-0.9050984807967888,-1.4294200030383808,-1.0,-0.5,-0.5,0.0,0.0,-1.2849798995769686,0.69823228777992,0.0,-0.8521289889920516,0.0,0.0,0.4641630654510255,0.0,0.0,-1.937705319732742,-0.2211144897035041,0
534380,0.4126395309490205,0.4368293378606515,0.0,0.5,0.5,2.0,0.0,0.0279102695096463,-0.0955123664504794,0.8454879529219202,0.60981374613042,0.0,0.0,0.4641630654510255,0.0,0.0,0.0253516973212241,0.7887473520723943,5
534391,-0.9072657503926238,-0.4164379946042029,0.0,0.5,0.5,2.0,0.0,0.2010170343893152,0.341316838923196,0.0,0.222498382100976,0.0,0.0,0.4641630654510255,0.0,0.0,0.320147596164214,0.0152086386820196,5
534445,0.9710034059077371,2.050740151656545,0.0,1.0,0.5,0.75,1.0,-0.1371950412950404,-0.658683161076804,0.6460181545591593,-1.0833673107571262,1.3087681003312956,0.5108256237659907,0.4641630654510255,1.8662394014360388,0.0,-1.260712804009117,0.8503450404492249,5
534474,-0.6076479346569527,0.1661047583479931,0.5,1.0,0.5,0.0,0.0,-0.203996919301769,0.4368292053736752,0.0,0.9061073225814968,0.0,0.0,0.0,1.4475677406305645,0.0,0.530588488856546,0.7223760234854656,5
534499,0.5399829050491445,-0.2948576299622514,-1.0,-1.0,-0.5,0.0,0.0,-1.4507276796498856,-0.658683161076804,-3.801784016923932,-0.3378778341536493,0.0,0.0,-1.945257774202184,0.0,3.10628371950539,-1.598524937374849,-5.846818380501243,3
534564,-0.5147446706780621,-0.6817349135302966,-1.0,-0.5,-0.5,0.0,0.0,-0.656963558822875,-0.658683161076804,0.0,-0.8521289889920516,0.0,0.0,0.4641630654510255,0.0,0.0,-1.4209006410967389,-0.9071181533353484,0
534586,0.6961211782693146,-0.2752294817283874,-1.5,-1.0,-1.0,0.0,0.0,-5.01837906474446,-0.658683161076804,-3.801784016923932,-1.7312471447788258,-5.8849491923617165,0.0,-1.945257774202184,0.0,0.0,,,1
534594,-0.6367381116681852,-1.1803503916127198,-0.5,-0.5,0.0,0.0,0.0,0.1217399509351415,-0.658683161076804,-1.577882931182386,1.4203584774198996,3.4424745961808574,0.0,-0.5358369345489745,0.0,1.8170594925112875,1.817054601313989,-1.5817183039773433,2
534604,0.2142446204098905,-0.6352457830218333,-1.0,-0.5,-1.0,0.0,0.0,-5.01837906474446,1.491976942010319,2.2239010857415447,-1.7312471447788258,-5.8849491923617165,0.0,-1.945257774202184,4.496556105601924,0.0,-5.009979129451652,0.1281725155355959,4
534607,0.013609853672604,0.3648961975046188,0.5,1.0,0.5,0.0,0.0,0.2860020237305984,0.9288061473839948,0.6460181545591593,-0.3378778341536493,1.3087681003312956,0.0,0.0,1.4475677406305645,0.0,-0.0425867113598122,0.2759324088840668,5
534608,0.2102034873504153,0.3648961975046188,0.5,1.0,1.0,1.5,0.0,0.1676945449619792,0.4368292053736752,0.0,-0.4482343117054982,0.0,0.0,0.4641630654510255,0.0,0.0,-0.4150946398171306,0.3209246870773837,5
534661,0.4412865586609458,-0.3146618177495106,-1.0,-1.0,-0.5,0.0,4.0,-0.5582488651021621,-0.658683161076804,-3.801784016923932,0.9061073225814968,0.0,0.0,-1.945257774202184,0.0,3.10628371950539,-0.192698238324645,-5.846818380501243,3
534688,-0.5991193362117582,0.0,1.0,1.0,1.5,0.0,1.6,0.605595714480067,0.4919769420103195,0.0,0.2582274885597975,0.8092012510390698,0.0,0.0979236444127681,0.0,0.8170594925112873,0.6600538144807806,-0.2787528580869543,5
534697,1.2212973387867887,0.8252226888668068,-0.5,-0.5,0.0,1.5,0.0,-0.6762237894947197,-0.658683161076804,-1.577882931182386,0.4308838440812761,1.8945304820059297,0.0,-0.5358369345489745,0.0,1.8170594925112875,-0.1245244087940935,-1.0248823084825565,2
534703,-0.3906367248739933,0.7031942868616717,-0.5,0.5,0.5,2.0,2.6666666666666665,0.4595972385962305,-0.658683161076804,0.0,0.0269891667947226,0.0,0.6931471805599453,1.2398233261424922,0.0,0.0,0.2723542253754898,0.1050856470302321,5
534742,-0.6421778623628336,-0.2948576299622514,-0.5,-0.5,0.0,1.5,0.0,-0.4145631035827674,-0.658683161076804,-1.577882931182386,-0.1423686188473956,0.0,0.0,-0.5358369345489745,0.0,1.8170594925112875,-0.5550540605181377,-0.836313654897695,2
534747,0.5514662028974684,0.5740257630792477,0.5,0.5,1.0,0.75,0.0,-0.1044441943771978,-0.2218539557031286,-0.7323949782604657,-0.3378778341536493,1.0,0.0,0.0,0.0,1.0,-0.4499361092403884,0.1259786842789104,5
534782,-1.242504670703856,-0.5672972791819948,0.5,0.0,1.0,0.75,0.0,0.9599108591107516,0.1350614931535953,-1.577882931182386,0.6427584400467276,0.0,0.0,-0.5358369345489745,0.0,1.8170594925112875,1.0680982289550334,-0.3716566988431709,2
534793,-0.2140778134397359,-0.9565486648353788,-1.0,-0.5,-0.5,0.0,0.0,-0.7212397496919792,-0.658683161076804,0.0,-0.8521289889920516,0.0,0.0,0.4641630654510255,0.0,0.0,-1.4737945453001975,-0.4638802941197794,0
534798,0.4017766395113598,0.084613882090961,0.0,0.5,0.5,1.0,1.3333333333333333,-0.2265427032794958,-0.658683161076804,0.0,-0.8521289889920516,0.0,0.0,0.4641630654510255,0.0,0.0,-1.1926500320084827,-0.1797613341711774,0
534825,0.7749435093179284,-0.1241858541912811,-1.0,-0.5,-1.0,0.0,4.0,-5.01837906474446,-0.658683161076804,0.0,-1.7312471447788258,-5.8849491923617165,0.0,-1.945257774202184,4.496556105601924,0.0,-5.009979129451652,-1.9314105305355027,4
534840,-0.0649291127595589,0.5064929114075749,0.5,1.0,0.5,0.75,1.0,0.3372671087447133,-0.658683161076804,0.6460181545591593,-0.4872619880436798,1.3087681003312956,0.0,0.0,1.4475677406305645,0.0,0.2072344168513003,0.0400160834025201,5
534842,0.138655459029492,-0.3548111444861987,-0.5,0.0,0.0,1.5,0.0,-0.1527511459868734,-0.658683161076804,0.0,-0.8521289889920516,0.0,0.0,0.4641630654510255,0.0,0.0,-1.0059761923680617,-1.2158074905348857,0
534858,0.4995238158083468,2.0912578414163354,0.5,1.5,1.5,0.6000000000000001,0.8,0.9873569354986446,0.2614030824062447,0.0,-0.0380660878912795,0.0,0.4054651081081644,0.8735839051042346,0.0,0.0,0.5504615640119983,0.2452220360757697,5
534895,0.621296414238096,0.1175719885109969,-0.5,0.0,0.0,1.5,0.0,-0.2123810522025144,0.1350614931535953,0.0,0.0269891667947226,0.0,0.0,0.4641630654510255,0.0,0.0,-0.2879102108257103,-0.2477129669666586,0
534903,0.1595917786332844,0.084613882090961,0.0,0.5,0.5,0.0,0.0,0.3715653473124417,0.341316838923196,2.2239010857415447,-0.3378778341536493,3.4424745961808574,0.0,0.4641630654510255,0.0,0.0,0.5167670430951558,0.4038280741833682,6
534939,-0.1972774513166547,-0.3548111444861987,0.0,0.0,0.5,0.0,0.0,0.4658994250774627,-0.658683161076804,-1.0,0.6748690008164222,0.0,0.0,-0.1695975135107168,0.0,1.2892242269941023,0.8352033940022578,0.2922666407308296,2
534948,-0.0344880198186815,-0.3957040193861091,0.5,-0.5,1.0,0.0,1.0,0.1141489229760197,-0.2218539557031286,-1.577882931182386,0.6906244755231556,1.8945304820059297,0.0,-1.169597513510717,0.0,2.5078734502500786,0.4580283330798928,-0.0322689994406368,2
534957,-0.8166393419914324,-0.0173189290703666,0.5,1.0,0.0,0.0,1.0,-0.2012206452762132,-0.658683161076804,0.6460181545591593,-0.5691161559187239,0.0,0.0,-0.5358369345489745,2.6303167041658844,0.0,-1.059684656730505,0.5270065715098897,0
534971,0.4114358187962695,0.3502240363019069,-0.5,0.0,0.0,1.5,2.0,-0.4970162361072746,0.1350614931535953,0.0,-0.5691161559187239,0.0,0.0,0.4641630654510255,0.0,0.0,-0.8993053803363923,-1.0317911799776636,0
534986,1.893362458258003,1.1858692605047223,0.5,1.0,1.0,0.0,1.0,0.1441111341357359,0.4368292053736752,0.6460181545591593,0.5412403216331251,1.0,0.0,0.4641630654510255,0.0,0.0,0.346394020408994,0.9105197653348251,5
535003,-0.0881737626258955,-0.8024290039733696,-1.5,-1.0,-1.0,0.0,0.0,-5.01837906474446,-0.658683161076804,-3.801784016923932,-1.7312471447788258,-5.8849491923617165,0.0,-1.945257774202184,0.0,0.0,,,1
535007,0.8657990292045665,1.9172976776409685,1.5,2.5,2.5,0.4285714285714284,1.714285714285714,1.2788286489249585,-0.3972800786705594,0.7323949782604657,0.0714954667867194,1.1337064958495628,0.2876820724517809,0.7423962796077841,0.0,0.0,1.0020265736938012,0.8095098906731281,5
535024,0.3871886543090714,2.1310454428451684,0.0,1.0,1.0,0.75,1.0,0.2330716898915232,0.69823228777992,2.2239010857415447,-0.2363597157400465,3.4424745961808574,0.5108256237659907,1.0,0.0,0.0,0.2895854797755998,1.0870814798777475,6
535035,0.2737835098716158,1.018346140816755,0.5,0.5,1.0,0.75,1.0,0.3716636561944244,-0.2218539557031286,0.6460181545591593,0.9061073225814968,2.703731733044999,0.0,0.0,0.0,1.0,1.0476836316566398,0.3299557191552598,5
535047,0.0833992276722917,0.3056133849682904,0.5,1.0,1.0,0.0,1.0,0.3044538210306228,0.1350614931535953,0.6460181545591593,0.1763733206847534,1.0,0.0,0.4641630654510255,0.0,0.0,0.449371040164393,0.403424477933643,5
535051,-0.1795545095386603,0.4649590448526473,0.5,0.5,1.0,0.75,1.0,0.3225101920799487,-0.2218539557031286,-0.7323949782604657,0.4872619880436801,0.0,0.0,0.0,0.0,1.0,0.3650965758799326,0.2715852174748374,5
535060,1.5882656504702477,0.9182112552292012,0.5,1.0,1.0,0.75,0.0,0.8277511608203783,0.1350614931535953,0.0,-1.2169959899404237,0.0,0.0,0.4641630654510255,0.0,0.0,-1.1410631737840549,0.200972065024044,5
535063,-1.197251847882452,0.728145423941257,0.5,0.5,1.0,0.75,1.0,0.2044492118617907,0.1350614931535953,0.0,-0.0548650010803214,1.0,0.0,0.0,0.0,1.0,0.0873124709659207,0.5811907869598572,5
535081,-0.8746762633184875,-0.1984164451611818,0.5,0.0,1.0,0.75,1.0,0.3869713975206568,0.1350614931535953,-1.577882931182386,0.4308838440812761,1.8945304820059297,0.0,-0.5358369345489745,0.0,1.8170594925112875,0.8254193925787114,-0.7165733185572453,2
535099,0.2996178157356711,0.7772174909202333,1.0,1.5,1.5,0.0,0.0,0.8145715206310021,0.8848129434284441,0.0,-0.1066395123885741,0.0,0.0,0.4641630654510255,0.0,0.0,0.0760069864950894,0.5288332972773774,5
535135,-1.1100649097976207,0.1175719885109969,0.5,0.5,1.0,0.75,0.0,0.7728767554991535,-0.2218539557031286,-0.7323949782604657,0.4872619880436801,0.0,0.0,0.0,0.0,1.0,0.722174641761667,-0.246667070419812,2
535136,-0.5139842008683698,0.8252226888668068,0.0,0.5,0.5,1.0,0.0,0.1459488631182283,-0.0955123664504794,0.0,-0.0833673107571263,0.0,0.0,0.4641630654510255,0.0,0.0,-0.0817778225640124,-0.0107427438215371,5
535149,-0.0267659328131899,-0.1241858541912811,-1.0,-0.5,-0.5,0.0,4.0,-0.9636402049320868,1.491976942010319,0.0,-0.3378778341536493,0.0,0.0,0.4641630654510255,0.0,0.0,-1.3076637910959503,-1.0592835120086463,0
535155,-0.4915347004499772,-0.9565486648353788,-1.0,-0.5,-0.5,0.0,0.0,-0.8249911539501583,0.69823228777992,0.0,-1.7312471447788258,0.0,0.0,0.4641630654510255,0.0,0.0,-5.009979129451652,-0.3949948120584626,0
535177,-0.2393319811660805,0.3939512500814855,-0.5,0.0,0.0,1.5,2.0,0.1217399509351415,0.69823228777992,1.223901085741545,0.4308838440812761,1.8945304820059297,0.0,0.4641630654510255,0.0,0.0,0.6881161103164907,-0.0001034698157144,6
535189,0.4808053581743971,-0.4584993070321419,-0.5,0.0,0.0,0.0,0.0,-0.0729188504259362,0.1350614931535953,1.223901085741545,-0.8521289889920516,1.8945304820059297,0.0,0.4641630654510255,0.0,0.0,-0.3049362103329157,-0.4570264905822218,6
535229,0.5779753101425147,0.8605538768015021,0.0,0.5,0.5,2.0,1.3333333333333333,0.2968146172588332,-0.658683161076804,0.0,0.3918561677430946,0.0,0.0,0.4641630654510255,0.0,0.0,0.2873714847772454,-0.0748790447934674,5
535266,-0.1141917312383313,-0.5451046085908845,-0.5,-0.5,-0.5,0.0,2.0,-0.2151944050814924,0.69823228777992,1.223901085741545,0.3100019998680502,0.0,0.0,-1.945257774202184,2.6303167041658844,1.8170594925112875,-0.0978637595695334,0.4926206152799864,0
535311,0.2931943830075027,-0.160989241751724,-0.5,0.0,-0.5,0.0,0.0,-0.3727728001125515,-0.658683161076804,0.0,1.189120155654825,0.0,0.0,-0.5358369345489745,2.6303167041658844,0.0,0.3340032153247547,-0.195162032440767,0
535341,0.711005816842788,0.6906121893614907,0.0,0.5,0.5,0.0,0.0,-0.2497083796660127,-0.658683161076804,1.577882931182386,0.6748690008164222,2.4424745961808583,0.0,0.4641630654510255,0.0,0.0,0.4315627810754411,-0.0051756586389967,6
535365,0.1980246244513931,-0.0523696989290143,-0.5,0.0,0.0,0.0,0.0,-0.5582488651021621,0.1350614931535953,0.0,0.0269891667947226,0.0,0.0,0.4641630654510255,0.0,0.0,-0.5802293160170953,-1.1405644692115164,0
535398,-0.4134804766150164,-0.0879858281037825,0.0,0.5,0.5,1.0,0.0,-0.1423485644212579,0.341316838923196,0.8454879529219202,0.222498382100976,1.3087681003312956,0.0,0.4641630654510255,0.0,0.0,0.1274248488017653,-0.0860716750656303,6
535441,0.6635859648193286,0.3056133849682904,0.5,1.0,1.0,0.0,0.0,0.5252875090479848,0.1350614931535953,0.6460181545591593,0.0269891667947226,1.0,0.0,0.4641630654510255,0.0,0.0,0.4053420129925537,0.5136408106595644,5
535447,-0.5109455735858626,0.5740257630792477,1.0,1.5,1.5,1.2000000000000002,0.0,1.1520739649564546,0.8848129434284441,1.0,-0.2560236662786049,1.5479441141749286,0.0,0.4641630654510255,0.0,0.0,0.7766107965396997,0.4326076856474992,5
535459,0.1630572962467511,0.6395543739241726,0.5,0.5,0.5,0.75,0.0,0.2061600721540697,-0.658683161076804,-0.7323949782604657,-0.0833673107571263,0.0,0.0,-0.5358369345489745,1.4475677406305645,1.0,0.0316486598613367,-0.337610951435482,2
535473,0.3259844321295524,-0.4584993070321419,-1.0,-0.5,-1.0,0.0,0.0,-5.01837906474446,0.69823228777992,2.2239010857415447,-1.7312471447788258,-5.8849491923617165,0.0,-1.945257774202184,4.496556105601924,0.0,-5.009979129451652,0.4926206152799864,4
535495,0.1898587378210554,0.1175719885109969,0.0,0.0,0.5,0.0,0.0,0.7561375312899532,0.341316838923196,-1.0,-0.0833673107571263,0.0,0.0,-0.1695975135107168,0.0,1.2892242269941023,0.2641720895760338,0.0021611350309246,2
535497,-0.6779482484562872,-1.825432057876876,-1.5,-1.0,-1.0,0.0,0.0,-5.01837906474446,-0.658683161076804,-3.801784016923932,-1.7312471447788258,-5.8849491923617165,0.0,-1.945257774202184,0.0,0.0,,,1
535502,-0.3680830603664354,-0.1984164451611818,0.0,0.5,0.5,0.0,0.0,0.7029460320393845,0.341316838923196,0.8454879529219202,-0.6566197736857983,1.3087681003312956,0.0,0.4641630654510255,0.0,0.0,0.1240568388449831,-0.6491534124665111,6
535553,0.9667617441011468,0.7528177715328302,-0.5,0.0,0.0,0.0,0.0,-0.4326065854446759,0.1350614931535953,0.0,0.3100019998680502,0.0,0.0,0.4641630654510255,0.0,0.0,-0.2112707256824409,-0.2474002658026897,0
535595,-0.3192689469536935,-0.0701059560259865,-0.5,0.0,-0.5,0.0,2.0,-0.1397678628496181,0.69823228777992,2.2239010857415447,0.7367495369393785,0.0,0.0,-0.5358369345489745,2.6303167041658844,0.0,0.2453226135069391,0.5889936713226162,0
535600,-0.2859693361545277,-0.160989241751724,0.0,0.0,0.0,0.0,0.0,-0.4399335742612029,-0.658683161076804,-1.0,0.7367495369393785,3.4424745961808574,0.0,-0.9452577742021836,1.8662394014360388,1.2892242269941023,0.5942590712415098,-0.7780768913212217,2
535610,-0.2646986961331083,-0.2948576299622514,0.0,0.0,0.5,0.0,1.3333333333333333,-0.3693820574906892,0.341316838923196,-1.0,-0.3378778341536493,0.0,0.0,-0.1695975135107168,0.0,1.2892242269941023,-0.6883402055546048,-0.605878908418327,2
535625,-0.0229174433043562,0.8722064217150826,1.0,1.5,1.0,0.0,0.0,0.555099104036092,0.2614030824062447,0.0,-0.2363597157400465,0.0,0.0,0.0979236444127681,1.18274896353532,0.0,0.1112188778303751,-0.0390894760248128,5
535637,-0.5446598721057023,-0.7777566563817965,0.0,-0.5,0.5,0.0,0.0,-0.1069187876520562,-0.658683161076804,-2.223901085741545,0.222498382100976,0.0,0.0,-0.9452577742021836,0.0,2.2892242269941026,-0.263130320278112,-0.4787641347656352,2
535644,-0.0229174433043562,0.9520966076976962,0.5,1.0,1.0,0.0,1.0,0.5574341261769648,-0.2218539557031286,0.0,-0.1423686188473956,0.0,0.0,0.4641630654510255,0.0,0.0,0.162314489141208,0.1148139936373846,5
535682,-0.5766621291485675,-1.67308530127459,-1.5,-1.0,-1.0,0.0,0.0,-5.01837906474446,-0.658683161076804,-3.801784016923932,-1.7312471447788258,-5.8849491923617165,0.0,-1.945257774202184,0.0,0.0,,,1
535686,-0.5261909651618265,1.1348704085285175,0.5,1.5,1.5,1.2000000000000002,0.8,1.142041880638598,0.4919769420103195,1.8454879529219212,0.9978315745387792,1.5479441141749286,0.4054651081081644,0.8735839051042346,0.0,0.0,1.576075323410615,0.2649962272058325,5
535701,-0.3044062893978296,-1.0104087041727063,-1.0,-0.5,-0.5,0.0,0.0,0.1216076941696255,-0.658683161076804,2.2239010857415447,-0.8521289889920516,3.4424745961808574,0.0,0.4641630654510255,0.0,0.0,-0.3003600989376054,0.4623860769675204,6
535702,0.8517588200141305,1.0507401516565449,1.0,1.5,1.5,0.0,0.0,1.1151226933976823,0.2614030824062447,0.0,0.2582274885597975,0.0,0.0,0.4641630654510255,0.0,0.0,1.193232208762083,0.6215100644606968,5
535706,-0.0798371356929646,-0.5231327642549591,-1.0,-0.5,-0.5,3.0,0.0,-0.7742508386015071,0.69823228777992,0.0,-0.8521289889920516,0.0,0.0,0.4641630654510255,0.0,0.0,-1.5174182171542403,-1.3798577504281822,0
535734,-0.2134663218814831,-0.4164379946042029,-0.5,0.0,0.0,0.0,0.0,-0.3795954965351481,-0.658683161076804,0.0,-0.8521289889920516,0.0,0.0,0.4641630654510255,0.0,0.0,-1.0573617477353463,-0.067231920763177,0
535737,-0.3102073088611108,-1.332697148215006,-1.5,-1.0,-1.0,0.0,0.0,-5.01837906474446,-0.658683161076804,-3.801784016923932,-1.7312471447788258,-5.8849491923617165,0.0,-1.945257774202184,0.0,0.0,,,1
535746,0.869291807544391,-0.0701059560259865,0.0,0.0,0.5,2.0,0.0,0.1084104326608551,0.341316838923196,-1.0,0.3918561677430946,0.0,0.0,-0.1695975135107168,0.0,1.2892242269941023,0.1892607652718062,-0.1163512293910282,2
535747,-1.3342087067255988,-1.2704915660436666,-0.5,-0.5,0.0,0.0,2.0,-0.1902061302045683,-0.658683161076804,-1.577882931182386,1.1240649009688228,1.8945304820059297,0.0,-0.5358369345489745,0.0,1.8170594925112875,0.6099528514054883,-1.9258006511804613,2
535791,-0.3467346058380727,-0.8024290039733696,-0.5,0.0,0.0,1.5,0.0,0.2362605692492009,0.1350614931535953,2.2239010857415447,-0.1423686188473956,3.4424745961808574,0.0,0.4641630654510255,0.0,0.0,-0.997415741828594,0.0750436309023318,6
535795,0.5724851134572817,0.5872879779418604,1.0,1.5,1.5,0.6000000000000001,0.8,0.6611717929029716,0.4919769420103195,0.0,-0.1791334945787352,0.0,0.0,0.4641630654510255,0.0,0.0,0.3487481685670806,0.4978064740799118,5
535878,-1.5063850866043826,-0.2557742709686207,0.5,0.5,1.0,0.75,0.0,0.6924551410577939,0.4368292053736752,0.0,0.7367495369393785,1.0,0.0,0.0,0.0,1.0,1.0246950477738594,0.712302210734829,5
535879,-0.0076063380214796,0.2753642525262495,1.0,1.0,1.5,0.0,0.8,0.8383098708983996,0.0,-0.5778829311823854,0.2042491549703524,0.0,0.0,0.0979236444127681,0.0,0.8170594925112873,0.7667162020028574,0.4840887865578381,5
535885,0.2383002099969643,-0.2948576299622514,0.0,-0.5,0.5,0.0,0.0,0.0909566770942003,-0.658683161076804,-2.223901085741545,0.9061073225814968,1.3087681003312956,0.0,-0.9452577742021836,0.0,2.2892242269941026,0.8716088982707532,-2.2564019295089977,2
535896,-0.7065274856678728,-0.2364889768829301,-0.5,0.0,0.0,0.0,0.0,-0.158000997265679,0.1350614931535953,0.0,-1.2169959899404237,0.0,0.0,0.4641630654510255,0.0,0.0,-1.5174182171542403,-0.1407661828333959,0
535905,-1.0007650858644888,1.664442816125154,-0.5,0.5,0.5,1.0,2.6666666666666665,0.9873095945202096,0.69823228777992,0.0,0.3918561677430946,0.0,0.6931471805599453,1.2398233261424922,0.0,0.0,0.9352033361076182,0.6409471350315266,5
535906,0.6997809306736756,0.2446949798295298,1.0,0.5,1.5,1.8,0.0,0.6140641114345313,-0.30176771222008,-1.2239010857415449,0.5412403216331251,0.0,0.0,-0.311497195240441,0.0,1.5078734502500786,0.8780404492561112,-0.0754391337151417,2
535912,-0.9378885299188376,-0.0701059560259865,1.0,1.5,1.5,0.0,0.0,0.7553095909232214,-0.30176771222008,0.0,-0.2560236662786049,0.0,0.0,0.4641630654510255,0.0,0.0,0.2174893996955846,0.4374432879197108,5
535942,-0.2524074552902091,-0.3957040193861091,-0.5,0.0,0.0,0.0,0.0,-0.2585623848245567,0.1350614931535953,0.0,0.1763733206847534,0.0,0.0,0.4641630654510255,0.0,0.0,-0.3264198192824164,0.3099909823489256,0
535983,0.6036315006563316,-0.1241858541912811,-1.0,-0.5,-1.0,0.0,0.0,-5.01837906474446,0.69823228777992,0.0,-1.7312471447788258,-5.8849491923617165,0.0,-1.945257774202184,4.496556105601924,0.0,-5.009979129451652,0.2707013229915995,4
535994,0.0544556860664169,-0.3548111444861987,-1.0,-1.0,-0.5,3.0,4.0,-0.763378450274648,-0.658683161076804,-3.801784016923932,1.4203584774198996,0.0,0.0,-1.945257774202184,0.0,3.10628371950539,0.1146026128534683,-5.846818380501243,3
536000,1.2196611551488246,1.9317300959264607,0.5,1.5,1.0,0.6000000000000001,0.8,0.4646427531003592,0.2614030824062447,1.0,-0.4872619880436798,0.0,0.4054651081081644,0.4641630654510255,1.4475677406305645,0.0,-0.4665508444978963,1.1022902631510918,5
536016,0.0405206293116058,-0.6352457830218333,-0.5,0.0,-0.5,0.0,2.0,-0.8249911539501583,-0.658683161076804,1.223901085741545,0.9061073225814968,3.4424745961808574,0.0,-0.5358369345489745,2.6303167041658844,0.0,0.2662619304836482,0.3619863960506967,6
536034,0.8328642033750345,0.1011544248762458,-0.5,-0.5,0.0,0.0,0.0,0.3688503033154463,-0.658683161076804,-1.577882931182386,0.5412403216331251,0.0,0.0,-0.5358369345489745,0.0,1.8170594925112875,0.3722143905120144,-0.3209992460641377,2
536035,0.3028208413348977,-0.2948576299622514,-0.5,0.0,0.0,0.0,0.0,-0.2351553684312932,0.1350614931535953,1.223901085741545,-0.8521289889920516,1.8945304820059297,0.0,0.4641630654510255,0.0,0.0,-0.9952920412815902,0.0262467517984885,6
536039,0.2931943830075027,1.2650939780789934,1.5,1.5,1.5,0.8571428571428571,1.1428571428571428,0.8846341091168577,0.0395491267031159,0.7323949782604657,1.0269891667947229,2.856712214506226,0.2876820724517809,-0.5358369345489745,1.8662394014360388,1.2892242269941023,1.6730026151131383,0.9663511063744128,5
536050,-0.0229174433043562,0.2135937313624968,0.0,0.5,0.5,0.0,1.3333333333333333,0.5027536260936183,0.9999999999999998,0.0,-0.4872619880436798,0.0,0.0,0.4641630654510255,0.0,0.0,-0.1273690181403688,0.0053143619479466,5
536058,-0.8746762633184875,-0.5672972791819948,-0.5,-0.5,0.0,1.5,2.0,0.21623471061648,0.1350614931535953,-1.577882931182386,0.6427584400467276,0.0,0.0,-0.5358369345489745,0.0,1.8170594925112875,0.6208401738664785,-0.7114199736953318,2
536066,0.4323838973469233,0.3502240363019069,0.0,0.5,0.5,0.0,0.0,0.1064888847255386,-0.0955123664504794,0.8454879529219202,-0.4872619880436798,1.3087681003312956,0.0,0.4641630654510255,0.0,0.0,-0.1287653252961859,0.0506210861272994,6
536086,-0.1732675039882981,-0.1796235475848035,0.0,0.5,0.5,2.0,0.0,0.5483738409827771,0.341316838923196,0.8454879529219202,-0.6566197736857983,1.3087681003312956,0.0,0.4641630654510255,0.0,0.0,0.0903318381015937,0.7872971441608799,6
536099,-0.4958299315963542,-0.5672972791819948,0.5,0.0,1.0,0.75,0.0,0.4299841629166241,-0.658683161076804,-0.7323949782604657,0.5930148329413781,1.0,0.0,-0.5358369345489745,0.0,1.8170594925112875,0.6002310722380845,-0.824760206870772,2
536135,-0.1268112230620133,-1.0937450900539751,-1.5,-1.0,-1.0,0.0,0.0,-5.01837906474446,-0.658683161076804,-3.801784016923932,-1.7312471447788258,-5.8849491923617165,0.0,-1.945257774202184,0.0,0.0,,,1
536170,-0.6084495944373887,-1.4294200030383808,-1.5,-1.0,-1.0,0.0,0.0,-5.01837906474446,-0.658683161076804,-3.801784016923932,-1.7312471447788258,-5.8849491923617165,0.0,-1.945257774202184,0.0,0.0,,,1
536212,1.450366053632803,1.7983112043356797,-1.0,0.0,0.0,1.5,2.0,-0.3427364093751474,0.69823228777992,2.2239010857415447,1.521876595833502,0.0,1.0986122886681096,1.8735839051042344,0.0,0.0,0.5582079789592479,-0.1979149106310027,5
536228,0.8849248619426741,0.4927349096618701,-1.0,-1.0,-0.5,0.0,0.0,-1.2554120094935366,-0.658683161076804,-3.801784016923932,1.055491476471528,3.4424745961808574,0.0,-1.945257774202184,0.0,3.10628371950539,0.0015930497746253,-5.846818380501243,3
536229,0.4383239604537428,-0.5013773948113078,-0.5,-0.5,-0.5,1.5,0.0,-1.0969594992736968,-0.658683161076804,-1.577882931182386,1.703371310493227,3.4424745961808574,0.0,-1.945257774202184,2.6303167041658844,1.8170594925112875,0.5211319810632196,-1.6850871956989746,2
536241,0.2672657880125675,-0.4164379946042029,-0.5,0.0,-0.5,3.0,0.0,-1.236261221399383,0.1350614931535953,2.2239010857415447,0.3100019998680502,5.8849491923617165,0.0,-0.5358369345489745,2.6303167041658844,0.0,-0.1817889340748489,0.7092481021828707,6
536275,0.4311084378928979,-0.3146618177495106,-1.0,-0.5,-0.5,3.0,0.0,-0.7212397496919792,-0.658683161076804,0.0,-0.3378778341536493,0.0,0.0,0.4641630654510255,0.0,0.0,-0.9952920412815902,-2.200479594463986,0
536278,-0.5674969481070116,-0.1984164451611818,0.0,0.0,0.5,0.0,0.0,-0.2887662782627249,-0.0955123664504794,1.577882931182386,1.055491476471528,3.4424745961808574,0.0,-0.1695975135107168,0.0,1.2892242269941023,0.7342190593777419,0.6805569720626126,6
536313,-1.1950191923861782,-1.462625924074788,-0.5,-0.5,0.0,0.0,2.0,0.4428971534533078,-0.658683161076804,-1.577882931182386,0.5412403216331251,0.0,0.0,-0.5358369345489745,0.0,1.8170594925112875,0.7431157355307075,-1.1466160955206048,2
536343,-0.3147323487952075,-0.9039711300422292,-0.5,0.0,-0.5,0.0,0.0,-0.8666829712529469,0.1350614931535953,2.2239010857415447,0.0269891667947226,5.8849491923617165,0.0,-0.5358369345489745,2.6303167041658844,0.0,-0.0744343405444409,0.3597468053851935,6
536387,-0.0555069303784932,0.0511563914573724,0.5,0.5,0.5,1.5,2.0,0.3358029929906418,0.1350614931535953,-0.7323949782604657,0.0269891667947226,0.0,0.0,-0.5358369345489745,1.4475677406305645,1.0,0.0311663031903644,0.6698753666958949,5
536431,-1.6774367423952012,-0.0701059560259865,1.0,1.0,1.5,0.6000000000000001,0.0,0.6837734550490422,0.2614030824062447,-0.5778829311823854,0.6999846612080391,0.8092012510390698,0.0,0.0979236444127681,0.0,0.8170594925112873,1.1187649474287975,-0.60324692161362,5
536467,0.0301037242983207,-0.3751629211508731,-0.5,0.0,0.0,0.0,0.0,0.0671079604591404,0.1350614931535953,0.0,0.1763733206847534,0.0,0.0,0.4641630654510255,0.0,0.0,-0.0178108173603619,-0.4128797765998633,0
536469,0.0732835360229839,-0.6123631726854253,-1.0,-0.5,-0.5,0.0,0.0,-0.4253427611106056,0.69823228777992,0.0,0.3100019998680502,0.0,0.0,0.4641630654510255,0.0,0.0,-0.2712922813495004,-1.9917719764260808,0
536474,0.234313503017977,2.675739270644829,0.0,1.5,1.0,1.2000000000000002,1.6,0.5763697186616068,0.0,0.0,-0.4872619880436798,0.0,0.8472978603872036,1.0,1.8662394014360388,0.0,-0.0356447666412504,1.2138260049694929,5
536488,-0.0969313698024242,-1.2400338123026975,-1.5,-1.0,-1.0,0.0,0.0,-5.01837906474446,-0.658683161076804,-3.801784016923932,-1.7312471447788258,-5.8849491923617165,0.0,-1.945257774202184,0.0,0.0,,,1
536489,-0.142162029197963,1.145164842730202,1.5,1.5,1.5,1.0,0.6666666666666664,0.3674400964516086,0.341316838923196,0.0,0.6621221658463508,0.0,0.0,-0.1695975135107168,1.0,0.690813957738791,0.6009527541639194,0.4984888585865042,5
536490,2.0291797292444613,1.018346140816755,0.0,0.5,0.5,1.0,0.0,0.5517034877465655,0.341316838923196,0.0,-0.3378778341536493,0.0,0.0,0.4641630654510255,0.0,0.0,0.1990978396735131,-0.0162088404667736,5
536532,-0.2177511905783598,-0.6352457830218333,0.0,0.0,0.5,0.0,0.0,0.1477825926873703,0.341316838923196,-1.0,0.7367495369393785,0.0,0.0,-0.1695975135107168,0.0,1.2892242269941023,0.1678040193196184,-0.2775436440122183,2
536566,-0.2177511905783598,-0.7292238865448002,-0.5,0.0,0.0,0.0,0.0,-0.6151732553526584,0.1350614931535953,0.0,-0.1423686188473956,0.0,0.0,0.4641630654510255,0.0,0.0,-0.7708271864177737,-0.0787975440704789,0
536574,0.7532235617593156,0.1011544248762458,0.5,0.5,1.0,1.5,0.0,0.4506942292293857,0.1350614931535953,-0.7323949782604657,0.4308838440812761,0.0,0.0,0.0,0.0,1.0,0.6268951037074434,0.1455381273336771,5
536594,1.0676502437069564,0.7528177715328302,-0.5,-1.0,0.0,0.0,0.0,-0.1168904827830908,-0.658683161076804,-3.801784016923932,0.9061073225814968,1.8945304820059297,0.0,-1.945257774202184,0.0,3.10628371950539,0.6717985713553757,-5.846818380501243,3
536604,-0.0229174433043562,-0.2557742709686207,-0.5,0.0,-0.5,0.0,0.0,-0.4039196137942915,0.1350614931535953,0.0,-0.8521289889920516,0.0,0.0,-0.5358369345489745,2.6303167041658844,0.0,-1.2126667366504698,-0.2588644108155419,0
536622,0.3060181009083252,0.0,0.5,1.0,0.5,0.0,0.0,0.0021800747076538,0.1350614931535953,0.0,-0.0833673107571263,0.0,0.0,0.0,1.4475677406305645,0.0,-0.2105865739875094,0.1336902280780318,5
536641,0.4412865586609458,0.6266032978723975,1.0,1.5,1.5,0.6000000000000001,0.0,0.902824932436032,0.0,0.0,-0.6208906672269769,0.0,0.0,0.4641630654510255,0.0,0.0,-0.0167759101733777,0.5398221623533144,5
536651,-0.659697878298532,-0.5231327642549591,0.0,0.5,0.5,2.0,1.3333333333333333,0.5718749074468155,0.69823228777992,0.8454879529219202,-1.0833673107571262,1.3087681003312956,0.0,0.4641630654510255,0.0,0.0,-0.751016922429678,0.8706959676639983,6
536652,0.3963201768067612,0.3205839652723227,0.5,0.5,1.0,0.0,0.0,0.3105157062011116,-0.658683161076804,-0.7323949782604657,0.3100019998680502,0.0,0.0,0.0,0.0,1.0,0.1877224669446723,-0.6527043705595416,2
536656,0.44424422331348,0.3794715120532125,0.0,0.5,0.5,1.0,0.0,0.4942973704140114,-0.0955123664504794,0.8454879529219202,-0.4872619880436798,1.3087681003312956,0.0,0.4641630654510255,0.0,0.0,0.0947483351129231,0.2409525073838163,6
536658,0.0263685447651807,-0.4164379946042029,-0.5,0.0,-0.5,1.5,0.0,-0.0705419845212851,0.1350614931535953,0.0,-0.3378778341536493,0.0,0.0,-0.5358369345489745,2.6303167041658844,0.0,-0.4586825309987877,-0.1795280963577612,0
536659,-0.8438942586172689,1.2455526811947004,1.5,2.0,2.0,0.0,0.6666666666666664,0.6130102045998693,0.341316838923196,1.223901085741545,0.4687463394429643,1.8945304820059297,0.0,0.4641630654510255,0.0,0.0,0.9443342508165128,0.0520866869666892,5
536672,-1.527783866102313,-0.0347747680912913,1.0,1.5,1.0,0.6000000000000001,0.0,0.4608614524934964,-0.658683161076804,0.5227586988632229,-0.0548650010803214,1.0,0.0,0.0979236444127681,1.18274896353532,0.0,0.3050349083090436,1.219091604623468,5
536675,-0.4778593511670246,-0.4373685033222146,0.0,0.5,0.0,1.0,0.0,-0.0471349681280216,0.341316838923196,0.0,-0.8521289889920516,0.0,0.0,-0.1695975135107168,1.8662394014360388,0.0,-0.8856849087287565,-0.1531762104878774,0
536691,-0.9638171249137728,0.0511563914573724,1.0,1.5,0.0,1.2000000000000002,0.8,-0.144937194427998,0.2614030824062447,1.0,0.5412403216331251,0.0,0.0,-0.7756602606914664,3.048988364971359,0.0,0.2744637533074761,1.060854695757261,5
536695,-1.638824847510617,0.4368293378606515,1.5,2.0,1.5,0.0,0.6666666666666664,0.6700882613407213,0.1350614931535953,0.0,-0.1791334945787352,0.0,0.0,0.1617063421381263,1.0,0.0,0.4602148566152843,0.6070732698610655,5
536763,0.9544508423584548,0.1338683882105274,-0.5,0.0,-0.5,0.0,0.0,-1.0425794443368617,0.1350614931535953,0.0,-0.3378778341536493,0.0,0.0,-0.5358369345489745,2.6303167041658844,0.0,-1.260712804009117,-0.0766588445005455,0
536764,0.9208756040652278,0.2291991117677428,1.0,1.5,1.0,0.0,0.0,0.6924551410577939,0.4919769420103195,0.0,-0.1423686188473956,0.0,0.0,0.0979236444127681,1.18274896353532,0.0,0.4358829675530282,-0.2135574923190661,5
536782,0.0996192236307875,0.3648961975046188,0.5,1.0,1.0,0.75,0.0,0.5217693477594784,0.1350614931535953,0.0,-0.0548650010803214,0.0,0.0,0.4641630654510255,0.0,0.0,0.0041062373268103,0.0106091424239017,5
536791,0.3123954047562008,0.1661047583479931,0.0,0.5,0.5,1.0,0.0,0.1641090144261154,-0.0955123664504794,0.0,-0.4872619880436798,0.0,0.0,0.4641630654510255,0.0,0.0,-0.3207857618125258,0.797326540730025,5
536810,-0.6531076027838256,0.1661047583479931,0.5,1.0,1.0,0.0,0.0,0.5784928127729547,0.4368292053736752,0.6460181545591593,0.3100019998680502,1.0,0.0,0.4641630654510255,0.0,0.0,0.4142465912363082,0.1497002956889231,5
536843,0.11569243028275,0.7031942868616717,0.5,0.5,1.0,0.0,0.0,0.6193139627133369,0.1350614931535953,-0.7323949782604657,-0.3378778341536493,1.8945304820059297,0.0,0.0,0.0,1.0,0.5725005339247952,0.1543079062763648,5
536876,0.0064938910129512,-1.1803503916127198,-1.0,-0.5,-0.5,0.0,0.0,-0.4547815074426213,0.69823228777992,0.0,-0.8521289889920516,0.0,0.0,0.4641630654510255,0.0,0.0,-1.2545218013931816,-1.3635497230305522,0
536893,0.623969217170513,0.1175719885109969,-0.5,-0.5,0.0,0.0,0.0,-0.1346300517816637,-0.658683161076804,-1.577882931182386,0.3100019998680502,0.0,0.0,-0.5358369345489745,0.0,1.8170594925112875,0.0330937198214443,-2.2165359876523856,2
536951,0.6372732285417454,0.8488395143843301,1.0,1.5,1.5,0.0,0.0,0.2380233108279882,0.2614030824062447,0.0,-0.2560236662786049,0.0,0.0,0.4641630654510255,0.0,0.0,-0.1817889340748489,0.3901228249124187,5
536964,0.1851756046834504,-0.3751629211508731,-1.0,-0.5,-0.5,0.0,0.0,-1.305284458088918,-0.658683161076804,0.0,-0.8521289889920516,0.0,0.0,0.4641630654510255,0.0,0.0,-1.9544142652738945,-0.4816710351591414,0
536995,0.0560323192932559,-0.1984164451611818,-0.5,0.0,0.0,0.0,0.0,-0.2012206452762132,0.1350614931535953,0.0,0.7367495369393785,0.0,0.0,0.4641630654510255,0.0,0.0,0.2516710700404536,0.2335128474412892,0
537038,-0.7286967641642232,-1.0378395182527564,-1.0,-0.5,-0.5,0.0,0.0,-1.6730174331382357,-0.658683161076804,0.0,-0.3378778341536493,0.0,0.0,0.4641630654510255,0.0,0.0,-1.7829803289163124,-0.8210535042032521,0
537066,-0.3375321126419502,0.2446949798295298,1.5,1.5,1.0,0.0,0.6666666666666664,0.3445497677753842,-0.3569154488567242,-0.4772413011367771,0.0269891667947226,0.0,0.0,-0.5358369345489745,1.8662394014360388,0.690813957738791,-0.0607475148007553,0.4809971364629596,5
537098,-0.7201373393404769,-0.589715259924501,-1.0,-0.5,-0.5,3.0,0.0,-0.9300661059658892,0.69823228777992,2.2239010857415447,-0.8521289889920516,3.4424745961808574,0.0,0.4641630654510255,0.0,0.0,-1.1677352192577883,-0.1747220718104518,6
537121,0.0258343058640552,-0.7777566563817965,-1.0,-0.5,-1.0,0.0,4.0,-5.01837906474446,0.69823228777992,0.0,-1.7312471447788258,-5.8849491923617165,0.0,-1.945257774202184,4.496556105601924,0.0,-5.009979129451652,-0.4076401983449481,4
537123,0.320018065441517,0.5201657237419183,0.0,0.5,0.5,0.0,0.0,0.6670573463167612,0.69823228777992,0.0,1.055491476471528,0.0,0.0,0.4641630654510255,0.0,0.0,1.3286974378689245,-0.1184471946841406,5
537177,-0.1628383653110772,0.9295642475225216,-0.5,0.5,0.0,2.0,1.3333333333333333,-0.549822810839958,0.341316838923196,0.0,-0.8521289889920516,0.0,0.6931471805599453,0.4641630654510255,2.6303167041658844,0.0,-1.332732808132957,0.3208505695008943,0
537181,-0.6205181157096885,0.5872879779418604,1.0,1.0,1.5,0.0,0.8,0.8614527007889039,0.2614030824062447,0.0,0.1478710110079485,0.8092012510390698,0.0,0.0979236444127681,0.0,0.8170594925112873,0.6880693365945059,0.936845547255059,5
537212,0.3313910640472022,-0.2557742709686207,-0.5,-0.5,0.0,1.5,2.0,-0.6522165130024442,-0.658683161076804,-1.577882931182386,0.1763733206847534,0.0,0.0,-0.5358369345489745,0.0,1.8170594925112875,-1.0448368802499293,-1.273512503577559,2
537227,-0.2251208161455178,-0.9565486648353788,-1.0,-0.5,-0.5,0.0,0.0,-0.9041379554706426,-0.658683161076804,0.0,-0.8521289889920516,0.0,0.0,0.4641630654510255,0.0,0.0,-1.6243044004212368,-2.044978970656373,0
537289,0.2541581476087982,0.3205839652723227,0.5,0.5,1.0,0.0,0.0,0.7189065904443842,-0.658683161076804,0.6460181545591593,-0.0548650010803214,1.8945304820059297,0.0,0.0,0.0,1.0,0.3506379247399561,0.6833641086101804,5
537317,0.553134664470053,0.3939512500814855,0.5,0.5,1.0,0.0,0.0,0.1064888847255386,-0.2218539557031286,0.6460181545591593,0.6906244755231556,1.8945304820059297,0.0,0.0,0.0,1.0,0.4081492544244284,0.588510897360316,5
537373,-2.3025740472193954,0.0171841500464987,1.0,1.5,1.5,0.0,1.6,0.7198360978794747,0.0,0.0,-0.1066395123885741,0.0,0.0,0.4641630654510255,0.0,0.0,0.4412723307376747,0.7062459229303384,5
537393,0.5066710174589946,0.2446949798295298,0.5,1.0,0.5,0.0,3.0,0.2527059391481663,0.1350614931535953,1.223901085741545,-0.0833673107571263,2.4424745961808583,0.0,0.0,1.4475677406305645,0.0,0.0905533323333319,0.5821598294048979,6
537400,0.9874031273530453,-0.0879858281037825,-0.5,-1.0,0.0,0.0,0.0,0.0711299175201806,-0.658683161076804,-3.801784016923932,1.055491476471528,1.8945304820059297,0.0,-1.945257774202184,0.0,3.10628371950539,0.91231791510807,-5.846818380501243,3
537412,1.3872023987363475,0.7031942868616717,0.5,0.5,1.0,0.75,0.0,0.4114356502931283,-0.2218539557031286,-0.7323949782604657,0.6906244755231556,1.0,0.0,0.0,0.0,1.0,0.4756355296799089,0.6695512011242578,5
537413,0.2091917657546151,1.145164842730202,0.5,1.5,0.5,0.6000000000000001,1.6,0.2297543690536391,0.4919769420103195,0.0,0.1285072852083251,0.0,0.4054651081081644,0.0,2.6303167041658844,0.0,0.1415591399735984,0.4765212646563541,5
537414,-0.2766320705678855,-0.160989241751724,0.0,0.5,0.5,0.0,0.0,-0.0288665364577208,-0.0955123664504794,1.577882931182386,-0.4872619880436798,2.4424745961808583,0.0,0.4641630654510255,0.0,0.0,0.2367665643391102,-0.0873964038449947,6
537470,0.5586849102787372,0.2905406156119291,-0.5,-1.0,0.0,3.0,2.0,-0.9235088868461168,-0.658683161076804,-3.801784016923932,0.3100019998680502,0.0,0.0,-1.945257774202184,0.0,3.10628371950539,-0.5733875724896272,-5.846818380501243,3
537481,-0.6959067150421736,-1.332697148215006,-1.0,-1.0,-0.5,3.0,4.0,-1.0732227632892712,-0.658683161076804,-3.801784016923932,0.3100019998680502,0.0,0.0,-1.945257774202184,0.0,3.10628371950539,-0.8425206153993465,-5.846818380501243,3
537507,0.4648111040779986,0.2135937313624968,0.0,-0.5,0.5,0.0,0.0,-0.0021857299012968,-0.658683161076804,-2.223901085741545,1.4551085800449242,1.3087681003312956,0.0,-0.9452577742021836,0.0,2.2892242269941026,0.8947663306087295,0.0048671700396401,2
537560,-0.0578577940088147,0.1820481643393343,1.5,1.5,1.5,0.4999999999999998,0.6666666666666664,0.4808350906574019,0.341316838923196,-0.4772413011367771,-0.2560236662786049,0.0,0.0,-0.1695975135107168,1.0,0.690813957738791,0.0443576992165144,-0.0304301624969668,5
537580,-0.7459403677042734,0.1175719885109969,0.5,0.0,1.0,0.0,2.0,0.7755505258911795,-0.2218539557031286,-1.577882931182386,0.6906244755231556,0.0,0.0,-0.5358369345489745,0.0,1.8170594925112875,0.977973865447098,-0.6837403202019711,2
537586,-0.2489112391742098,-0.3146618177495106,0.0,0.5,0.5,0.0,1.3333333333333333,0.1064888847255386,-0.658683161076804,0.8454879529219202,-0.3378778341536493,1.3087681003312956,0.0,0.4641630654510255,0.0,0.0,-0.3324260243198467,-0.0804075668072439,6
537595,0.5023861487621162,1.195929196523542,0.5,1.0,0.5,0.0,1.0,0.2766223527970877,-0.2218539557031286,0.6460181545591593,-0.8521289889920516,1.3087681003312956,0.0,0.0,1.4475677406305645,0.0,-0.6748523714699376,0.8142164628832782,5
537659,-0.1563141137443865,-1.0104087041727063,-1.0,-1.0,-0.5,0.0,0.0,-0.8308223080491643,-0.658683161076804,-3.801784016923932,-0.3378778341536493,0.0,0.0,-1.945257774202184,0.0,3.10628371950539,-1.0857638487414865,-5.846818380501243,3
537671,0.0757789030838424,0.0511563914573724,0.0,0.5,0.5,0.0,1.3333333333333333,0.0569682664431991,0.9999999999999998,0.0,-0.0833673107571263,0.0,0.0,0.4641630654510255,0.0,0.0,-0.089659259922479,0.2555132603956541,5
537676,-0.3793240929122098,2.3198914128718897,1.0,1.0,1.5,1.0,0.6666666666666664,0.4339062727343475,-0.0955123664504794,-1.577882931182386,0.6230944895081695,0.8092012510390698,0.3364722366212129,-0.311497195240441,1.18274896353532,1.5078734502500786,0.8661309629000414,-0.0430074618400215,5
537688,0.2541581476087982,-0.3548111444861987,-1.0,-0.5,-0.5,0.0,0.0,-0.5624937023138106,0.69823228777992,0.0,-0.8521289889920516,0.0,0.0,0.4641630654510255,0.0,0.0,-1.3431598871295212,-0.8200881583924727,0
537723,0.3581800668429663,-0.3751629211508731,-1.0,-0.5,-0.5,0.0,0.0,-0.549822810839958,-0.658683161076804,0.0,-0.8521289889920516,0.0,0.0,0.4641630654510255,0.0,0.0,-1.332732808132957,-1.2568195090472254,0
537725,-0.7269815759928722,-0.2364889768829301,-0.5,0.0,0.0,1.5,2.0,0.0279102695096463,0.1350614931535953,0.0,-0.8521289889920516,0.0,0.0,0.4641630654510255,0.0,0.0,-0.8704646841133586,-0.8810191703035787,0
537748,-0.7546253591591585,0.8133188749341947,1.5,1.5,1.5,0.0,0.0,0.92272228085941,0.1350614931535953,0.0,0.7367495369393785,0.0,0.0,-0.1695975135107168,1.0,0.690813957738791,0.978858879749493,1.034893056103319,5
537770,-0.3238171625337165,0.1338683882105274,0.5,0.5,1.0,0.0,1.0,0.400650243457655,0.4368292053736752,-0.7323949782604657,-0.0548650010803214,1.0,0.0,0.0,0.0,1.0,0.0372196118154216,-0.0999282049070204,5
537776,1.804942167429656,0.9182112552292012,-0.5,-1.0,0.0,1.5,0.0,-0.5129147908767582,-0.658683161076804,-3.801784016923932,1.189120155654825,1.8945304820059297,0.0,-1.945257774202184,0.0,3.10628371950539,0.4859791434116647,-5.846818380501243,3
537795,-0.4829752756262309,-1.151102915861414,-1.0,-0.5,-0.5,0.0,0.0,-1.172466561205996,0.69823228777992,2.2239010857415447,-1.7312471447788258,3.4424745961808574,0.0,0.4641630654510255,0.0,0.0,-5.009979129451652,-0.6946802575855657,6
537804,1.5366446147024082,0.8953286448927934,-1.0,-0.5,-0.5,0.0,0.0,-0.9500496134530128,-0.658683161076804,0.0,-0.3378778341536493,0.0,0.0,0.4641630654510255,0.0,0.0,-1.1842452298710069,-2.3847297812997748,0
537818,-0.1372353208699109,0.0679485038398385,0.0,-0.5,0.5,0.0,0.0,0.3716636561944244,-0.0955123664504794,-1.0,0.222498382100976,3.4424745961808574,0.0,-0.9452577742021836,0.0,2.2892242269941026,0.8526865654938655,-1.2385231583453304,2
537819,1.1447693345796854,0.6652308508706292,0.5,0.5,1.0,0.0,1.0,0.6962851403997076,0.4368292053736752,-0.7323949782604657,-0.0548650010803214,1.0,0.0,0.0,0.0,1.0,0.5809804307308221,0.0733363176024628,5
537834,0.5335710669900959,0.8953286448927934,-0.5,0.0,0.0,1.5,0.0,0.036315310818796,0.1350614931535953,0.0,-1.2169959899404237,0.0,0.0,0.4641630654510255,0.0,0.0,-1.486595912341758,-0.7023323691071319,0
537860,0.5943448012581543,0.0511563914573724,-1.0,-0.5,-0.5,0.0,0.0,-1.9314678670685252,-0.658683161076804,0.0,0.5412403216331251,0.0,0.0,0.4641630654510255,0.0,0.0,-1.368117408000494,-1.1446859170324994,0
537861,-0.1607598662869653,-0.160989241751724,0.0,0.0,0.5,0.0,0.0,-0.1820387150016389,-0.658683161076804,-1.0,0.6748690008164222,0.0,0.0,-0.1695975135107168,0.0,1.2892242269941023,0.0567449788052525,0.1209574240691016,2
537904,-0.9638171249137728,-0.0523696989290143,1.0,1.0,1.5,0.6000000000000001,0.0,0.7579152969836896,0.4919769420103195,-0.5778829311823854,-0.4253814519207233,1.5479441141749286,0.0,0.0979236444127681,0.0,0.8170594925112873,0.6245573957223013,-0.5985333441488041,5
537922,-1.3536195798614847,-0.6123631726854253,0.0,0.0,0.5,0.0,1.3333333333333333,-0.0109857932266889,0.341316838923196,-1.0,0.852128988992052,0.0,0.0,-0.1695975135107168,0.0,1.2892242269941023,0.4115030103535089,-0.1713057004790706,2
537926,1.0025741048842325,0.4226289536358835,-0.5,-1.0,0.0,0.0,0.0,-0.2409464455532194,-0.658683161076804,-3.801784016923932,0.8242531547064528,1.8945304820059297,0.0,-1.945257774202184,0.0,3.10628371950539,0.5244564489425446,-5.846818380501243,3
537975,-0.6767574490731605,-1.6006803839406132,-1.0,-1.0,-0.5,0.0,0.0,-1.5545633058487074,-0.658683161076804,-3.801784016923932,0.7367495369393785,0.0,0.0,-1.945257774202184,0.0,3.10628371950539,-0.926703665492017,-5.846818380501243,3
538069,-1.1207320722741068,2.431645994475919,0.5,2.0,2.0,1.0,2.0,0.6866773007874275,-0.0955123664504794,2.2239010857415447,-0.1423686188473956,3.4424745961808574,0.6931471805599453,1.2398233261424922,0.0,0.0,0.9617679245640418,1.195625799138527,6
538074,0.3993536142877975,0.1820481643393343,1.0,1.5,1.5,0.6000000000000001,0.8,1.19172837149125,-0.30176771222008,0.0,0.1478710110079485,0.0,0.0,0.4641630654510255,0.0,0.0,1.0007345580390323,0.8221979791510194,5
538084,-0.1837582445505929,0.4927349096618701,1.0,1.0,1.5,0.0,0.0,0.8455990175927858,-0.658683161076804,0.0,-0.1066395123885741,0.8092012510390698,0.0,0.0979236444127681,0.0,0.8170594925112873,0.6739023557722159,0.3410724822827115,5
538108,0.7944610377436472,0.3502240363019069,-0.5,0.0,-1.0,1.5,0.0,-5.01837906474446,0.69823228777992,1.223901085741545,-1.7312471447788258,-5.8849491923617165,0.0,-1.945257774202184,4.496556105601924,0.0,-5.009979129451652,-1.2402158495131028,4
538112,-1.0110811490203488,-0.8024290039733696,-0.5,0.0,0.0,1.5,0.0,-0.2980426846663403,0.1350614931535953,0.0,0.1763733206847534,0.0,0.0,0.4641630654510255,0.0,0.0,-0.2099030966659702,-0.4546007491356341,0
538131,0.1146253967791014,-0.0879858281037825,-0.5,0.0,0.0,0.0,0.0,0.0300194030375924,-0.658683161076804,0.0,-0.5691161559187239,0.0,0.0,0.4641630654510255,0.0,0.0,-0.5825639568979774,-0.4182251897049145,0
538134,-0.8697151505580853,-0.2948576299622514,0.0,0.5,0.0,0.0,0.0,-0.5291191057528215,0.69823228777992,1.577882931182386,0.3100019998680502,3.4424745961808574,0.0,-0.1695975135107168,1.8662394014360388,0.0,0.5636022701775274,0.233081650132582,6
538139,-0.8308635529653431,-1.565349196005918,-1.0,-0.5,-0.5,0.0,4.0,-0.3042841828682106,0.69823228777992,0.0,-0.3378778341536493,0.0,0.0,0.4641630654510255,0.0,0.0,-0.724257682614296,-0.421301137679454,0
538147,1.1849484434184765,2.240032980358649,0.5,1.5,1.0,0.6000000000000001,0.8,0.7615215082962972,0.2614030824062447,0.0,0.4872619880436801,0.0,0.4054651081081644,0.4641630654510255,1.4475677406305645,0.0,0.8260637051725952,0.6729958196321788,5
538167,-0.2006733934858729,0.2905406156119291,0.0,0.5,0.5,0.0,0.0,-0.0132002449729417,0.341316838923196,0.8454879529219202,-0.0833673107571263,1.3087681003312956,0.0,0.4641630654510255,0.0,0.0,-0.00957448964665,0.2775195446319455,6
538188,1.7590245704067542,0.9744013643849618,0.5,0.5,1.0,0.75,0.0,0.8922923152353788,-0.658683161076804,0.0,0.0269891667947226,1.0,0.0,0.0,0.0,1.0,0.6279161430416396,0.2950405668416651,5
538197,-0.2967009531759736,0.0342356026297282,0.5,1.0,1.0,1.5,2.0,-0.026610582219974,-0.2218539557031286,0.0,-0.3378778341536493,0.0,0.0,0.4641630654510255,0.0,0.0,-0.3579992541119324,0.588619206881392,5
538214,1.0565597869604002,0.3794715120532125,0.0,0.0,0.5,0.0,0.0,0.119848595697766,-0.658683161076804,-1.0,0.1285072852083251,0.0,0.0,-0.1695975135107168,0.0,1.2892242269941023,-0.131200403080896,-2.4627357573632054,2
538216,-0.4250134860580404,0.2905406156119291,0.0,0.5,0.5,1.0,0.0,0.1459488631182283,0.341316838923196,0.8454879529219202,-0.6566197736857983,1.3087681003312956,0.0,0.4641630654510255,0.0,0.0,-0.5210630364689138,0.4965707724638052,6
538260,0.6298352634420402,0.2753642525262495,0.0,0.0,0.5,1.0,0.0,0.3855912196453804,0.341316838923196,0.0,0.4687463394429643,1.3087681003312956,0.0,-0.1695975135107168,0.0,1.2892242269941023,0.7231020317658902,0.1174523120998778,5
538270,-0.1741642862408282,-0.3548111444861987,-0.5,0.0,0.0,0.0,0.0,-0.2409464455532194,0.1350614931535953,0.0,-0.8521289889920516,0.0,0.0,0.4641630654510255,0.0,0.0,-1.0785535131983783,-0.6435483652476253,0
538274,-0.2393319811660805,-0.9039711300422292,-1.0,-0.5,-0.5,0.0,0.0,-1.4881826638675812,-0.658683161076804,0.0,0.5412403216331251,0.0,0.0,0.4641630654510255,0.0,0.0,-0.997415741828594,-1.6940212699635375,0
538279,-0.5674969481070116,0.1011544248762458,0.0,0.5,0.5,0.0,1.3333333333333333,0.3120243877222771,0.341316838923196,1.577882931182386,0.0269891667947226,2.4424745961808583,0.0,0.4641630654510255,0.0,0.0,0.2947681324874345,0.7883332584789065,6
538306,0.0037909880207375,-0.2752294817283874,-0.5,0.0,0.0,0.0,0.0,-0.0776927918335968,-0.658683161076804,0.0,-0.5691161559187239,0.0,0.0,0.4641630654510255,0.0,0.0,-0.5340239313350723,-0.0838451927909678,0
538319,0.2581006069710115,0.8133188749341947,0.0,0.5,0.5,1.0,1.3333333333333333,0.3503309115823942,0.69823228777992,0.8454879529219202,-0.2042491549703521,1.3087681003312956,0.0,0.4641630654510255,0.0,0.0,0.2202133342283552,0.9061303204007696,5
538321,-0.2006733934858729,-0.6123631726854253,-0.5,-0.5,-0.5,1.5,0.0,-0.1685998590832503,-0.658683161076804,-1.577882931182386,1.189120155654825,0.0,0.0,-1.945257774202184,2.6303167041658844,1.8170594925112875,0.5025569089486057,-0.8035421673404807,2
538331,1.1965948931076589,0.5740257630792477,1.0,1.0,1.0,0.0,0.0,0.7427466556832719,0.2614030824062447,0.0,0.6427584400467276,1.0,0.0,-0.311497195240441,1.18274896353532,0.8170594925112873,1.0787238344502457,0.5616403112000157,5
538349,1.2120056380659276,0.7031942868616717,1.0,1.0,1.0,0.0,0.8,-0.0356708674141617,0.0,-0.5778829311823854,0.6427584400467276,0.0,0.0,-0.311497195240441,1.18274896353532,0.8170594925112873,0.2265400082082869,0.2130842835668749,5
538350,0.0801373769604198,0.8133188749341947,-0.5,0.0,0.0,0.0,0.0,-0.1685998590832503,-0.658683161076804,0.0,0.0269891667947226,0.0,0.0,0.4641630654510255,0.0,0.0,-0.2587185067522833,-0.6572222801081776,0
538388,-1.527783866102313,0.1978772796996186,1.0,1.5,1.5,0.0,0.8,0.195842411752537,0.69823228777992,0.0,-0.3378778341536493,0.0,0.0,0.4641630654510255,0.0,0.0,-0.1013598393451788,0.7826118026792711,5
538413,0.4157310499426465,1.8807984642165336,-1.0,0.0,0.0,1.5,2.0,0.3180322449358585,-0.658683161076804,0.0,-0.8521289889920516,0.0,1.0986122886681096,1.8735839051042344,0.0,0.0,-0.6185610197614966,0.1878989197826638,5
538426,-0.0736102450604584,-0.9039711300422292,-1.0,-0.5,-0.5,0.0,0.0,-1.910135122456495,-0.658683161076804,0.0,-1.7312471447788258,0.0,0.0,0.4641630654510255,0.0,0.0,-5.009979129451652,-1.875931697243846,0
538432,-0.5779753101425147,-0.0347747680912913,0.5,1.0,1.0,0.0,0.0,0.2280907981194525,0.4368292053736752,0.6460181545591593,-0.2363597157400465,1.0,0.0,0.4641630654510255,0.0,0.0,-0.0616295472765821,0.2461866523740632,5
538438,1.852914209629976,1.195929196523542,0.0,0.5,0.5,1.0,0.0,-0.4737170999272641,-0.0955123664504794,0.0,-0.4872619880436798,0.0,0.0,0.4641630654510255,0.0,0.0,-0.8984750310682384,-0.3523874979807037,0
538441,-1.410637422465001,1.103695978225202,0.0,0.5,1.0,0.75,1.0,0.5438069007810375,0.69823228777992,1.7466597846047676,-0.1423686188473956,3.4424745961808574,0.5108256237659907,0.4641630654510255,0.0,1.2892242269941023,0.4568280229324966,-0.2061699672570811,6
538454,-0.4512398771539826,-0.2752294817283874,0.0,0.0,0.0,1.0,0.0,-0.0132002449729417,-0.658683161076804,-1.0,0.3100019998680502,3.4424745961808574,0.0,-0.9452577742021836,1.8662394014360388,1.2892242269941023,-0.3402961984201438,-1.3307690260589864,2
538457,0.9343819597503666,0.3939512500814855,0.0,0.5,0.5,0.0,2.6666666666666665,-0.0402378076159011,0.69823228777992,0.0,0.0269891667947226,0.0,0.0,0.4641630654510255,0.0,0.0,-0.1648113946144671,-0.077229953610825,5
538458,-0.0744015470175892,-0.3957040193861091,0.5,1.0,0.5,0.75,0.0,-0.058757199348954,-0.2218539557031286,0.6460181545591593,-0.0833673107571263,1.3087681003312956,0.0,0.0,1.4475677406305645,0.0,-0.0857644567952958,0.6662491926464091,5
538463,0.7446353444768321,0.0171841500464987,-1.5,-1.0,-1.0,0.0,0.0,-5.01837906474446,-0.658683161076804,-3.801784016923932,-1.7312471447788258,-5.8849491923617165,0.0,-1.945257774202184,0.0,0.0,,,1
538489,-0.3238171625337165,-0.6123631726854253,0.0,0.0,0.5,0.0,1.3333333333333333,0.0630667133623977,0.69823228777992,0.0,0.3100019998680502,1.3087681003312956,0.0,-0.1695975135107168,0.0,1.2892242269941023,0.3720373327539192,-0.0201057998995251,2
538511,0.3963201768067612,-0.4373685033222146,-1.5,-1.0,-1.0,0.0,0.0,-5.01837906474446,-0.658683161076804,-3.801784016923932,-1.7312471447788258,-5.8849491923617165,0.0,-1.945257774202184,0.0,0.0,,,1
538522,0.3826052266985275,0.6779579877571728,0.5,1.0,1.0,0.75,0.0,0.6328124390213116,0.1350614931535953,0.6460181545591593,0.1038793384945924,1.0,0.0,0.4641630654510255,0.0,0.0,0.4513217956922514,0.0154384055507672,5
538529,1.5868684479227206,0.8605538768015021,0.0,0.5,0.5,1.0,0.0,0.2813252398213982,1.2614030824062443,0.0,-0.3378778341536493,0.0,0.0,0.4641630654510255,0.0,0.0,-0.2757850898537475,-0.3264698309704609,5
538538,-0.5821840258877913,-0.4373685033222146,0.0,0.5,0.5,1.0,0.0,-0.158000997265679,0.341316838923196,0.8454879529219202,-0.2042491549703521,1.3087681003312956,0.0,0.4641630654510255,0.0,0.0,-0.2112707256824409,0.6926896855150689,6
538608,-0.6947038181364555,-0.1241858541912811,0.5,1.0,1.0,0.75,0.0,0.1064888847255386,0.4368292053736752,0.6460181545591593,-0.2363597157400465,1.0,0.0,0.4641630654510255,0.0,0.0,-0.119709197175001,0.5498263388930749,5
538638,-0.1753607007107251,-0.3146618177495106,-0.5,0.0,0.0,1.5,0.0,-0.0873225926996591,0.1350614931535953,2.2239010857415447,-0.3378778341536493,3.4424745961808574,0.0,0.4641630654510255,0.0,0.0,-0.0599766557035065,0.2506648858554993,6
538641,-0.1858638490810301,2.4085841437370537,0.0,1.5,1.5,1.2000000000000002,2.4,0.9627009226019672,0.0,0.0,-0.1791334945787352,0.0,0.8472978603872036,1.4641630654510254,0.0,0.0,0.4297728325978483,-0.0380822079216354,5
538666,0.3501857072988972,2.258719851855884,0.0,1.0,0.5,0.75,2.0,0.4820678610374498,-0.2218539557031286,0.0,-0.8521289889920516,0.0,0.5108256237659907,0.4641630654510255,1.8662394014360388,0.0,-0.483573490993617,0.3065935428257301,5
538677,-1.2507082751891578,-1.9470124225188288,-1.0,-0.5,-0.5,0.0,0.0,-1.163734893384068,-0.658683161076804,0.0,-1.7312471447788258,0.0,0.0,0.4641630654510255,0.0,0.0,-5.009979129451652,-1.4554072961015887,0
538680,-0.6663126986576403,-0.0347747680912913,0.0,0.5,0.0,1.0,0.0,-0.48141211600645,0.69823228777992,0.0,-0.8521289889920516,0.0,0.0,-0.1695975135107168,1.8662394014360388,0.0,-1.2764365545733058,-0.3044862764318973,0
538681,0.9021350471229288,0.7031942868616717,-1.0,-0.5,-0.5,0.0,0.0,-0.7797400984355424,1.491976942010319,3.801784016923932,-1.7312471447788258,5.8849491923617165,0.0,0.4641630654510255,0.0,0.0,-5.009979129451652,-1.1286898740805589,6
538691,0.6778935115054123,0.6906121893614907,0.5,0.5,1.0,0.0,0.0,0.4404028230702462,0.1350614931535953,-0.7323949782604657,0.3100019998680502,1.0,0.0,0.0,0.0,1.0,0.4263973519550847,-0.2769956991652583,2
538696,-0.2126105872403068,-1.0656153830619794,-0.5,-1.0,0.0,1.5,2.0,-0.819200076828232,-0.658683161076804,-3.801784016923932,-0.3378778341536493,0.0,0.0,-1.945257774202184,0.0,3.10628371950539,-1.0954957655003323,-5.846818380501243,3
538703,-0.1871284110521461,-0.3957040193861091,0.0,0.5,0.0,1.0,0.0,0.3238935373742941,0.341316838923196,2.8017840169239308,-1.2169959899404237,3.4424745961808574,0.0,-0.1695975135107168,1.8662394014360388,0.0,-0.7802019202404108,1.0288464356885163,6
538714,0.4868744587804661,0.2600828618709601,0.0,0.5,0.5,1.0,0.0,-0.0154205319084055,-0.0955123664504794,1.577882931182386,-0.0833673107571263,2.4424745961808583,0.0,0.4641630654510255,0.0,0.0,0.0426512479371158,0.7292305265118069,6
538780,0.8089597077557817,0.5472599549180527,0.0,0.5,0.5,0.0,0.0,0.0650897597231013,-0.0955123664504794,0.0,0.5412403216331251,0.0,0.0,0.4641630654510255,0.0,0.0,0.3380444910216241,0.4515281318345475,5
538788,0.1174693961272293,-0.0879858281037825,-0.5,0.0,0.0,0.0,2.0,-0.0897473379829274,0.69823228777992,0.0,-0.5691161559187239,0.0,0.0,0.4641630654510255,0.0,0.0,-0.6456872134596103,-0.1458216943532736,0
538814,-0.0037990970921994,-0.6123631726854253,-0.5,-0.5,-0.5,1.5,4.0,-2.0981555227597664,-0.658683161076804,-1.577882931182386,-0.3378778341536493,0.0,0.0,-1.945257774202184,2.6303167041658844,1.8170594925112875,-2.2090143817826937,-1.022462446837299,0
538883,-0.8782284189293434,-1.0656153830619794,-0.5,0.0,0.0,0.0,0.0,0.0236760977630713,0.1350614931535953,0.0,0.3100019998680502,0.0,0.0,0.4641630654510255,0.0,0.0,-0.360371550563772,-0.488136381400937,0
538915,-0.0696590149249183,0.2446949798295298,0.5,1.0,0.5,0.0,0.0,0.5883992318067482,-0.658683161076804,0.0,-1.366380143830454,0.0,0.0,0.0,1.4475677406305645,0.0,-1.3790947510419351,0.373677765569962,0
538919,-0.3192689469536935,-0.3146618177495106,-1.0,0.0,-0.5,1.5,4.0,-5.01837906474446,1.491976942010319,3.801784016923932,-1.7312471447788258,-5.8849491923617165,1.0986122886681096,0.4641630654510255,4.496556105601924,0.0,-5.009979129451652,1.083623071418565,4
538944,-0.6751709574862931,0.4649590448526473,1.0,1.5,1.0,0.6000000000000001,0.0,0.6511526688560793,0.4919769420103195,0.0,0.0269891667947226,0.0,0.0,0.0979236444127681,1.18274896353532,0.0,0.4470970290103878,0.6019929830981741,5
538976,1.6575068140314222,0.9854698193237402,1.0,0.5,1.5,0.0,0.0,0.822068019224927,0.0,-1.2239010857415449,-0.1791334945787352,0.0,0.0,-0.311497195240441,0.0,1.5078734502500786,0.2859193983912274,0.4951167837126082,5
539008,-1.131463689295552,-0.3346452313910828,0.0,0.5,0.5,0.0,0.0,0.3924696121650622,-0.658683161076804,0.0,-0.3378778341536493,0.0,0.0,0.4641630654510255,0.0,0.0,-0.0638395497420672,-0.0705972040323095,5
539010,-1.3634051540010357,-0.5672972791819948,0.0,0.0,0.5,1.0,0.0,0.7391225709373865,-0.0955123664504794,-1.0,0.4687463394429643,0.0,0.0,-0.1695975135107168,0.0,1.2892242269941023,0.7487698220789274,0.1779663495185339,2
539012,-0.0229174433043562,-0.1984164451611818,0.0,0.5,0.5,0.0,1.3333333333333333,0.6430506986977619,0.9999999999999998,1.577882931182386,-0.2042491549703521,2.4424745961808583,0.0,0.4641630654510255,0.0,0.0,0.5192012349554982,0.7088523409358126,6
539093,1.1375835774544754,0.5472599549180527,0.0,0.5,0.5,0.0,1.3333333333333333,0.0021800747076538,-0.0955123664504794,0.0,0.222498382100976,0.0,0.0,0.4641630654510255,0.0,0.0,-0.0273788928167589,0.2712186761071655,5
539105,-0.2852052676491315,-0.8273801410529529,-1.0,-0.5,-0.5,3.0,0.0,-1.501047011525147,0.69823228777992,0.0,-0.8521289889920516,0.0,0.0,0.4641630654510255,0.0,0.0,-2.115510397575312,-0.9984020096226198,0
539135,-1.527783866102313,-0.0347747680912913,1.0,1.5,1.0,0.0,1.6,0.5051541929722428,-0.30176771222008,0.5227586988632229,-0.4482343117054982,1.0,0.0,0.0979236444127681,1.18274896353532,0.0,-0.1420175195356132,0.3362816904796313,5
539140,0.7074419513804496,0.5606834135017086,0.0,0.5,0.5,1.0,1.3333333333333333,0.3951097236179296,-0.0955123664504794,0.0,-0.6566197736857983,0.0,0.0,0.4641630654510255,0.0,0.0,-0.5259596805111889,0.6002364233888152,5
539146,0.2849014004071215,0.0342356026297282,-1.0,-0.5,-0.5,0.0,0.0,0.0404865985677702,-0.658683161076804,0.0,-0.8521289889920516,0.0,0.0,0.4641630654510255,0.0,0.0,-0.8469577656261809,-1.3546079632618453,0
539209,-0.3887462752932755,-0.0523696989290143,0.5,1.0,0.5,1.5,1.0,0.3910984183645553,0.69823228777992,0.6460181545591593,-0.2042491549703521,1.3087681003312956,0.0,0.0,1.4475677406305645,0.0,0.0941757787920636,0.5592289179074948,5
539221,-0.2699925218508799,-0.1796235475848035,1.5,0.5,2.0,0.0,0.6666666666666664,0.962652175829682,-0.0955123664504794,-1.577882931182386,-0.0269891667947223,1.3087681003312956,0.0,-0.5358369345489745,0.0,1.8170594925112875,1.052379390041966,0.2886053034747714,2
539243,0.4341680031859483,0.6652308508706292,0.0,0.5,0.5,0.0,0.0,-0.0425305938046579,-0.0955123664504794,0.0,1.0076254409950998,0.0,0.0,0.4641630654510255,0.0,0.0,0.5218457100882141,-0.3829710222106396,5
539267,-0.2263520655628703,-0.6817349135302966,-0.5,0.0,0.0,0.0,0.0,-0.5540253053593464,0.1350614931535953,2.2239010857415447,-1.2169959899404237,3.4424745961808574,0.0,0.4641630654510255,0.0,0.0,-1.2423031999997565,-0.4063787810640746,6
539283,0.6817756490366277,0.0342356026297282,-0.5,-0.5,0.0,0.0,0.0,0.377164679495498,-0.658683161076804,-1.577882931182386,0.0269891667947226,0.0,0.0,-0.5358369345489745,0.0,1.8170594925112875,-0.07335071590129,-1.1676814982963666,2
539300,-0.1055405830405939,-0.3751629211508731,0.0,0.5,-0.5,1.0,1.3333333333333333,-0.73157851013244,0.69823228777992,0.0,-0.8521289889920516,0.0,0.0,-0.9452577742021836,3.313807142066604,0.0,-1.4823024764163073,0.223505123986215,0
539304,0.0924286178033191,-0.0347747680912913,-0.5,-1.0,0.0,1.5,0.0,-0.0970637232090711,-0.658683161076804,-3.801784016923932,0.1763733206847534,3.4424745961808574,0.0,-1.945257774202184,0.0,3.10628371950539,0.3368035283878167,-5.846818380501243,3
539307,0.8017251673520314,0.0679485038398385,-1.5,-1.0,-1.0,0.0,0.0,-5.01837906474446,-0.658683161076804,-3.801784016923932,-1.7312471447788258,-5.8849491923617165,0.0,-1.945257774202184,0.0,0.0,,,1
539315,-0.3887462752932755,-0.2557742709686207,0.0,0.5,0.5,0.0,0.0,0.1441111341357359,0.341316838923196,0.8454879529219202,-0.2042491549703521,1.3087681003312956,0.0,0.4641630654510255,0.0,0.0,0.0751017805094012,0.4057313695672562,6
539317,1.7590245704067542,1.2650939780789934,1.0,1.0,1.5,0.0,1.6,0.8334530559114868,-0.30176771222008,0.0,0.1478710110079485,0.8092012510390698,0.0,0.0979236444127681,0.0,0.8170594925112873,0.6680514498477046,0.2743814507760572,5
539320,-0.8438942586172689,-0.1984164451611818,1.0,0.5,1.5,0.6000000000000001,0.0,0.644067715603926,-0.30176771222008,-1.2239010857415449,0.0269891667947226,0.8092012510390698,0.0,-0.311497195240441,0.0,1.5078734502500786,0.758303414554481,-0.1109953822904169,2
539337,-1.3930895867151236,-1.0937450900539751,0.0,0.5,-0.5,0.0,0.0,0.1216076941696255,0.341316838923196,0.0,0.0269891667947226,0.0,0.0,-0.9452577742021836,3.313807142066604,0.0,-0.019475079259349,0.065265017427365,0
539338,-0.4778593511670246,0.0,0.0,0.5,0.0,0.0,0.0,-0.203996919301769,-0.0955123664504794,0.0,-0.1423686188473956,0.0,0.0,-0.1695975135107168,1.8662394014360388,0.0,-0.4795304026488032,0.3791236081023996,0
539384,0.2737835098716158,0.0511563914573724,-0.5,0.0,0.0,0.0,0.0,-0.1219209359602892,-0.658683161076804,0.0,-0.5691161559187239,0.0,0.0,0.4641630654510255,0.0,0.0,-0.7422763145396287,-0.5011026330960214,0
539414,0.2142446204098905,-0.1060116599355281,0.0,0.0,0.5,1.0,1.3333333333333333,0.4154448493136884,-0.658683161076804,-1.0,0.4687463394429643,0.0,0.0,-0.1695975135107168,0.0,1.2892242269941023,0.6343143465141038,-0.6321832172080599,2
539426,0.0151156419895084,0.3502240363019069,0.0,0.0,0.5,0.0,0.0,0.1783604899693053,-0.0955123664504794,-1.0,0.60981374613042,1.3087681003312956,0.0,-0.1695975135107168,0.0,1.2892242269941023,0.5559479127909243,-0.3333444726524236,2
539453,-1.5713707704398454,-0.7533569369943934,-1.0,-1.0,-0.5,3.0,0.0,-0.9235088868461168,-0.658683161076804,-3.801784016923932,1.055491476471528,0.0,0.0,-1.945257774202184,0.0,3.10628371950539,-0.2031051237199449,-5.846818380501243,3
539460,0.8727777305739437,0.1011544248762458,0.0,0.5,0.5,0.0,0.0,-0.0611010072704138,0.69823228777992,0.0,-1.0833673107571262,0.0,0.0,0.4641630654510255,0.0,0.0,-1.14368468044754,-0.0249929044655263,0
539493,0.7285507952129684,0.2135937313624968,-1.5,-1.0,-1.0,0.0,0.0,-5.01837906474446,-0.658683161076804,-3.801784016923932,-1.7312471447788258,-5.8849491923617165,0.0,-1.945257774202184,0.0,0.0,,,1
539510,-0.9835150408322476,-0.3548111444861987,0.5,0.5,1.0,0.0,1.0,0.4352095961256225,0.1350614931535953,-0.7323949782604657,0.5930148329413781,0.0,0.0,0.0,0.0,1.0,0.3840334525253694,-0.0386092279172323,2
539519,0.5943448012581543,0.0,0.0,0.0,0.5,0.0,0.0,0.1587019472863331,-0.0955123664504794,-1.0,0.0269891667947226,0.0,0.0,-0.1695975135107168,0.0,1.2892242269941023,-0.0846230776296541,-0.0281116045777848,2
539528,0.1595917786332844,0.9182112552292012,0.5,1.5,1.0,1.8,1.6,0.9072989167764098,0.0,2.2239010857415447,-0.4482343117054982,3.4424745961808574,0.4054651081081644,0.4641630654510255,1.4475677406305645,0.0,0.694596416237576,1.4345502782545996,6
539542,1.0111854052125764,0.1011544248762458,-0.5,-0.5,-0.5,0.0,0.0,-0.1606382401211373,-0.658683161076804,-1.577882931182386,1.4203584774198996,3.4424745961808574,0.0,-1.945257774202184,2.6303167041658844,1.8170594925112875,1.1287462294189692,0.4926206152799864,2
539558,-0.093499335471865,-0.0173189290703666,0.5,1.0,1.0,0.0,1.0,0.3195275397461404,-0.2218539557031286,1.223901085741545,0.1763733206847534,1.8945304820059297,0.0,0.4641630654510255,0.0,0.0,0.3757460841567502,0.1768189934317909,6
539566,-0.1795545095386603,-0.5672972791819948,-0.5,0.0,0.0,1.5,0.0,-0.3427364093751474,0.1350614931535953,1.223901085741545,0.3100019998680502,0.0,0.0,0.4641630654510255,0.0,0.0,-0.3740854747054514,0.7353885493207271,0
539611,-0.6012476494843001,-0.6123631726854253,0.0,0.5,0.5,0.0,0.0,-0.101976847359489,0.341316838923196,0.0,0.0269891667947226,0.0,0.0,0.4641630654510255,0.0,0.0,-0.3444309017068309,0.0380736551738196,0
539625,-0.3292904402501106,-0.5672972791819948,-0.5,0.0,0.0,0.0,0.0,-0.1659376186237856,0.1350614931535953,0.0,-0.5691161559187239,0.0,0.0,0.4641630654510255,0.0,0.0,-0.7847728837111847,-0.3060176385782309,0
539627,0.2376363799711459,-0.2948576299622514,-0.5,0.0,0.0,1.5,0.0,-0.32650087038226,-0.658683161076804,0.0,-0.5691161559187239,0.0,0.0,0.4641630654510255,0.0,0.0,-0.7364125359441881,-0.6274200993119035,0
539637,-0.0114217577775157,-0.3346452313910828,0.5,0.0,1.0,0.0,4.0,0.6847425160005512,-0.2218539557031286,-1.577882931182386,0.6427584400467276,1.8945304820059297,0.0,-0.5358369345489745,0.0,1.8170594925112875,0.8822598959245754,-0.728473649924385,2
539648,-0.4077419345842769,-0.0879858281037825,0.5,0.5,1.0,0.0,1.0,0.3254823235723821,0.4368292053736752,-0.7323949782604657,0.0269891667947226,0.0,0.0,0.0,0.0,1.0,0.2178581248765996,-0.0737109203462597,5
539656,-0.6937687945752962,-0.7292238865448002,-1.0,-1.0,-0.5,3.0,0.0,-0.6860215557564271,-0.658683161076804,-3.801784016923932,0.3100019998680502,0.0,0.0,-1.945257774202184,0.0,3.10628371950539,-0.4866213538639213,-5.846818380501243,3
539669,-0.2611782247854098,0.2446949798295298,-0.5,-0.5,0.0,1.5,2.0,-0.549822810839958,-0.658683161076804,-1.577882931182386,-0.5691161559187239,3.4424745961808574,0.0,-0.5358369345489745,0.0,1.8170594925112875,-0.2815180929417601,-0.4372249536912335,2
539671,-0.4829752756262309,-1.0937450900539751,-1.0,-0.5,-0.5,0.0,0.0,-1.0969594992736968,0.69823228777992,0.0,0.0269891667947226,0.0,0.0,0.4641630654510255,0.0,0.0,-1.0256325926622294,-0.4637873071293658,0
539710,1.2339269122744685,0.8488395143843301,0.5,1.0,1.0,0.0,1.0,0.831827876457371,-0.2218539557031286,0.0,0.7812558369313752,0.0,0.0,0.4641630654510255,0.0,0.0,1.3233590374502255,0.4439856456640161,5
539729,-0.142162029197963,-0.5013773948113078,-1.0,-0.5,-0.5,0.0,0.0,-1.172466561205996,-0.658683161076804,2.2239010857415447,1.055491476471528,3.4424745961808574,0.0,0.4641630654510255,0.0,0.0,0.0705579393042055,-0.2835065661091522,6
539782,0.036621446157369,-0.2557742709686207,-1.0,-0.5,-1.0,0.0,0.0,-5.01837906474446,0.69823228777992,0.0,-1.7312471447788258,-5.8849491923617165,0.0,-1.945257774202184,4.496556105601924,0.0,-5.009979129451652,-1.9626278072236616,4
539794,-0.4439158370292121,-0.1060116599355281,0.5,1.0,1.0,0.75,0.0,0.5741639624164553,0.1350614931535953,0.0,0.1763733206847534,0.0,0.0,0.4641630654510255,0.0,0.0,0.5731633229061762,0.2411763253166815,5
539855,0.9699046881409304,0.4083366568994223,-0.5,0.0,0.0,0.0,0.0,-0.2765544934337305,0.1350614931535953,0.0,0.0269891667947226,0.0,0.0,0.4641630654510255,0.0,0.0,-0.3477565084969551,-0.1797057955736285,0
539864,-0.458594244653544,-0.4584993070321419,0.5,0.5,0.5,0.75,0.0,0.3430982628437193,-0.2218539557031286,-0.7323949782604657,0.5412403216331251,1.3087681003312956,0.0,-0.5358369345489745,1.4475677406305645,1.0,0.824067459762045,-0.1913026007496756,2
539866,0.8745181297464294,0.1978772796996186,-1.5,-1.0,-1.0,0.0,0.0,-5.01837906474446,-0.658683161076804,-3.801784016923932,-1.7312471447788258,-5.8849491923617165,0.0,-1.945257774202184,0.0,0.0,,,1
539868,-0.5139842008683698,-0.0173189290703666,0.0,0.5,0.0,0.0,1.3333333333333333,0.3058671053675292,-0.0955123664504794,0.0,-1.2169959899404237,0.0,0.0,-0.1695975135107168,1.8662394014360388,0.0,-1.750723922896522,0.4431404867274969,0
539883,-0.4077419345842769,0.1338683882105274,1.0,1.0,1.0,0.6000000000000001,0.0,0.6172179457009993,0.69823228777992,-0.5778829311823854,-0.0548650010803214,0.0,0.0,-0.311497195240441,1.18274896353532,0.8170594925112873,0.2152729214526725,-0.4536660713437193,5
539888,-0.2288171280174327,-0.8526164401574539,-1.0,-1.0,-0.5,0.0,0.0,-0.6197155758110998,-0.658683161076804,-3.801784016923932,0.9061073225814968,0.0,0.0,-1.945257774202184,0.0,3.10628371950539,-0.044198616820076,-5.846818380501243,3
539899,0.1466603276263579,-0.6123631726854253,-1.0,-0.5,-1.0,0.0,4.0,-5.01837906474446,0.69823228777992,2.2239010857415447,-1.7312471447788258,-5.8849491923617165,0.0,-1.945257774202184,4.496556105601924,0.0,-5.009979129451652,-1.881630329438077,4
539912,-0.4883200801816292,0.1661047583479931,1.0,1.5,1.0,0.0,0.8,0.4127741706770125,0.0,0.5227586988632229,0.3718825359910068,0.0,0.0,0.0979236444127681,1.18274896353532,0.0,0.3140778195354495,0.940984599153774,5
539916,-0.877162026094303,-0.983314472996574,0.0,0.0,0.0,1.0,1.3333333333333333,-0.5373396431954355,-0.0955123664504794,0.0,1.251000691777781,0.0,0.0,-0.9452577742021836,1.8662394014360388,1.2892242269941023,0.2059605643644722,0.2793112770774109,0
539917,-0.1795545095386603,-0.2364889768829301,0.5,1.0,0.5,0.0,0.0,0.3883493183583352,0.1350614931535953,0.6460181545591593,-0.4872619880436798,0.0,0.0,0.0,1.4475677406305645,0.0,-0.360371550563772,0.7392399169112787,5
539919,0.2492177349283896,1.8511583931869493,0.0,-0.5,1.0,0.75,1.0,1.0498562274161638,-0.658683161076804,-3.801784016923932,0.4308838440812761,0.0,0.5108256237659907,-0.9452577742021836,0.0,3.10628371950539,0.8863245062511582,-5.846818380501243,3
539936,0.6516056346491547,0.2446949798295298,-0.5,0.0,0.0,0.0,0.0,-0.3011576545890609,0.1350614931535953,1.223901085741545,-0.1423686188473956,1.8945304820059297,0.0,0.4641630654510255,0.0,0.0,-0.2917432094562844,0.5879826914142992,6
539953,-0.1795545095386603,-0.4584993070321419,-0.5,0.0,0.0,0.0,0.0,-0.1244474698007082,-0.658683161076804,0.0,-0.1423686188473956,0.0,0.0,0.4641630654510255,0.0,0.0,-0.2772891852083016,-0.3982462521119816,0
539962,1.0827432176273992,0.7893169849572652,-1.0,0.0,0.0,1.5,2.0,-0.9636402049320868,-0.658683161076804,0.0,1.521876595833502,0.0,1.0986122886681096,1.8735839051042344,0.0,0.0,0.0445470459371229,1.083623071418565,5
540014,-0.471909338187158,-0.5451046085908845,0.0,0.5,0.5,0.0,0.0,0.3074902149632082,-0.658683161076804,0.0,-1.366380143830454,0.0,0.0,0.4641630654510255,0.0,0.0,-1.5688037725215254,0.9470801749610304,0
540029,-0.248038259449874,-0.1984164451611818,-0.5,0.0,0.0,1.5,0.0,-0.4145631035827674,1.1350614931535954,3.801784016923932,0.5412403216331251,4.751242696512155,0.0,0.4641630654510255,0.0,0.0,0.4988797515598305,0.8005392202057238,6
540043,0.2835154641577846,-0.589715259924501,-1.5,-1.0,-1.0,0.0,0.0,-5.01837906474446,-0.658683161076804,-3.801784016923932,-1.7312471447788258,-5.8849491923617165,0.0,-1.945257774202184,0.0,0.0,,,1
540094,0.686423040820638,0.1338683882105274,0.0,0.5,0.0,0.0,1.3333333333333333,-0.2735290021958272,0.69823228777992,0.0,-1.2169959899404237,0.0,0.0,-0.1695975135107168,1.8662394014360388,0.0,-1.339666742781726,0.073839794141725,0
540138,0.7029770395322223,0.1820481643393343,-1.0,-1.0,-0.5,0.0,4.0,-0.62428251601284,-0.658683161076804,-3.801784016923932,0.7367495369393785,0.0,0.0,-1.945257774202184,0.0,3.10628371950539,-0.2277559961590053,-5.846818380501243,3
540147,1.068244547615263,0.4649590448526473,1.0,1.5,1.5,0.6000000000000001,0.8,0.9190633535754444,0.4919769420103195,1.4390194395059634,-0.6208906672269769,2.227521671566561,0.0,0.4641630654510255,0.0,0.0,0.5646604625472464,0.9137870718415304,6
540150,0.9677052114345694,0.6652308508706292,-0.5,0.0,0.0,0.0,0.0,-0.3169076160410869,0.1350614931535953,0.0,0.0269891667947226,0.0,0.0,0.4641630654510255,0.0,0.0,-0.2742842501193885,-0.2718695748292688,0
540180,-1.1422605445110343,0.3354537328232688,1.0,1.5,1.0,0.6000000000000001,1.6,0.540365377666622,0.2614030824062447,0.0,0.6427584400467276,0.0,0.0,0.0979236444127681,1.18274896353532,0.0,0.7863044762089946,0.8321634161360146,5
540199,-0.5393634152579296,0.0679485038398385,0.0,0.5,0.5,0.0,2.6666666666666665,-0.0729188504259362,-0.0955123664504794,0.8454879529219202,-0.2042491549703521,1.3087681003312956,0.0,0.4641630654510255,0.0,0.0,-0.3751250366491398,0.505312700422797,5
540226,-0.3238171625337165,-1.3644696695666334,-1.5,-1.0,-1.0,0.0,0.0,-5.01837906474446,-0.658683161076804,-3.801784016923932,-1.7312471447788258,-5.8849491923617165,0.0,-1.945257774202184,0.0,0.0,,,1
540244,0.2293175019363365,0.7650513326678573,0.5,1.0,0.5,0.0,1.0,0.293739437186803,0.69823228777992,0.0,-0.3378778341536493,0.0,0.0,0.0,1.4475677406305645,0.0,-0.2006740775292377,0.497374684317272,5
540252,-0.0422438278350653,-0.4164379946042029,-0.5,-0.5,0.0,1.5,0.0,-0.1295233791538115,0.1350614931535953,-1.577882931182386,0.7367495369393785,1.8945304820059297,0.0,-0.5358369345489745,0.0,1.8170594925112875,0.3871014165727667,-1.237063986971249,2
540253,0.6082567043467907,-0.0879858281037825,-1.0,-0.5,-0.5,0.0,0.0,-0.8366940976961261,0.69823228777992,0.0,0.3100019998680502,0.0,0.0,0.4641630654510255,0.0,0.0,-0.611210551422754,-0.7081942328534057,0
540260,0.7427628327447111,0.8837977981322299,0.0,0.5,0.5,0.0,0.0,0.5585598423156307,0.69823228777992,1.577882931182386,-0.8521289889920516,2.4424745961808583,0.0,0.4641630654510255,0.0,0.0,-0.3933962532677738,0.0798748328866924,6
540302,0.7018271028048366,0.7772174909202333,1.0,1.0,1.0,1.8,0.8,0.1459488631182283,0.2614030824062447,0.5227586988632229,-0.0548650010803214,1.8945304820059297,0.0,-0.311497195240441,1.18274896353532,0.8170594925112873,0.2381462268448902,0.5458738470090905,5
540306,-0.8256779223810709,-0.2948576299622514,0.0,0.5,0.5,0.0,1.3333333333333333,0.119848595697766,0.69823228777992,0.0,-0.4872619880436798,0.0,0.0,0.4641630654510255,0.0,0.0,-0.2780424581629495,0.0971339730560007,5
540308,-0.4324673067072326,-1.1803503916127198,-1.0,-0.5,-0.5,0.0,0.0,-1.2268466161428315,0.69823228777992,0.0,-1.7312471447788258,0.0,0.0,0.4641630654510255,0.0,0.0,-5.009979129451652,-1.6858010852857956,0
540319,0.2061531384721079,-0.0523696989290143,0.0,0.5,-0.5,0.0,0.0,-1.3917806845113108,0.341316838923196,0.0,-0.8521289889920516,0.0,0.0,-0.9452577742021836,3.313807142066604,0.0,-2.025593391673338,0.980181047759576,0
540347,0.6425670542595154,0.7157050973079879,1.5,2.0,2.0,0.0,1.3333333333333333,1.1221079031984285,-0.0955123664504794,0.0,-0.6566197736857983,0.0,0.0,0.4641630654510255,0.0,0.0,0.166971454456862,0.7202980577312391,5
540348,-1.0439545018741934,-0.5013773948113078,-0.5,0.0,0.0,3.0,0.0,-0.7964257605994532,0.1350614931535953,0.0,-0.3378778341536493,0.0,0.0,0.4641630654510255,0.0,0.0,-1.1004134292804029,-0.0768163536531597,0
540413,-0.2263520655628703,-0.4373685033222146,-0.5,0.0,0.0,0.0,0.0,-0.5456411724586002,-0.658683161076804,0.0,-0.3378778341536493,0.0,0.0,0.4641630654510255,0.0,0.0,-0.8503903849462744,-0.2676725182195223,0
540415,0.712531001318998,0.7772174909202333,-0.5,0.0,0.0,0.0,0.0,-0.3660049050560748,0.1350614931535953,0.0,0.0269891667947226,0.0,0.0,0.4641630654510255,0.0,0.0,-0.3871933827570567,0.1246969866877575,0
540444,1.370615663756037,0.6004710149305419,0.5,0.5,0.5,0.0,1.0,0.2413082990217914,0.1350614931535953,0.6460181545591593,-0.2042491549703521,1.3087681003312956,0.0,-0.5358369345489745,1.4475677406305645,1.0,0.4145075837495373,-0.0191758981215136,5
540455,0.0801373769604198,-0.0173189290703666,-0.5,0.0,0.0,0.0,2.0,0.0129966340860437,0.69823228777992,0.0,0.3100019998680502,0.0,0.0,0.4641630654510255,0.0,0.0,-0.0033593795056364,-0.1435190517069461,0
540475,0.2142446204098905,-0.4164379946042029,-0.5,-0.5,0.0,0.0,2.0,-0.3074223555998511,0.1350614931535953,-1.577882931182386,0.9829974942813668,1.8945304820059297,0.0,-0.5358369345489745,0.0,1.8170594925112875,0.7201428696025629,-2.9748070111237253,2
540502,1.775859551556091,1.1348704085285175,0.5,0.5,1.0,0.0,0.0,0.0691213387276551,-0.2218539557031286,-0.7323949782604657,0.4308838440812761,0.0,0.0,0.0,0.0,1.0,0.3642016895179565,-0.1089380712595428,5
540527,-0.5033716720723769,0.0342356026297282,0.5,1.0,1.0,1.5,0.0,0.2363760015946733,-0.2218539557031286,0.0,-0.4482343117054982,0.0,0.0,0.4641630654510255,0.0,0.0,-0.3049362103329157,-0.0198018590916744,5
540557,-0.2567874259770644,-0.0347747680912913,0.5,0.5,1.0,0.75,1.0,-0.1295233791538115,0.1350614931535953,0.0,0.1763733206847534,1.0,0.0,0.0,0.0,1.0,-0.089659259922479,0.0652566827440889,5
540572,1.0176165910448571,0.8370626750721992,1.5,1.5,2.0,0.4999999999999998,0.6666666666666664,1.0060831555267695,0.1350614931535953,0.4390194395059628,0.3918561677430946,1.8945304820059297,0.0,0.1617063421381263,0.0,0.690813957738791,1.478069358213716,1.0264756955368377,5
540580,0.268897462186495,-0.0347747680912913,0.5,0.5,0.5,0.0,0.0,0.2575438380146787,0.1350614931535953,-0.7323949782604657,-0.2042491549703521,1.3087681003312956,0.0,-0.5358369345489745,1.4475677406305645,1.0,0.0185057830282098,-0.0776437542106724,2
540597,0.6939217015629536,0.3205839652723227,-0.5,0.0,-0.5,0.0,0.0,-0.5169367479377983,-0.658683161076804,0.0,-0.3378778341536493,0.0,0.0,-0.5358369345489745,2.6303167041658844,0.0,-0.82671143130462,-1.41386477500264,0
540605,-0.3593004624083679,-1.0378395182527564,-1.0,-0.5,-0.5,3.0,4.0,-0.8077359761143721,-0.658683161076804,0.0,0.9061073225814968,0.0,0.0,0.4641630654510255,0.0,0.0,-0.2352616762178259,-0.4439965713115565,0
540614,-1.777806791322904,1.556300763224698,0.5,1.5,1.5,1.2000000000000002,1.6,0.2968146172588332,0.2614030824062447,1.4390194395059634,-0.1791334945787352,2.227521671566561,0.4054651081081644,0.8735839051042346,0.0,0.0,0.2896519567121882,1.1983393108949782,5
540622,-0.3736946834025277,-0.0523696989290143,0.0,0.5,0.5,1.0,0.0,0.224753770373741,-0.0955123664504794,0.0,0.60981374613042,0.0,0.0,0.4641630654510255,0.0,0.0,0.4814570337753514,-0.0942118385481343,5
540642,-0.3593004624083679,-1.2400338123026975,-1.0,-1.0,-0.5,0.0,0.0,-2.181100971047307,-0.658683161076804,-3.801784016923932,2.0031830567555966,0.0,0.0,-1.945257774202184,0.0,3.10628371950539,-0.6939469603220094,-5.846818380501243,3
540652,-0.0461344695078639,-1.0104087041727063,-1.5,-1.0,-1.0,0.0,0.0,-5.01837906474446,-0.658683161076804,-3.801784016923932,-1.7312471447788258,-5.8849491923617165,0.0,-1.945257774202184,0.0,0.0,,,1
540653,0.3740616380595447,-0.2173706571356206,-1.0,-1.0,-0.5,3.0,0.0,-0.2765544934337305,-0.658683161076804,-3.801784016923932,0.5412403216331251,0.0,0.0,-1.945257774202184,0.0,3.10628371950539,0.0061102493765836,-5.846818380501243,3
540654,0.6972198960361199,0.4368293378606515,0.5,1.0,1.0,0.0,0.0,0.2527059391481663,0.1350614931535953,1.223901085741545,-0.1423686188473956,1.8945304820059297,0.0,0.4641630654510255,0.0,0.0,0.3839174140870495,0.5866132511461352,6
540656,-1.2928657410484024,0.5606834135017086,1.5,1.5,2.0,0.0,0.6666666666666664,0.715178272837252,-0.0955123664504794,0.4390194395059628,0.1285072852083251,1.8945304820059297,0.0,0.1617063421381263,0.0,0.690813957738791,0.7984734382218945,1.1022927342952415,5
540664,0.08520878179052,-0.5231327642549591,-0.5,0.0,-0.5,0.0,0.0,-0.4145631035827674,0.1350614931535953,0.0,0.0269891667947226,0.0,0.0,-0.5358369345489745,2.6303167041658844,0.0,-0.4616226952058042,-0.1410952091278832,0
540666,-1.2235090114128546,-0.983314472996574,-0.5,0.0,0.0,0.0,0.0,0.3254823235723821,-0.658683161076804,0.0,-0.5691161559187239,0.0,0.0,0.4641630654510255,0.0,0.0,-0.7958168345996091,-0.1743798182850987,0
540698,-0.2967009531759736,-0.4164379946042029,0.0,0.5,0.5,0.0,2.6666666666666665,0.0711299175201806,-0.658683161076804,0.0,-0.2042491549703521,0.0,0.0,0.4641630654510255,0.0,0.0,-0.2572175481582656,0.1220186323389458,5
540708,-0.3793240929122098,-0.4373685033222146,0.5,0.5,1.0,0.0,0.0,0.2027348706712991,-0.2218539557031286,-0.7323949782604657,0.5412403216331251,0.0,0.0,0.0,0.0,1.0,0.5498086801825524,0.0728573264373982,2
540718,0.9140837135191288,0.2135937313624968,0.0,0.0,0.0,0.0,0.0,-0.1194019552965795,-0.0955123664504794,-1.0,1.055491476471528,0.0,0.0,-0.9452577742021836,1.8662394014360388,1.2892242269941023,0.3894079058065947,-0.0324932913080594,2
540733,-1.348746936987948,-0.2364889768829301,0.5,0.5,0.5,0.0,1.0,0.5287910417649843,-0.2218539557031286,0.0,0.0269891667947226,1.3087681003312956,0.0,-0.5358369345489745,1.4475677406305645,1.0,0.4124781413642324,0.0753237327231427,5
540777,0.1221992982925887,-0.2173706571356206,-1.0,-1.0,-0.5,0.0,4.0,-1.0350896314257456,-0.658683161076804,-3.801784016923932,2.0031830567555966,0.0,0.0,-1.945257774202184,0.0,3.10628371950539,0.1932444420897018,-5.846818380501243,3
540819,-0.8530729726552201,1.8954706254192453,0.5,1.5,1.5,1.2000000000000002,1.6,0.4608614524934964,0.0,0.0,-0.4253814519207233,0.0,0.4054651081081644,0.8735839051042346,0.0,0.0,-0.08376827453817,0.3887891651081556,5
540837,0.0826231397362361,-0.6352457830218333,-1.0,-0.5,-0.5,0.0,0.0,-1.0810609445042134,-0.658683161076804,0.0,-0.8521289889920516,0.0,0.0,0.4641630654510255,0.0,0.0,-1.7698971542356123,-1.0838358528494805,0
540857,-0.4402651117697249,-1.5305744279146267,-1.5,-1.0,-1.0,0.0,0.0,-5.01837906474446,-0.658683161076804,-3.801784016923932,-1.7312471447788258,-5.8849491923617165,0.0,-1.945257774202184,0.0,0.0,,,1
540863,1.6955288320100632,1.2844638578702687,-0.5,-0.5,-0.5,0.0,0.0,-0.4145631035827674,0.69823228777992,1.223901085741545,1.055491476471528,0.0,0.0,-1.945257774202184,2.6303167041658844,1.8170594925112875,0.2178581248765996,-0.3539120264189865,0
540924,1.284355204914506,0.2135937313624968,0.0,-1.0,0.5,2.0,0.0,0.3938385781923697,-0.658683161076804,-3.801784016923932,1.146122837879747,1.3087681003312956,0.0,-1.945257774202184,0.0,3.10628371950539,0.7455051980220889,-5.846818380501243,3
540941,0.0188745369659033,-0.7292238865448002,-0.5,-0.5,-0.5,1.5,0.0,-0.4004014525057859,-0.658683161076804,-1.577882931182386,-0.8521289889920516,0.0,0.0,-1.945257774202184,2.6303167041658844,1.8170594925112875,-1.2097715855276303,0.4926206152799864,0
540966,0.0498930901822351,-0.6123631726854253,-1.5,-1.0,-1.0,0.0,0.0,-5.01837906474446,-0.658683161076804,-3.801784016923932,-1.7312471447788258,-5.8849491923617165,0.0,-1.945257774202184,0.0,0.0,,,1
540973,-0.5648869884699578,0.2135937313624968,0.0,0.5,0.5,0.0,0.0,0.501550773063559,0.69823228777992,0.0,-1.366380143830454,0.0,0.0,0.4641630654510255,0.0,0.0,-1.5174182171542403,0.411327029362709,0
540974,-0.3056937684055698,-0.1241858541912811,-0.5,-0.5,0.0,0.0,0.0,-0.5373396431954355,0.1350614931535953,-1.577882931182386,0.0269891667947226,0.0,0.0,-0.5358369345489745,0.0,1.8170594925112875,-0.5629656602971103,-1.2128935451042324,2
541001,0.2705276387244378,0.2291991117677428,-0.5,0.0,-0.5,0.0,0.0,-0.8426070932214954,0.1350614931535953,0.0,-0.3378778341536493,0.0,0.0,-0.5358369345489745,2.6303167041658844,0.0,-1.0954957655003323,0.2549996356169289,0
541034,-1.129926625406107,-2.031951822725933,-1.0,-1.0,-0.5,0.0,4.0,-0.4436211005163201,-0.658683161076804,-3.801784016923932,0.5412403216331251,0.0,0.0,-1.945257774202184,0.0,3.10628371950539,-0.2047983789852383,-5.846818380501243,3
541040,0.890795055412835,2.0979390935237405,0.0,0.5,1.0,1.5,2.0,0.4942973704140114,0.4368292053736752,-0.7323949782604657,-0.1423686188473956,0.0,0.5108256237659907,0.4641630654510255,0.0,1.2892242269941023,0.0440735821518716,0.1998481418504051,5
541041,-0.0667013502723841,-0.4373685033222146,-1.0,-0.5,-0.5,0.0,0.0,-0.1295233791538115,-0.658683161076804,0.0,0.5412403216331251,0.0,0.0,0.4641630654510255,0.0,0.0,0.1274248488017653,-1.7232965519453174,0
541047,-0.0275366324188616,1.2553449461862392,-0.5,0.0,0.5,1.0,1.3333333333333333,0.6700882613407213,0.341316838923196,0.8454879529219202,0.95788183388975,1.3087681003312956,0.6931471805599453,0.4641630654510255,0.0,1.8170594925112875,1.2286177295706044,-0.2263189741425751,5
541061,0.044966381854183,-0.1425108733599631,-0.5,-0.5,-0.5,3.0,0.0,-0.5796901849871293,0.1350614931535953,-1.577882931182386,-0.3378778341536493,5.8849491923617165,0.0,-1.945257774202184,2.6303167041658844,1.8170594925112875,-0.1179120790548126,-1.420356187535083,2
541083,0.2171255248751271,-0.3957040193861091,-1.0,-0.5,-0.5,0.0,4.0,-0.9705185974517686,-0.658683161076804,2.2239010857415447,-0.8521289889920516,3.4424745961808574,0.0,0.4641630654510255,0.0,0.0,-1.3133432209074687,0.3302367858196644,6
541084,-0.6269883495080566,0.0679485038398385,1.0,0.0,1.5,0.6000000000000001,0.8,0.6691021893680755,-0.30176771222008,-1.9562960640020104,0.6999846612080391,0.8092012510390698,0.0,-0.7756602606914664,0.0,2.10628371950539,0.949152951941972,-0.7268477802408119,2
541112,0.1990427254901064,0.0511563914573724,0.5,0.5,1.0,0.75,0.0,0.4455642383179503,0.1350614931535953,0.0,0.1038793384945924,1.0,0.0,0.0,0.0,1.0,0.2971888535981949,-0.4129965780046583,5
541132,-0.8902696664980724,-2.031951822725933,-1.5,-1.0,-1.0,0.0,0.0,-5.01837906474446,-0.658683161076804,-3.801784016923932,-1.7312471447788258,-5.8849491923617165,0.0,-1.945257774202184,0.0,0.0,,,1
541150,-0.4414811865953235,-0.3751629211508731,0.0,0.0,0.5,0.0,0.0,0.0830818683322752,0.341316838923196,-1.0,0.6748690008164222,0.0,0.0,-0.1695975135107168,0.0,1.2892242269941023,0.4766514825159643,-0.2867492494763555,2
541162,-0.9378885299188376,2.163662758750312,1.0,2.0,1.5,1.0,0.6666666666666664,0.6789113619015444,-0.0955123664504794,0.0,-0.1066395123885741,0.0,0.3364722366212129,0.4641630654510255,1.18274896353532,0.0,0.2074589716176262,0.7012977778047793,5
541168,-0.976924765317542,0.3354537328232688,1.5,1.5,1.0,0.4999999999999998,0.0,0.4820678610374498,0.1350614931535953,-0.4772413011367771,0.1038793384945924,0.0,0.0,-0.5358369345489745,1.8662394014360388,0.690813957738791,0.2720815601393535,0.5262738134805464,5
541176,-0.3736946834025277,-0.0347747680912913,0.0,0.5,0.5,1.0,1.3333333333333333,0.22642393624161,0.341316838923196,0.0,-0.3378778341536493,0.0,0.0,0.4641630654510255,0.0,0.0,-0.1489274867821019,-0.1782187066347879,5
541193,0.2566232100633605,-0.6123631726854253,-1.5,-1.0,-1.0,0.0,0.0,-5.01837906474446,-0.658683161076804,-3.801784016923932,-1.7312471447788258,-5.8849491923617165,0.0,-1.945257774202184,0.0,0.0,,,1
541216,-0.6449039982985236,-1.0937450900539751,-1.0,-0.5,-0.5,3.0,0.0,-0.9170023031282084,-0.658683161076804,0.0,-0.3378778341536493,0.0,0.0,0.4641630654510255,0.0,0.0,-1.15694297514093,-0.5321800247554764,0
541224,-0.3793240929122098,-0.4584993070321419,-0.5,0.0,0.0,0.0,0.0,-0.4547815074426213,0.1350614931535953,0.0,-0.3378778341536493,0.0,0.0,0.4641630654510255,0.0,0.0,-0.7022345612130932,0.3105225657944929,0
541235,0.9699046881409304,0.6135758138503429,1.0,1.5,1.5,0.0,1.6,0.3842087773263074,0.0,1.0,-0.1066395123885741,1.5479441141749286,0.0,0.4641630654510255,0.0,0.0,0.140282296327668,1.2013457012232165,5
541236,-0.0965020026509547,-1.0378395182527564,-1.5,-1.0,-1.0,0.0,0.0,-5.01837906474446,-0.658683161076804,-3.801784016923932,-1.7312471447788258,-5.8849491923617165,0.0,-1.945257774202184,0.0,0.0,,,1
541240,-0.6367381116681852,-1.1222377710152045,-0.5,-0.5,0.0,0.0,2.0,-0.5009628400646635,-0.658683161076804,-1.577882931182386,-0.1423686188473956,0.0,0.0,-0.5358369345489745,0.0,1.8170594925112875,-0.5863158101454655,-0.8692222981780552,2
541249,-0.2753021736780416,-0.0173189290703666,0.0,0.0,0.5,1.0,1.3333333333333333,0.6470405270842641,-0.658683161076804,0.0,0.3100019998680502,1.3087681003312956,0.0,-0.1695975135107168,0.0,1.2892242269941023,0.7562240254734623,-0.7344760166123926,2
541259,0.6740028698326137,0.5872879779418604,1.0,1.0,0.5,0.0,0.8,0.1676945449619792,-0.30176771222008,0.0,0.222498382100976,2.4424745961808583,0.0,-0.7756602606914664,2.18274896353532,0.8170594925112873,0.4342120881030066,0.5592522716009061,5
541262,-0.436621875182693,1.828664288954412,0.5,1.5,1.5,1.2000000000000002,1.6,0.7995529172311084,0.2614030824062447,0.0,-0.6208906672269769,0.0,0.4054651081081644,0.8735839051042346,0.0,0.0,0.007809117513535,0.5645695745796718,5
541282,1.2871152322195962,2.0912578414163354,-0.5,0.0,0.5,3.0,1.3333333333333333,-0.3329575947312695,0.341316838923196,-1.0,1.055491476471528,0.0,0.6931471805599453,0.4641630654510255,0.0,1.8170594925112875,0.2467384132567396,0.4669417423691737,5
541289,0.4589591145550679,0.3205839652723227,0.5,1.0,1.0,0.75,1.0,0.1064888847255386,0.1350614931535953,0.6460181545591593,0.6906244755231556,1.0,0.0,0.4641630654510255,0.0,0.0,0.4699697737491198,0.4765624346287483,5
541326,0.5779753101425147,-0.1796235475848035,-0.5,0.0,-0.5,1.5,0.0,-1.5684908692996635,-0.658683161076804,0.0,0.9061073225814968,0.0,0.0,-0.5358369345489745,2.6303167041658844,0.0,-0.8317178623433422,-0.4555057571564926,0
541352,0.2508660665672595,-0.0347747680912913,-0.5,0.0,0.0,0.0,0.0,0.4404028230702462,0.1350614931535953,0.0,0.3100019998680502,0.0,0.0,0.4641630654510255,0.0,0.0,0.4484200358734316,-1.4181710757836865,2
541357,0.4545574339541638,-0.0879858281037825,0.5,1.0,0.5,0.75,1.0,0.2968146172588332,0.4368292053736752,0.0,-0.3378778341536493,0.0,0.0,0.0,1.4475677406305645,0.0,-0.1828393227423881,0.5032453383214094,5
541382,1.4614007399881916,1.5648100305443549,1.0,1.5,1.5,0.0,0.8,0.3546408872428757,0.0,0.0,-0.1791334945787352,0.0,0.0,0.4641630654510255,0.0,0.0,-0.0216534609705204,0.4338746150318004,5
541389,-0.142162029197963,0.2446949798295298,1.0,1.5,0.5,0.0,0.0,-0.0729188504259362,0.4919769420103195,0.0,0.222498382100976,0.0,0.0,-0.311497195240441,2.18274896353532,0.0,-0.1739613323780137,0.6808162304684854,5
541438,0.4618875195274774,1.018346140816755,-0.5,0.0,0.0,0.0,0.0,-0.329723047939766,0.1350614931535953,0.0,-0.3378778341536493,0.0,0.0,0.4641630654510255,0.0,0.0,-0.6723190803058241,-1.5014798674624454,0
541454,0.50524387619024,0.5872879779418604,1.0,1.5,1.5,0.6000000000000001,0.0,0.6631614004495191,0.69823228777992,0.5227586988632229,0.1478710110079485,0.8092012510390698,0.0,0.4641630654510255,0.0,0.0,0.5445357446076233,0.7998736978550206,5
541497,-0.090073920305163,-0.8526164401574539,-1.5,-1.0,-1.0,0.0,0.0,-5.01837906474446,-0.658683161076804,-3.801784016923932,-1.7312471447788258,-5.8849491923617165,0.0,-1.945257774202184,0.0,0.0,,,1
541505,-0.3906367248739933,0.1175719885109969,0.0,0.5,0.5,1.0,0.0,0.0236760977630713,0.341316838923196,0.0,-0.2042491549703521,0.0,0.0,0.4641630654510255,0.0,0.0,-0.2216148412393965,-0.0930370238884434,5
541516,0.3835228589655964,0.1820481643393343,0.0,0.0,0.5,1.0,0.0,0.2983480087729462,0.341316838923196,-1.0,0.0269891667947226,0.0,0.0,-0.1695975135107168,0.0,1.2892242269941023,0.1721488153937217,-0.2593764379805263,2
541539,-0.764603347275757,-0.4164379946042029,-1.0,0.0,-0.5,1.5,4.0,-5.01837906474446,-0.658683161076804,0.0,-1.7312471447788258,-5.8849491923617165,1.0986122886681096,0.4641630654510255,4.496556105601924,0.0,-5.009979129451652,0.1979026765309119,4
541540,-0.8166393419914324,-0.1060116599355281,0.5,1.0,0.5,0.75,1.0,0.0404865985677702,0.4368292053736752,1.223901085741545,0.5412403216331251,2.4424745961808583,0.0,0.0,1.4475677406305645,0.0,0.5326985459976757,0.1759336711161005,6
541612,-0.8378013634020863,-0.4373685033222146,1.0,1.5,0.5,0.0,0.8,-0.0921790810977816,0.0,0.0,-0.3378778341536493,0.0,0.0,-0.311497195240441,2.18274896353532,0.0,-0.4224809966055943,0.9909737368140764,5
541649,0.467729884050267,0.7893169849572652,1.5,2.0,2.0,0.4999999999999998,1.3333333333333333,1.0153382708070042,-0.0955123664504794,0.8454879529219202,-0.6566197736857983,1.3087681003312956,0.0,0.4641630654510255,0.0,0.0,0.3212916956407691,0.9273334563591228,5
541672,-0.9967694099083624,0.2135937313624968,0.5,1.0,1.0,0.0,0.0,0.4684071602751417,0.1350614931535953,0.6460181545591593,-0.1423686188473956,1.0,0.0,0.4641630654510255,0.0,0.0,0.2727630222940181,0.7516902905990136,5
541699,-0.9282620715914432,-0.2364889768829301,1.5,1.5,0.5,0.0,1.3333333333333333,0.4033595654204611,-0.658683161076804,0.4390194395059628,0.95788183388975,3.4424745961808574,0.0,-0.9452577742021836,2.6303167041658844,0.690813957738791,1.3909240116613897,1.0723801138234632,5
541700,-0.0190772748604111,-0.1796235475848035,-0.5,0.0,-0.5,1.5,0.0,-0.4110003143233572,0.69823228777992,0.0,0.7367495369393785,0.0,0.0,-0.5358369345489745,2.6303167041658844,0.0,0.0214480265655145,-0.2623938800274276,0
541734,0.6008505858709621,0.5740257630792477,0.0,0.5,0.5,0.0,2.6666666666666665,0.0129966340860437,0.69823228777992,0.0,-0.3378778341536493,0.0,0.0,0.4641630654510255,0.0,0.0,-0.3546242769617809,0.5242080295390502,5
541735,-0.2928607847320285,-0.8781444948462946,-1.0,-1.0,-0.5,0.0,0.0,0.1216076941696255,-0.658683161076804,-3.801784016923932,0.3100019998680502,0.0,0.0,-1.945257774202184,0.0,3.10628371950539,0.1798703441894514,-5.846818380501243,3
541752,1.1255423298857463,0.7772174909202333,0.5,1.0,1.0,0.0,0.0,0.30140644554093,0.1350614931535953,0.0,0.6906244755231556,0.0,0.0,0.4641630654510255,0.0,0.0,0.3124716393255606,-0.5083867498437598,5
541764,-0.7476739717593385,-0.3346452313910828,0.0,0.0,0.5,1.0,0.0,0.1103276084696746,-0.0955123664504794,0.0,0.4687463394429643,1.3087681003312956,0.0,-0.1695975135107168,0.0,1.2892242269941023,0.1654226053477843,-0.498677588843322,2
541812,-0.1670026748704246,0.9182112552292012,1.5,1.5,1.5,0.4999999999999998,0.0,0.7471920011687515,-0.3569154488567242,0.0,-0.0380660878912795,2.227521671566561,0.0,-0.1695975135107168,1.0,0.690813957738791,0.7347440216891722,0.3363302170843708,5
541878,0.3993536142877975,-0.1796235475848035,-0.5,-0.5,0.0,0.0,0.0,0.4930823761090947,0.1350614931535953,-1.577882931182386,0.4308838440812761,0.0,0.0,-0.5358369345489745,0.0,1.8170594925112875,0.5642736154162484,-1.2620183471385906,2
541901,-1.078442521692874,1.029197033103319,1.5,1.5,1.5,0.0,0.6666666666666664,0.4494146566152751,0.341316838923196,-0.4772413011367771,0.6621221658463508,1.5479441141749286,0.0,-0.1695975135107168,1.0,0.690813957738791,1.144626741288397,-0.0612076674006936,5
541906,-0.2967009531759736,0.0342356026297282,0.5,1.0,1.0,0.6000000000000001,0.8,0.4771259207448817,0.4919769420103195,0.5227586988632229,1.189120155654825,0.0,0.4054651081081644,0.0,1.4475677406305645,1.0,0.911233861439444,1.2690727981639125,5
541921,-0.0657165555627049,-0.6123631726854253,-0.5,-0.5,0.0,0.0,0.0,0.0691213387276551,-0.658683161076804,1.223901085741545,-0.5691161559187239,3.4424745961808574,0.0,-0.5358369345489745,0.0,1.8170594925112875,-1.2514469063914704,0.355552414851925,6
541923,0.8797291179737622,0.4083366568994223,0.0,0.0,0.5,1.0,1.3333333333333333,0.2906529926937602,-0.658683161076804,-1.0,0.7367495369393785,0.0,0.0,-0.1695975135107168,0.0,1.2892242269941023,0.6644427275282204,-0.1651468242076174,2
541931,-1.9285947588625845,0.4788906502885904,0.5,0.0,1.0,0.0,0.0,0.3459987765666413,-0.2218539557031286,-0.7323949782604657,0.8658404674405767,1.0,0.0,-0.5358369345489745,0.0,1.8170594925112875,0.7081782927229249,0.0766981931534475,2
541939,0.5363790947898848,0.2753642525262495,0.5,0.5,0.5,0.0,0.0,-0.1069187876520562,-0.658683161076804,-0.7323949782604657,0.3918561677430946,1.3087681003312956,0.0,-0.5358369345489745,1.4475677406305645,1.0,0.4500043191671398,-0.0353019271470386,2
541967,-1.3732449421243034,-0.2557742709686207,0.5,1.0,0.5,0.0,1.0,0.3517700210773347,0.69823228777992,1.223901085741545,-0.4872619880436798,2.4424745961808583,0.0,0.0,1.4475677406305645,0.0,0.0965070873216998,0.4929891965960799,6
541972,0.553134664470053,0.084613882090961,-0.5,0.0,0.0,0.0,0.0,0.3149285273211438,0.69823228777992,0.0,0.6427584400467276,0.0,0.0,0.4641630654510255,0.0,0.0,0.7806581261329535,-0.5624644212084609,5
541980,0.2200017639059915,-0.5231327642549591,-1.0,-0.5,-0.5,0.0,4.0,-0.3042841828682106,-0.658683161076804,0.0,0.0269891667947226,0.0,0.0,0.4641630654510255,0.0,0.0,-0.4061522875195066,-1.1039798979642594,0
541988,-0.093499335471865,-0.7777566563817965,-1.5,-1.0,-1.0,0.0,0.0,-5.01837906474446,-0.658683161076804,-3.801784016923932,-1.7312471447788258,-5.8849491923617165,0.0,-1.945257774202184,0.0,0.0,,,1
541998,-0.5384822060047242,-0.5231327642549591,0.0,0.5,0.5,0.0,0.0,-0.1902061302045683,0.341316838923196,0.0,0.0269891667947226,0.0,0.0,0.4641630654510255,0.0,0.0,-0.2167683773691338,-1.082362455680075,0
541999,0.9298912437968572,0.4649590448526473,-0.5,-1.0,0.0,1.5,0.0,-0.3394641784491781,-0.658683161076804,-3.801784016923932,1.472132988728153,0.0,0.0,-1.945257774202184,0.0,3.10628371950539,0.6527685353674184,-5.846818380501243,3
542012,0.9208756040652278,0.1978772796996186,0.0,0.5,0.5,1.0,0.0,0.6471114217593366,0.69823228777992,0.0,-0.2042491549703521,0.0,0.0,0.4641630654510255,0.0,0.0,0.1295215776040512,0.0422709650611896,5
542015,-0.976924765317542,0.1175719885109969,1.5,1.0,2.0,0.0,0.6666666666666664,0.9131758192622548,0.341316838923196,-1.0,0.5412403216331251,0.6795775573916313,0.0,-0.1695975135107168,0.0,1.2892242269941023,0.8013396018486992,0.5891334893813744,5
542027,-1.047373323359886,-0.7053517390478198,0.5,0.5,1.0,0.75,1.0,0.3965698558009484,-0.2218539557031286,-0.7323949782604657,0.0269891667947226,1.0,0.0,0.0,0.0,1.0,0.4231150372504217,-0.3227838492759931,2
542036,-0.0383616903038499,0.4083366568994223,-0.5,0.0,0.0,0.0,0.0,-0.3761772427418038,0.1350614931535953,0.0,-0.5691161559187239,0.0,0.0,0.4641630654510255,0.0,0.0,-0.8503903849462744,0.1960743173365224,0
542056,1.7691446958699455,2.117862405856485,-0.5,-0.5,0.5,1.0,1.3333333333333333,0.1871467886081523,-0.658683161076804,-3.801784016923932,0.6748690008164222,0.0,0.6931471805599453,-0.5358369345489745,0.0,3.10628371950539,0.5784429500883311,-5.846818380501243,3
542059,0.7502410636387984,0.9067995908805876,0.0,0.5,0.0,1.0,0.0,-0.8426070932214954,-0.0955123664504794,0.0,-0.5691161559187239,0.0,0.0,-0.1695975135107168,1.8662394014360388,0.0,-1.3501994164920488,0.3779401716433021,0
542065,-0.3736946834025277,1.0826657989148842,-0.5,0.5,0.5,2.0,2.6666666666666665,0.6740210498314413,0.341316838923196,1.577882931182386,0.6748690008164222,0.0,0.6931471805599453,1.2398233261424922,0.0,0.0,0.8752750484893768,1.2194406299530922,5
542080,1.5737746124259586,0.8953286448927934,0.0,0.5,0.5,1.0,1.3333333333333333,-0.0311285469557203,-0.0955123664504794,0.0,0.3918561677430946,0.0,0.0,0.4641630654510255,0.0,0.0,0.3491143300013383,-0.0604443385062087,5
542095,-0.6097864986882443,0.6652308508706292,-1.0,0.0,0.0,1.5,2.0,0.1045629446768353,0.69823228777992,0.0,0.9061073225814968,0.0,1.0986122886681096,1.8735839051042344,0.0,0.0,0.5536804559417985,-0.4356641103318783,5
542142,-0.8076465267618362,2.2085324156718,1.5,2.0,2.0,0.8571428571428571,0.5714285714285712,0.941546713514381,0.69823228777992,0.3784131328196244,0.5055112151743036,0.6795775573916313,0.2876820724517809,0.1617063421381263,1.0,0.690813957738791,1.3745523177927268,1.1056838031119034,5
542153,-0.2524074552902091,-0.5231327642549591,-0.5,0.0,0.0,0.0,0.0,0.2129689852014099,0.1350614931535953,0.0,-0.1423686188473956,0.0,0.0,0.4641630654510255,0.0,0.0,-0.1391739893330094,0.0755790395399609,0
542189,0.6206275845508831,0.2135937313624968,-1.0,-0.5,-0.5,0.0,4.0,-0.7964257605994532,-0.658683161076804,0.0,-0.3378778341536493,0.0,0.0,0.4641630654510255,0.0,0.0,-1.130159810654828,-0.8342296297316587,0
542194,-0.7897963542653952,-0.8273801410529529,0.0,0.5,-0.5,0.0,0.0,-1.0889727247412972,-0.0955123664504794,1.577882931182386,-0.3378778341536493,0.0,0.0,-0.9452577742021836,3.313807142066604,0.0,-1.299066599486068,0.2665577457099337,0
542196,-0.4561394036084117,-1.2400338123026975,-0.5,-0.5,-0.5,1.5,0.0,-1.501047011525147,0.1350614931535953,-1.577882931182386,1.521876595833502,3.4424745961808574,0.0,-1.945257774202184,2.6303167041658844,1.8170594925112875,0.0778138609678762,-2.561551700766304,2
542208,-0.6641050200472217,0.3354537328232688,1.0,1.5,1.5,0.6000000000000001,0.0,0.3546408872428757,0.0,0.5227586988632229,0.3100019998680502,0.8092012510390698,0.0,0.4641630654510255,0.0,0.0,0.5096112560287416,0.9238710295422012,5
542230,0.2142446204098905,-0.0523696989290143,-1.0,-0.5,-0.5,0.0,0.0,-0.3626412343037853,-0.658683161076804,3.801784016923932,0.3100019998680502,5.8849491923617165,0.0,0.4641630654510255,0.0,0.0,0.5417686467421925,0.2777729526606941,6
542254,-0.3559850289023943,-0.5672972791819948,-0.5,0.0,0.0,0.0,0.0,0.1045629446768353,0.69823228777992,0.0,0.0269891667947226,0.0,0.0,0.4641630654510255,0.0,0.0,-0.7191129853282965,0.0439817228554634,0
542267,0.0888223684153056,-1.1222377710152045,-1.5,-1.0,-1.0,0.0,0.0,-5.01837906474446,-0.658683161076804,-3.801784016923932,-1.7312471447788258,-5.8849491923617165,0.0,-1.945257774202184,0.0,0.0,,,1
542270,1.0565597869604002,1.2844638578702687,0.0,0.0,0.5,1.0,0.0,0.0671079604591404,-0.0955123664504794,0.8454879529219202,-0.0833673107571263,2.4424745961808583,0.0,-0.1695975135107168,0.0,1.2892242269941023,0.2805520745494897,-0.0437742806421935,6
542277,0.4822522643345849,0.0511563914573724,-0.5,0.0,0.0,1.5,0.0,0.1084104326608551,0.69823228777992,0.0,0.0269891667947226,0.0,0.0,0.4641630654510255,0.0,0.0,0.0511418154941428,0.0316910297373942,0
542282,0.4412865586609458,0.3794715120532125,0.5,1.0,1.0,0.0,2.0,0.7961655823999592,0.1350614931535953,0.6460181545591593,-1.2169959899404237,1.0,0.0,0.4641630654510255,0.0,0.0,-0.5553912840085615,0.3600536231781222,5
542303,-0.6021605650599894,-1.2704915660436666,-1.0,-0.5,-0.5,0.0,0.0,-0.8605992018306694,-0.658683161076804,2.2239010857415447,0.0269891667947226,3.4424745961808574,0.0,0.4641630654510255,0.0,0.0,-0.3502612229119027,-0.7040558935013118,6
542316,0.3718643382451973,-0.589715259924501,-0.5,-1.0,0.0,0.0,0.0,-0.8789838963522666,-0.658683161076804,-3.801784016923932,1.6158676927261533,0.0,0.0,-1.945257774202184,0.0,3.10628371950539,0.1324463868855541,-5.846818380501243,3
542326,-0.8184433819773189,-0.3751629211508731,0.0,0.5,0.5,0.0,0.0,0.400650243457655,-0.658683161076804,0.0,-0.6566197736857983,0.0,0.0,0.4641630654510255,0.0,0.0,-0.3460917113309232,-0.0385904001665637,0
542334,0.6895145598142639,-0.0523696989290143,-0.5,-0.5,0.0,1.5,0.0,0.2813252398213982,0.1350614931535953,-1.577882931182386,0.4308838440812761,3.4424745961808574,0.0,-0.5358369345489745,0.0,1.8170594925112875,1.2672488918976192,-0.3278429768194981,2
542358,0.7651037211946607,0.084613882090961,0.0,0.0,0.5,0.0,0.0,0.4391075139689407,-0.658683161076804,-1.0,0.7957508450296478,0.0,0.0,-0.1695975135107168,0.0,1.2892242269941023,0.7969399594843137,-0.2115835273885614,2
542366,1.627403089733101,1.103695978225202,0.0,0.5,0.5,0.0,1.3333333333333333,0.2347254655047748,0.341316838923196,0.0,-0.4872619880436798,0.0,0.0,0.4641630654510255,0.0,0.0,-0.467144583098376,-0.6278332292617149,5
542383,0.2776826930258526,-0.0879858281037825,0.0,0.5,0.5,0.0,0.0,0.0236760977630713,0.341316838923196,0.0,-0.4872619880436798,0.0,0.0,0.4641630654510255,0.0,0.0,-0.5093913537656936,0.074573841986599,0
542418,1.3837233041598065,2.283392199447457,0.5,1.5,1.5,0.6000000000000001,1.6,0.3965698558009484,0.2614030824062447,1.4390194395059634,-0.3378778341536493,2.227521671566561,0.4054651081081644,0.8735839051042346,0.0,0.0,0.1734076609664212,0.0416456827579056,5
542451,0.0097319542861672,-0.2364889768829301,-0.5,0.0,0.0,0.0,0.0,-0.0109857932266889,0.69823228777992,0.0,-0.8521289889920516,0.0,0.0,0.4641630654510255,0.0,0.0,-0.8893152190453394,0.0884831694655306,0
542471,0.0833992276722917,0.3794715120532125,0.5,1.0,0.5,0.0,2.0,0.1605081610636437,0.1350614931535953,0.0,0.6748690008164222,0.0,0.0,0.0,1.4475677406305645,0.0,0.6368269708202055,0.6295351418111169,5
542482,0.2428455156470146,-0.0523696989290143,-1.0,-0.5,-1.0,0.0,4.0,-5.01837906474446,0.69823228777992,0.0,-1.7312471447788258,-5.8849491923617165,0.0,-1.945257774202184,4.496556105601924,0.0,-5.009979129451652,-0.8887373073699815,4
542570,-1.123791637567158,-1.6006803839406132,-1.0,-0.5,-0.5,0.0,0.0,-0.9366747547804596,0.69823228777992,0.0,-0.3378778341536493,0.0,0.0,0.4641630654510255,0.0,0.0,-1.1731949930302528,-0.9036592822260976,0
542585,-0.9282620715914432,-0.8781444948462946,0.0,0.0,0.0,0.0,2.6666666666666665,-0.1295233791538115,-0.0955123664504794,0.0,0.5412403216331251,0.0,0.0,-0.9452577742021836,1.8662394014360388,1.2892242269941023,0.1375973854802452,-0.6021162013422452,2
542605,0.1675030487893284,-0.4584993070321419,-1.0,-0.5,-0.5,0.0,0.0,-0.2265427032794958,-0.658683161076804,0.0,-0.3378778341536493,0.0,0.0,0.4641630654510255,0.0,0.0,-0.5872569540789733,-0.8066404600278511,0
542638,-0.2274301094280795,-1.209990462642304,-1.5,-1.0,-1.0,0.0,0.0,-5.01837906474446,-0.658683161076804,-3.801784016923932,-1.7312471447788258,-5.8849491923617165,0.0,-1.945257774202184,0.0,0.0,,,1
542657,-0.436621875182693,-0.4584993070321419,0.5,1.0,0.5,2.25,0.0,-0.2526493892991873,0.1350614931535953,1.7466597846047676,-0.8521289889920516,2.4424745961808583,0.0,0.0,1.4475677406305645,0.0,-0.8250506216805277,0.8649447802296368,6
542658,1.44330811616199,0.6906121893614907,0.0,0.5,-0.5,1.0,0.0,-0.8666829712529469,0.341316838923196,0.8454879529219202,-1.7312471447788258,3.4424745961808574,0.0,-0.9452577742021836,3.313807142066604,0.0,-5.009979129451652,0.7004353257069748,0
542663,0.0075739015134857,0.9182112552292012,1.0,1.5,1.5,0.0,0.8,0.6818319832120642,0.0,0.0,-0.2560236662786049,0.0,0.0,0.4641630654510255,0.0,0.0,0.2887872590198801,0.7533027158977547,5
542670,0.5211627285889953,0.3502240363019069,0.0,0.0,0.5,0.0,0.0,0.3429965637957012,-0.0955123664504794,0.8454879529219202,1.1016165378877505,3.4424745961808574,0.0,-0.1695975135107168,0.0,1.2892242269941023,1.3488994424485938,0.5038486290180925,6
542706,0.1763613076179819,-0.3957040193861091,-1.0,-1.0,-0.5,0.0,0.0,-1.190206130204569,-0.658683161076804,-3.801784016923932,1.3100019998680503,0.0,0.0,-1.945257774202184,0.0,3.10628371950539,-0.2698011244596248,-5.846818380501243,3
542752,-0.3833560519954433,-0.5451046085908845,0.0,0.5,0.5,1.0,0.0,0.1459488631182283,0.341316838923196,0.8454879529219202,-0.4872619880436798,1.3087681003312956,0.0,0.4641630654510255,0.0,0.0,-0.2485321455802367,0.3817214032995027,6
542760,-0.101517756375332,0.3794715120532125,1.0,1.0,1.5,0.0,0.0,0.7462922024816794,-0.658683161076804,0.0,0.2042491549703524,0.8092012510390698,0.0,0.0979236444127681,0.0,0.8170594925112873,0.8879995176408209,0.1721920158480009,5
542767,-0.3652838837217738,-0.7777566563817965,-0.5,0.0,0.0,0.0,2.0,-0.62428251601284,0.1350614931535953,0.0,1.1240649009688228,0.0,0.0,0.4641630654510255,0.0,0.0,0.1008409112706769,0.5411876588592363,0
542795,-1.619829188219615,0.3939512500814855,0.5,1.0,1.0,0.75,0.0,0.3044538210306228,-0.2218539557031286,0.0,-0.4482343117054982,0.0,0.0,0.4641630654510255,0.0,0.0,-0.3264198192824164,-0.3521699304595796,5
542796,0.3548534556187039,0.2753642525262495,0.5,1.0,0.0,0.75,0.0,-0.1874748525959896,0.4368292053736752,1.223901085741545,-1.2169959899404237,0.0,0.0,-0.5358369345489745,2.6303167041658844,0.0,-1.8451162963177568,0.9765061503799406,0
542805,0.7688000330665756,0.2291991117677428,0.5,1.0,1.0,0.75,0.0,0.5796675639848201,0.69823228777992,0.0,-0.0548650010803214,0.0,0.0,0.4641630654510255,0.0,0.0,0.2052101447170284,0.3676357967608459,5
542812,1.4147925024927948,1.0720751208824848,-1.0,-1.0,-0.5,0.0,4.0,-0.8366940976961261,-0.658683161076804,-3.801784016923932,1.055491476471528,0.0,0.0,-1.945257774202184,0.0,3.10628371950539,-0.2857729507425821,-5.846818380501243,3
542815,0.2371620637142467,-0.7777566563817965,-1.5,-1.0,-1.0,0.0,0.0,-5.01837906474446,-0.658683161076804,-3.801784016923932,-1.7312471447788258,-5.8849491923617165,0.0,-1.945257774202184,0.0,0.0,,,1
542825,0.0560323192932559,0.1820481643393343,0.5,1.0,1.0,0.75,0.0,0.8423359405235126,0.1350614931535953,0.0,-0.5691161559187239,0.0,0.0,0.4641630654510255,0.0,0.0,0.0184369814036091,0.2091645338784457,5
542843,0.1802841743997524,-0.2557742709686207,-0.5,0.0,0.0,0.0,0.0,-0.3105722598456124,1.1350614931535954,2.2239010857415447,0.5412403216331251,3.4424745961808574,0.0,0.4641630654510255,0.0,0.0,0.912047060539564,0.1974816442607197,6
542850,-0.1670026748704246,-0.2557742709686207,0.5,1.0,0.5,0.0,0.0,0.0108444019977208,-0.2218539557031286,0.0,0.60981374613042,0.0,0.0,0.0,1.4475677406305645,0.0,0.594687352716868,-0.3348353140431727,5
542857,0.6445481779600792,-0.1241858541912811,-1.5,-1.0,-1.0,0.0,0.0,-5.01837906474446,-0.658683161076804,-3.801784016923932,-1.7312471447788258,-5.8849491923617165,0.0,-1.945257774202184,0.0,0.0,,,1
542874,-1.1935323130918012,-0.0347747680912913,-1.0,0.0,0.0,3.0,2.0,0.0321232703090544,0.69823228777992,2.2239010857415447,1.521876595833502,0.0,1.0986122886681096,1.8735839051042344,0.0,0.0,0.8675767259062337,-0.2451066224166356,6
542914,-0.2967009531759736,-0.4373685033222146,0.0,0.0,0.0,0.0,0.0,0.0108444019977208,-0.0955123664504794,-1.0,1.4203584774198996,0.0,0.0,-0.9452577742021836,1.8662394014360388,1.2892242269941023,0.7789583343010272,0.293734438099751,2
542918,-0.5570800430937265,0.5740257630792477,0.5,1.0,0.5,0.75,0.0,0.2494651720590502,0.69823228777992,1.223901085741545,0.3100019998680502,0.0,0.0,0.0,1.4475677406305645,0.0,0.2310033088299723,0.7169542064022305,5
542937,-1.527783866102313,0.3205839652723227,1.0,1.5,1.5,0.0,0.0,0.7790215849891747,0.0,1.0,-0.3378778341536493,1.5479441141749286,0.0,0.4641630654510255,0.0,0.0,0.6884527880053385,0.7018630414900535,5
542965,-0.2967009531759736,-0.9039711300422292,-1.0,-1.0,-0.5,0.0,0.0,-1.050136431354479,-0.658683161076804,-3.801784016923932,0.0269891667947226,0.0,0.0,-1.945257774202184,0.0,3.10628371950539,-0.986861692004618,-5.846818380501243,3
542976,-0.0091315224976897,-0.0879858281037825,0.0,0.0,0.5,0.0,2.6666666666666665,0.0342218975569808,0.341316838923196,-1.0,0.1285072852083251,0.0,0.0,-0.1695975135107168,0.0,1.2892242269941023,-0.0229043110148995,0.1224318342030258,2
543008,-0.0649291127595589,0.1338683882105274,-0.5,0.5,0.0,1.0,1.3333333333333333,-1.3917806845113108,0.9999999999999998,2.8017840169239308,0.5412403216331251,0.0,0.6931471805599453,0.4641630654510255,2.6303167041658844,0.0,-0.9171658577955216,1.106259561415807,0
543038,0.2383002099969643,0.5872879779418604,0.0,0.5,0.5,0.0,0.0,-0.3074223555998511,-0.658683161076804,0.0,-0.3378778341536493,0.0,0.0,0.4641630654510255,0.0,0.0,-0.5157333585257381,-0.0613526804614824,0
543052,-0.2306681727012954,0.4788906502885904,1.0,1.5,0.5,0.0,0.8,-0.0540890522040309,0.0,1.0,-0.3378778341536493,0.0,0.0,-0.311497195240441,2.18274896353532,0.0,-0.6148760455266356,1.081610143289976,5
543074,0.678448622375191,0.0,-1.0,-0.5,-0.5,3.0,0.0,-0.8852023629859997,-0.658683161076804,0.0,-0.3378778341536493,0.0,0.0,0.4641630654510255,0.0,0.0,-1.1306751489814553,-1.0502979515922406,0
543075,0.9496930650332432,0.2753642525262495,-1.0,-0.5,-0.5,0.0,0.0,-0.3074223555998511,0.69823228777992,0.0,-0.3378778341536493,0.0,0.0,0.4641630654510255,0.0,0.0,-0.6539327234717891,-0.7100537481643415,0
543081,-0.8622993685384407,0.4368293378606515,0.5,1.0,1.0,0.0,1.0,0.715178272837252,-0.2218539557031286,1.223901085741545,-0.0548650010803214,1.8945304820059297,0.0,0.4641630654510255,0.0,0.0,0.9045020215777654,0.7543697824958612,5
543114,0.0075739015134857,0.1338683882105274,1.0,1.0,1.5,0.0,0.8,0.7114333848752117,0.0,-0.5778829311823854,0.1478710110079485,0.0,0.0,0.0979236444127681,0.0,0.8170594925112873,0.7655191722236236,0.6175497375608431,5
543126,-1.2039667035685977,-0.5451046085908845,0.0,0.0,0.5,1.0,1.3333333333333333,0.1818860114493234,0.341316838923196,0.8454879529219202,0.222498382100976,2.4424745961808583,0.0,-0.1695975135107168,0.0,1.2892242269941023,-0.1671839261198196,-0.5888426139589695,6
543165,-0.187971952845919,0.2446949798295298,0.0,0.5,0.0,1.0,2.6666666666666665,-0.3864738890548298,-0.0955123664504794,0.0,-0.5691161559187239,0.0,0.0,-0.1695975135107168,1.8662394014360388,0.0,-0.9976284700666672,0.1624828822940142,0
543222,-0.9475674487685556,1.7363239160834387,0.0,1.0,0.5,1.5,1.0,-0.2918470802486814,0.69823228777992,0.6460181545591593,-0.4872619880436798,0.0,0.5108256237659907,0.4641630654510255,1.8662394014360388,0.0,-1.1516091974050735,0.788765196415824,5
543237,0.152640391233466,-0.2948576299622514,0.0,0.5,0.0,1.0,0.0,-0.3899342569756081,0.341316838923196,0.8454879529219202,0.4308838440812761,1.8945304820059297,0.0,-0.1695975135107168,1.8662394014360388,0.0,0.0243778380508008,0.0896584310326936,6
543240,0.1734134609439123,-0.5451046085908845,0.0,-0.5,0.5,1.0,0.0,0.0771270845060327,-0.658683161076804,-2.223901085741545,1.230707468388949,0.0,0.0,-0.9452577742021836,0.0,2.2892242269941026,0.6953374130343157,-1.0158060066009524,2
543271,-0.6251373048241939,-0.8273801410529529,-0.5,0.0,0.0,0.0,0.0,-0.4473248357301356,0.69823228777992,1.223901085741545,-0.5691161559187239,1.8945304820059297,0.0,0.4641630654510255,0.0,0.0,-0.325612145706459,1.0406527690938612,6
543273,0.3501857072988972,0.6004710149305419,1.0,0.5,1.5,0.0,0.0,0.8583057376370472,-0.30176771222008,-1.2239010857415449,0.6999846612080391,1.5479441141749286,0.0,-0.311497195240441,0.0,1.5078734502500786,1.5531919550433009,-0.193049595037405,2
543304,-0.093499335471865,-0.160989241751724,0.0,0.5,0.5,0.0,1.3333333333333333,0.7047733123907954,0.69823228777992,1.577882931182386,-0.3378778341536493,2.4424745961808583,0.0,0.4641630654510255,0.0,0.0,0.3060613891575879,0.8012464286584751,6
543306,0.5346948109145836,0.5472599549180527,0.0,0.0,0.0,0.0,1.3333333333333333,0.0711299175201806,0.341316838923196,-1.0,0.3100019998680502,0.0,0.0,-0.9452577742021836,1.8662394014360388,1.2892242269941023,-0.0522059918263501,-0.2566977960131977,2
543327,0.0169960838945513,0.4927349096618701,0.5,1.0,1.0,0.0,0.0,0.5170554982374359,-0.2218539557031286,0.0,-0.3378778341536493,0.0,0.0,0.4641630654510255,0.0,0.0,0.009105449224301,0.4194707310172366,5
543339,0.7261990421986249,0.2446949798295298,0.0,0.5,0.5,0.0,0.0,0.0929139332691932,-0.0955123664504794,0.0,0.7957508450296478,0.0,0.0,0.4641630654510255,0.0,0.0,0.4874799831460237,0.6677722541472549,5
543352,0.1682429268310234,0.0511563914573724,0.5,0.5,0.5,0.75,0.0,0.4917803890452539,0.1350614931535953,-0.7323949782604657,-0.3378778341536493,0.0,0.0,-0.5358369345489745,1.4475677406305645,1.0,0.1549228127338732,-0.3735645579321394,2
543375,0.152640391233466,0.7650513326678573,0.5,1.0,1.0,0.75,0.0,0.4979318767155203,0.1350614931535953,0.6460181545591593,-0.8521289889920516,1.0,0.0,0.4641630654510255,0.0,0.0,0.1061012838513927,1.0455502216246448,5
543385,0.5023861487621162,0.5064929114075749,1.5,1.5,2.0,1.0,1.3333333333333333,0.9954803586900663,-0.0955123664504794,0.4390194395059628,-0.0269891667947223,1.3087681003312956,0.0,0.1617063421381263,0.0,0.690813957738791,0.6598199963411311,0.8996711787661783,5
543428,0.6372732285417454,-0.0523696989290143,-0.5,-1.0,0.0,1.5,0.0,-0.2123810522025144,-0.658683161076804,-3.801784016923932,0.9061073225814968,0.0,0.0,-1.945257774202184,0.0,3.10628371950539,0.2025772618107465,-5.846818380501243,3
543437,0.4002193599609979,0.2600828618709601,-0.5,-0.5,0.0,0.0,2.0,-0.1194019552965795,-0.658683161076804,-1.577882931182386,-0.5691161559187239,1.8945304820059297,0.0,-0.5358369345489745,0.0,1.8170594925112875,-0.5482325154776158,-0.8540773185412643,2
543476,0.287670032633245,-0.589715259924501,-1.0,-1.0,-0.5,3.0,4.0,-1.4507276796498856,-0.658683161076804,-3.801784016923932,1.055491476471528,0.0,0.0,-1.945257774202184,0.0,3.10628371950539,-0.7535559862623362,-5.846818380501243,3
543497,-0.5160128443937786,-0.0347747680912913,1.0,1.5,1.0,0.6000000000000001,0.8,0.370258153942826,0.0,1.0,-0.2363597157400465,1.8945304820059297,0.0,0.0979236444127681,1.18274896353532,0.0,0.1138535250723149,0.7087504320778112,5
543557,-1.1250169409709845,-1.151102915861414,-0.5,0.0,0.0,0.0,0.0,-0.2180171829458386,0.1350614931535953,0.0,-0.3378778341536493,0.0,0.0,0.4641630654510255,0.0,0.0,-0.5802293160170953,-1.1012271177019397,0
543559,0.9118139659726467,0.2753642525262495,-0.5,0.0,0.0,0.0,2.0,-0.3660049050560748,-0.658683161076804,0.0,-0.3378778341536493,0.0,0.0,0.4641630654510255,0.0,0.0,-0.6183147446082918,-0.1380433251643553,0
543618,0.7070778892261774,0.4226289536358835,-1.0,-0.5,-0.5,0.0,0.0,0.0300194030375924,0.69823228777992,0.0,-1.7312471447788258,0.0,0.0,0.4641630654510255,0.0,0.0,-5.009979129451652,-0.6889505756652321,0
543620,1.2728748931966,0.3648961975046188,-1.5,-1.0,-1.0,0.0,0.0,-5.01837906474446,-0.658683161076804,-3.801784016923932,-1.7312471447788258,-5.8849491923617165,0.0,-1.945257774202184,0.0,0.0,,,1
543659,-0.4659791917316795,0.4226289536358835,1.0,1.5,1.0,0.6000000000000001,0.0,0.2330716898915232,0.4919769420103195,0.0,-0.2363597157400465,0.0,0.0,0.0979236444127681,1.18274896353532,0.0,-0.2119555530828593,0.5580463855385176,5
543660,-0.2877534419935543,-0.0347747680912913,-0.5,-0.5,-0.5,1.5,2.0,-0.2409464455532194,0.1350614931535953,0.0,1.6158676927261533,0.0,0.0,-1.945257774202184,2.6303167041658844,1.8170594925112875,0.6977401983056654,-0.2052538703421989,2
543666,-0.0755891613803968,-0.0523696989290143,0.5,1.0,1.0,0.0,0.0,0.7728767554991535,-0.658683161076804,0.6460181545591593,-0.4482343117054982,1.0,0.0,0.4641630654510255,0.0,0.0,0.152148222871338,0.4199822954475843,5
543668,0.1474089376325529,0.2753642525262495,1.0,1.5,1.5,0.0,1.6,0.358928929090066,0.0,0.5227586988632229,-0.1791334945787352,0.8092012510390698,0.0,0.4641630654510255,0.0,0.0,0.1054946833245569,0.74992168604069,5
543671,-0.1072674448328335,-0.4798342762580817,-0.5,-0.5,0.0,0.0,4.0,0.0446373380179204,-0.658683161076804,-1.577882931182386,-0.3378778341536493,1.8945304820059297,0.0,-0.5358369345489745,0.0,1.8170594925112875,-0.147989673619134,-1.012733085323424,2
543694,-1.663550219633572,-1.9890737349467675,-1.0,-0.5,-0.5,0.0,0.0,-0.97745360289212,-0.658683161076804,0.0,-0.8521289889920516,0.0,0.0,0.4641630654510255,0.0,0.0,-1.6846370178164318,-0.6967955733822699,0
543696,-0.3758036215645112,-1.4294200030383808,-1.5,-1.0,-1.0,0.0,0.0,-5.01837906474446,-0.658683161076804,-3.801784016923932,-1.7312471447788258,-5.8849491923617165,0.0,-1.945257774202184,0.0,0.0,,,1
543713,-0.5948703456364245,-0.7292238865448002,0.0,0.0,0.5,1.0,0.0,0.3546408872428757,-0.658683161076804,-1.0,0.7957508450296478,0.0,0.0,-0.1695975135107168,0.0,1.2892242269941023,0.7141503493865717,-0.4131572060553034,2
543716,0.1032036390015857,0.2135937313624968,0.5,1.0,1.0,0.0,0.0,0.6808595671728478,0.69823228777992,0.6460181545591593,-0.3378778341536493,1.0,0.0,0.4641630654510255,0.0,0.0,0.1658200760875643,0.6694075440767604,5
543723,0.1556228893539832,-0.4373685033222146,-1.5,-1.0,-1.0,0.0,0.0,-5.01837906474446,-0.658683161076804,-3.801784016923932,-1.7312471447788258,-5.8849491923617165,0.0,-1.945257774202184,0.0,0.0,,,1
543728,-0.436621875182693,0.2753642525262495,1.0,1.5,1.5,0.6000000000000001,0.0,0.4416961439756808,0.0,0.0,0.0888697029176791,0.0,0.0,0.4641630654510255,0.0,0.0,0.2389154948397888,0.8980463673196849,5
543778,-0.8076465267618362,-0.3548111444861987,0.5,0.5,1.0,2.25,2.0,0.1765921820706387,-0.2218539557031286,-0.7323949782604657,0.1038793384945924,0.0,0.0,0.0,0.0,1.0,-0.0734236529933967,0.1532184815547626,5
543810,-1.638824847510617,0.3502240363019069,1.5,1.5,2.0,1.0,0.6666666666666664,0.7299935715151672,0.1350614931535953,-0.4772413011367771,-0.4872619880436798,0.0,0.0,0.1617063421381263,0.0,0.690813957738791,0.0081084861674876,0.7277137604622991,5
543816,-0.8393226287742361,-2.031951822725933,-1.5,-1.0,-1.0,0.0,0.0,-5.01837906474446,-0.658683161076804,-3.801784016923932,-1.7312471447788258,-5.8849491923617165,0.0,-1.945257774202184,0.0,0.0,,,1
543817,1.166491168809338,0.4649590448526473,-1.0,-0.5,-0.5,0.0,0.0,-1.0350896314257456,-0.658683161076804,0.0,-1.7312471447788258,0.0,0.0,0.4641630654510255,0.0,0.0,-5.009979129451652,-0.5266903810427909,0
543826,0.0360637205401621,-0.1984164451611818,0.0,0.0,0.5,2.0,0.0,0.0043545234098094,-0.0955123664504794,-1.0,0.3100019998680502,0.0,0.0,-0.1695975135107168,0.0,1.2892242269941023,0.0664428667717793,-0.8497295020981317,2
543885,0.7218232219667313,0.4368293378606515,-1.0,-1.0,-0.5,0.0,0.0,-1.3366892758771278,-0.658683161076804,-3.801784016923932,0.7367495369393785,3.4424745961808574,0.0,-1.945257774202184,0.0,3.10628371950539,-0.2653467985210243,-5.846818380501243,3
543900,-0.7201373393404769,-1.1222377710152045,-0.5,0.0,0.0,0.0,2.0,0.1941104514213306,0.1350614931535953,0.0,0.6427584400467276,0.0,0.0,0.4641630654510255,0.0,0.0,0.5130394532384409,-0.0420522697224452,0
543927,0.6362125672899157,1.0074416636596677,0.0,0.5,0.5,0.0,1.3333333333333333,0.1694816048141706,-0.0955123664504794,0.8454879529219202,-0.0833673107571263,1.3087681003312956,0.0,0.4641630654510255,0.0,0.0,-0.2307062875957,0.3382266567910959,5
543928,-0.2349947941184108,-0.4373685033222146,-0.5,0.0,0.0,0.0,0.0,-0.2151944050814924,0.1350614931535953,0.0,0.3100019998680502,0.0,0.0,0.4641630654510255,0.0,0.0,-0.1598362799441465,-0.3521427384208807,0
543937,-1.627403089733101,-0.9039711300422292,0.0,0.0,0.5,0.0,0.0,0.3313953190977514,0.341316838923196,-1.0,0.0269891667947226,0.0,0.0,-0.1695975135107168,0.0,1.2892242269941023,0.3573022526271769,0.3867847575452877,2
543952,0.096027559690099,0.3648961975046188,1.0,1.5,1.0,0.6000000000000001,0.8,0.340187730055233,-0.658683161076804,0.0,0.0269891667947226,0.0,0.0,0.0979236444127681,1.18274896353532,0.0,-0.0001716171680053,0.887793558793267,5
543968,1.1907812145504084,1.0507401516565449,1.5,2.0,2.0,0.4999999999999998,2.0,1.084348717591879,0.1350614931535953,0.0,-0.0833673107571263,0.0,0.0,0.4641630654510255,0.0,0.0,0.6452387387928041,1.1230984514473676,5
543976,-0.3934761774586333,1.9172976776409685,0.5,1.0,1.5,0.6000000000000001,0.8,0.1836432558911528,0.4919769420103195,-0.5778829311823854,-0.6208906672269769,0.8092012510390698,0.4054651081081644,0.4641630654510255,0.0,1.0,0.1697823022209239,-0.2008702487379531,5
544002,-0.1795545095386603,-0.2948576299622514,0.0,0.5,0.5,0.0,0.0,-0.0021857299012968,0.341316838923196,0.0,-0.8521289889920516,0.0,0.0,0.4641630654510255,0.0,0.0,-0.5991303210221322,0.0852977805382976,0
544008,-1.410637422465001,-0.9039711300422292,0.0,0.5,0.0,0.0,0.0,0.0630667133623977,-0.0955123664504794,0.8454879529219202,-0.1423686188473956,1.8945304820059297,0.0,-0.1695975135107168,1.8662394014360388,0.0,0.0590663324516764,0.0913415010726447,6
544012,1.05152840338768,0.5337543951599557,0.5,0.5,1.0,0.75,0.0,0.500346200443165,-0.2218539557031286,0.0,0.0269891667947226,1.8945304820059297,0.0,0.0,0.0,1.0,0.545225797097709,-1.046239110912896,2
544015,0.334088220546409,-0.3957040193861091,-1.0,-0.5,-0.5,0.0,0.0,-1.172466561205996,0.69823228777992,0.0,0.0269891667947226,0.0,0.0,0.4641630654510255,0.0,0.0,-1.0881840525478288,-0.4086710149753892,0
544043,0.5194639458546031,0.4083366568994223,0.5,0.5,1.0,0.0,1.0,0.1045629446768353,0.1350614931535953,-0.7323949782604657,-0.1423686188473956,0.0,0.0,0.0,0.0,1.0,-0.1665098147536637,-0.3990502789820574,2
544163,-0.0057016973956241,-0.3957040193861091,0.5,0.0,1.0,1.5,0.0,0.6181932422025751,0.1350614931535953,-0.7323949782604657,0.4308838440812761,1.8945304820059297,0.0,-0.5358369345489745,0.0,1.8170594925112875,1.0387487208946375,0.5856900118040543,2
544207,-1.208457419522107,-0.4373685033222146,0.5,0.5,1.0,0.0,0.0,0.2330716898915232,0.4368292053736752,-0.7323949782604657,0.0269891667947226,0.0,0.0,0.0,0.0,1.0,0.1452528386633691,0.1501380338217018,5
544254,0.4008683923867841,0.2446949798295298,0.5,1.0,0.5,0.75,0.0,0.2494651720590502,-0.2218539557031286,2.2239010857415447,0.0269891667947226,3.4424745961808574,0.0,0.0,1.4475677406305645,0.0,0.496417434744388,1.0919553454301516,6
544256,0.0141746739074179,-0.589715259924501,-1.0,-0.5,-0.5,0.0,0.0,-1.7391374911047723,0.69823228777992,2.2239010857415447,0.0269891667947226,3.4424745961808574,0.0,0.4641630654510255,0.0,0.0,-1.0809486371223944,-0.4250099384004732,6
544271,0.397620855893381,-0.2948576299622514,-1.0,-0.5,-0.5,0.0,0.0,-0.9170023031282084,0.69823228777992,0.0,-1.7312471447788258,0.0,0.0,0.4641630654510255,0.0,0.0,-5.009979129451652,-0.4750501618622308,0
544333,0.6362125672899157,0.3354537328232688,-1.5,-1.0,-1.0,0.0,0.0,-5.01837906474446,-0.658683161076804,-3.801784016923932,-1.7312471447788258,-5.8849491923617165,0.0,-1.945257774202184,0.0,0.0,,,1
544364,-0.1725703195972444,-0.8781444948462946,-1.5,-1.0,-1.0,0.0,0.0,-5.01837906474446,-0.658683161076804,-3.801784016923932,-1.7312471447788258,-5.8849491923617165,0.0,-1.945257774202184,0.0,0.0,,,1
544367,-0.2967009531759736,-0.2752294817283874,0.0,0.5,0.0,0.0,0.0,-0.4891780548923324,0.341316838923196,0.8454879529219202,-0.1423686188473956,1.8945304820059297,0.0,-0.1695975135107168,1.8662394014360388,0.0,-0.474509470597113,0.1608601036963799,6
544391,-0.699761469053222,0.7405160565023101,0.0,0.0,0.5,1.0,1.3333333333333333,0.2163529190848271,-0.0955123664504794,-1.0,0.222498382100976,1.3087681003312956,0.0,-0.1695975135107168,0.0,1.2892242269941023,0.5310110142888311,-0.4891734837941061,2
544406,0.4457212106862503,2.0163980576406777,0.5,1.5,1.0,1.2000000000000002,0.8,0.759751342929985,0.0,0.0,-0.1423686188473956,0.0,0.4054651081081644,0.4641630654510255,1.4475677406305645,0.0,0.4236631698375112,0.5736190355856478,5
544414,-0.0275366324188616,-0.1425108733599631,0.0,0.5,0.5,0.0,0.0,0.5629693944080144,0.341316838923196,0.8454879529219202,0.0269891667947226,1.3087681003312956,0.0,0.4641630654510255,0.0,0.0,0.5671441061030055,0.6222782383779257,6
544425,0.142162029197963,-0.7533569369943934,-1.5,-1.0,-1.0,0.0,0.0,-5.01837906474446,-0.658683161076804,-3.801784016923932,-1.7312471447788258,-5.8849491923617165,0.0,-1.945257774202184,0.0,0.0,,,1
544444,0.3650795238307956,-0.1796235475848035,-0.5,0.0,0.0,1.5,0.0,-0.4074525263263,0.1350614931535953,1.223901085741545,0.0269891667947226,1.8945304820059297,0.0,0.4641630654510255,0.0,0.0,-0.1037003907205136,-0.8993101343969427,6
544447,-0.4134804766150164,-0.589715259924501,-0.5,-0.5,-0.5,0.0,2.0,-0.8366940976961261,0.1350614931535953,-1.577882931182386,-0.8521289889920516,0.0,0.0,-1.945257774202184,2.6303167041658844,1.8170594925112875,-1.604114754787649,-0.9319457189475904,0
544449,0.0226254934042333,-0.0879858281037825,0.5,0.0,1.0,0.75,1.0,0.728155842532674,-0.2218539557031286,-0.7323949782604657,0.5930148329413781,1.0,0.0,-0.5358369345489745,0.0,1.8170594925112875,1.0534296342654128,-0.2149454635390363,2
544469,0.7074419513804496,0.4509389841865806,0.0,0.5,0.0,1.0,0.0,0.4059658273376647,0.341316838923196,0.8454879529219202,-0.1423686188473956,0.0,0.0,-0.1695975135107168,1.8662394014360388,0.0,0.1451668761837802,0.3063611201443633,5
544472,-0.1360057761940137,-1.1222377710152045,-1.5,-1.0,-1.0,0.0,0.0,-5.01837906474446,-0.658683161076804,-3.801784016923932,-1.7312471447788258,-5.8849491923617165,0.0,-1.945257774202184,0.0,0.0,,,1
544476,1.0443158971777904,0.4649590448526473,-1.0,-0.5,-0.5,0.0,0.0,-0.9500496134530128,1.491976942010319,0.0,-0.8521289889920516,0.0,0.0,0.4641630654510255,0.0,0.0,-1.6620858371601823,-1.860573491375013,0
544480,-0.436621875182693,0.0,0.0,0.5,0.5,1.0,1.3333333333333333,-0.0471349681280216,0.341316838923196,0.0,-0.4872619880436798,0.0,0.0,0.4641630654510255,0.0,0.0,-0.8338145911456281,0.0253738310138592,0
544495,0.739011876306381,0.3939512500814855,0.0,0.5,0.5,0.75,1.0,-0.1685998590832503,0.1350614931535953,1.223901085741545,-0.3378778341536493,3.4424745961808574,0.5108256237659907,-0.1695975135107168,1.8662394014360388,1.2892242269941023,-0.071630504590634,1.3839049330767597,6
544497,0.476457553767181,-0.1796235475848035,-1.0,-1.0,-0.5,0.0,0.0,-0.1244474698007082,-0.658683161076804,-3.801784016923932,0.3100019998680502,0.0,0.0,-1.945257774202184,0.0,3.10628371950539,-0.0230086504457724,-5.846818380501243,3
544507,0.1708300754507651,-0.7533569369943934,-1.5,-1.0,-1.0,0.0,0.0,-5.01837906474446,-0.658683161076804,-3.801784016923932,-1.7312471447788258,-5.8849491923617165,0.0,-1.945257774202184,0.0,0.0,,,1
544513,-1.619829188219615,-0.2752294817283874,0.5,1.0,0.5,0.75,2.0,0.1568918533475511,0.69823228777992,0.0,-0.2042491549703521,0.0,0.0,0.0,1.4475677406305645,0.0,-0.2469449500995267,0.3532066474601215,5
544536,-1.0695100105924904,-1.565349196005918,-1.0,-1.0,-0.5,0.0,0.0,-0.8077359761143721,-0.658683161076804,-3.801784016923932,0.7367495369393785,0.0,0.0,-1.945257774202184,0.0,3.10628371950539,-0.3065049614241537,-5.846818380501243,3
544549,1.300851396692453,0.7528177715328302,0.5,1.0,1.0,0.75,0.0,0.8447984489772536,0.69823228777992,0.0,-0.2363597157400465,0.0,0.0,0.4641630654510255,0.0,0.0,0.445240568231905,0.3001882218345255,5
544595,-0.2049274726775389,-0.160989241751724,0.5,1.0,1.0,1.5,1.0,0.9109573445216932,-0.2218539557031286,0.0,-0.5691161559187239,0.0,0.0,0.4641630654510255,0.0,0.0,0.2015892344400808,0.4309915167782593,5
544604,0.5807140573519755,0.3056133849682904,-0.5,0.0,-0.5,1.5,0.0,-0.7687971082062188,0.1350614931535953,1.223901085741545,0.0269891667947226,0.0,0.0,-0.5358369345489745,2.6303167041658844,0.0,-0.754154766685177,-1.2356073074423586,0
544627,-0.4778593511670246,-0.8024290039733696,0.5,1.0,0.5,0.75,0.0,-0.0753024401469103,0.4368292053736752,0.0,0.222498382100976,0.0,0.0,0.0,1.4475677406305645,0.0,-0.1930315176805254,0.0537863384079267,5
544640,0.1456616898640888,0.7650513326678573,1.0,1.5,1.0,0.0,0.8,0.485755387292567,0.4919769420103195,0.0,0.5412403216331251,0.0,0.0,0.0979236444127681,1.18274896353532,0.0,0.630767080277297,0.3634272311797117,5
544647,-0.3833560519954433,-1.1803503916127198,-1.0,-1.0,-0.5,0.0,0.0,-1.2554120094935366,-0.658683161076804,-3.801784016923932,0.9061073225814968,0.0,0.0,-1.945257774202184,0.0,3.10628371950539,-0.5709685748675447,-5.846818380501243,3
544680,0.0282371164403273,0.6652308508706292,0.5,1.0,1.0,0.0,0.0,0.8447984489772536,0.1350614931535953,0.6460181545591593,0.3100019998680502,1.0,0.0,0.4641630654510255,0.0,0.0,0.9171752917957424,0.6612078517699315,5
544683,1.541089511386447,1.195929196523542,0.5,1.0,1.0,0.0,0.0,0.0811016126512152,0.1350614931535953,0.0,0.3100019998680502,0.0,0.0,0.4641630654510255,0.0,0.0,0.0796160392054197,0.3864016139140444,5
544685,-0.9225111419685876,1.4515466329356972,-0.5,0.5,0.5,1.0,1.3333333333333333,-0.0776927918335968,0.341316838923196,2.2239010857415447,1.384629370961078,1.3087681003312956,0.6931471805599453,1.2398233261424922,0.0,0.0,0.7926087788228295,1.210486859567372,6
544694,-0.2126105872403068,-0.6817349135302966,-0.5,0.0,0.0,0.0,2.0,0.1712648825262825,0.1350614931535953,0.0,-0.5691161559187239,0.0,0.0,0.4641630654510255,0.0,0.0,-0.4463721166189113,-0.2139967722349864,0
544698,-0.5174632954449125,-0.7533569369943934,-1.0,-1.0,-0.5,3.0,0.0,-0.9300661059658892,-0.658683161076804,-3.801784016923932,0.5412403216331251,0.0,0.0,-1.945257774202184,0.0,3.10628371950539,-0.5340239313350723,-5.846818380501243,3
544747,0.1263276549558812,0.1011544248762458,0.5,0.5,1.0,0.75,3.0,0.5483738409827771,0.4368292053736752,-0.7323949782604657,0.3718825359910068,0.0,0.0,0.0,0.0,1.0,0.1939316071714373,0.0944883344173526,5
544749,0.3259844321295524,-0.2364889768829301,-1.0,-0.5,-0.5,0.0,0.0,-0.3200932470737037,-0.658683161076804,0.0,-0.3378778341536493,0.0,0.0,0.4641630654510255,0.0,0.0,-0.664379439894162,-0.6076747770990448,0
544818,0.4995238158083468,0.2600828618709601,-0.5,0.0,0.0,1.5,0.0,-0.3011576545890609,0.69823228777992,0.0,-0.8521289889920516,0.0,0.0,0.4641630654510255,0.0,0.0,-1.1281022789178958,0.4038448865503611,0
544839,-1.757273878088166,-1.209990462642304,0.0,0.5,0.0,0.0,1.3333333333333333,-0.7009351911800297,-0.0955123664504794,0.0,-0.5691161559187239,0.0,0.0,-0.1695975135107168,1.8662394014360388,0.0,-1.0930499510188705,0.0432550699828325,0
544868,0.694655163152317,0.1978772796996186,-0.5,0.0,-0.5,0.0,0.0,-1.6117105173101978,-0.658683161076804,0.0,-0.3378778341536493,0.0,0.0,-0.5358369345489745,2.6303167041658844,0.0,-1.7320666263651672,0.0381683006167742,0
544926,1.127554882184268,1.2650939780789934,0.0,0.5,0.5,0.0,2.6666666666666665,0.4506047223688276,-0.658683161076804,0.0,-0.8521289889920516,0.0,0.0,0.4641630654510255,0.0,0.0,-0.914141261128065,0.0026187173199935,5
545010,-0.4659791917316795,-0.0347747680912913,0.0,0.5,0.0,0.0,0.0,-0.5049280163443585,-0.0955123664504794,1.577882931182386,-0.5691161559187239,3.4424745961808574,0.0,-0.1695975135107168,1.8662394014360388,0.0,-0.478523303435361,0.2580169174057187,6
545011,0.0338310650438883,0.0171841500464987,0.5,1.0,0.5,0.0,2.0,0.2671370923558518,0.69823228777992,0.6460181545591593,0.0269891667947226,1.3087681003312956,0.0,0.0,1.4475677406305645,0.0,0.628670745360412,0.3757131731940135,5
545012,0.1017707408089781,-0.3346452313910828,0.0,0.0,0.5,0.0,0.0,-0.1984534887515583,-0.0955123664504794,0.8454879529219202,0.6748690008164222,2.4424745961808583,0.0,-0.1695975135107168,0.0,1.2892242269941023,0.3962816938122127,0.6485651303328341,6
545063,-0.0494761021274939,-1.1222377710152045,-1.5,-1.0,-1.0,0.0,0.0,-5.01837906474446,-0.658683161076804,-3.801784016923932,-1.7312471447788258,-5.8849491923617165,0.0,-1.945257774202184,0.0,0.0,,,1
545070,0.6202261658095657,0.5606834135017086,0.0,-0.5,0.5,0.0,0.0,0.4326009302510322,-0.658683161076804,-2.223901085741545,0.852128988992052,0.0,0.0,-0.9452577742021836,0.0,2.2892242269941026,0.6607937188527294,-0.4736850969196026,2
545089,0.5642178655740282,0.6135758138503429,-1.0,0.0,0.0,1.5,2.0,-0.8728109866596636,-0.658683161076804,0.0,1.189120155654825,0.0,1.0986122886681096,1.8735839051042344,0.0,0.0,-0.0795099949117966,0.7503772470656437,5
545109,-0.485823836322499,-0.6352457830218333,-0.5,0.0,0.0,0.0,0.0,-0.2497083796660127,-0.658683161076804,0.0,0.5412403216331251,0.0,0.0,0.4641630654510255,0.0,0.0,-0.1778640876338711,-0.2502790365971108,0
545115,1.222932016503108,0.6135758138503429,-1.0,-0.5,-0.5,0.0,0.0,-0.0087771460788253,0.69823228777992,0.0,-0.3378778341536493,0.0,0.0,0.4641630654510255,0.0,0.0,-0.4077861380408977,-0.3185514971059902,0
545132,-0.5349617346570256,-0.9301034129840848,-1.0,-0.5,-0.5,3.0,4.0,-0.73157851013244,-0.658683161076804,0.0,-0.8521289889920516,0.0,0.0,0.4641630654510255,0.0,0.0,-1.55488274909491,-1.1602861031926688,0
545208,0.1734134609439123,-0.2557742709686207,-1.0,-0.5,-0.5,0.0,0.0,-0.9235088868461168,-0.658683161076804,2.2239010857415447,-0.8521289889920516,3.4424745961808574,0.0,0.4641630654510255,0.0,0.0,-1.1623181004035386,-0.7657562483927912,6
545209,-0.4883200801816292,1.9460687965493384,0.0,1.0,1.0,0.75,1.0,0.7019976938363375,0.4368292053736752,0.0,-0.2363597157400465,0.0,0.5108256237659907,1.0,0.0,0.0,0.5387584433417986,0.3320553690695234,5
545226,-2.138348663318964,-0.8781444948462946,0.0,0.0,0.5,0.0,0.0,0.1550778625404477,-0.0955123664504794,-1.0,0.95788183388975,0.0,0.0,-0.1695975135107168,0.0,1.2892242269941023,0.1558143081413232,-0.7320105722211487,2
545247,0.8089597077557817,0.1500453992945883,-1.0,-1.0,-0.5,0.0,0.0,0.050825359008231,-0.658683161076804,-3.801784016923932,0.7367495369393785,3.4424745961808574,0.0,-1.945257774202184,0.0,3.10628371950539,0.8830018460816214,-5.846818380501243,3
545249,-0.1753607007107251,0.8013505413698264,1.0,1.0,1.0,0.6000000000000001,0.8,0.5182364352274699,0.0,-0.5778829311823854,0.2449467451820483,0.0,0.0,-0.311497195240441,1.18274896353532,0.8170594925112873,0.4603967560600255,0.3679982384504782,5
545264,0.6065236641571765,-0.1796235475848035,-1.5,-1.0,-1.0,0.0,0.0,-5.01837906474446,-0.658683161076804,-3.801784016923932,-1.7312471447788258,-5.8849491923617165,0.0,-1.945257774202184,0.0,0.0,,,1
545272,-0.1211431186381497,-0.8273801410529529,-1.0,-0.5,-0.5,3.0,4.0,0.1216076941696255,0.69823228777992,0.0,0.5412403216331251,0.0,0.0,0.4641630654510255,0.0,0.0,0.2989685313590018,-1.0084964645101075,2
545281,0.4214419140701247,-0.160989241751724,-1.5,-1.0,-1.0,0.0,0.0,-5.01837906474446,-0.658683161076804,-3.801784016923932,-1.7312471447788258,-5.8849491923617165,0.0,-1.945257774202184,0.0,0.0,,,1
545290,0.9370709492320692,0.6906121893614907,0.5,1.0,0.5,0.75,2.0,0.1587019472863331,-0.2218539557031286,0.0,-0.4872619880436798,0.0,0.0,0.0,1.4475677406305645,0.0,-0.3773392943158523,0.6902737046952673,5
545300,-0.3238171625337165,0.6135758138503429,1.0,1.5,1.5,0.6000000000000001,0.8,0.7624051983662441,0.0,0.5227586988632229,0.2042491549703524,0.8092012510390698,0.0,0.4641630654510255,0.0,0.0,0.6951337178425787,-0.0678357185345511,5
545317,-0.3147323487952075,0.963277148732632,1.5,2.0,1.5,0.4999999999999998,0.6666666666666664,0.7179760564961793,0.1350614931535953,0.4390194395059628,-0.0380660878912795,0.8092012510390698,0.0,0.1617063421381263,1.0,0.0,0.454368734894799,0.7092559371855379,5
545318,0.031595599407797,-0.3548111444861987,0.0,0.5,0.5,1.0,0.0,0.3924696121650622,-0.0955123664504794,0.0,0.0269891667947226,0.0,0.0,0.4641630654510255,0.0,0.0,0.458393232821872,-0.0020583755169899,5
545327,0.2931943830075027,0.5201657237419183,0.5,0.5,1.0,0.75,0.0,0.1623105112791227,-0.2218539557031286,0.0,-0.4482343117054982,1.0,0.0,0.0,0.0,1.0,-0.2902074664440776,-0.5358819982282855,5
545344,0.3626058782869214,1.3788436992524111,-0.5,0.0,0.5,1.0,2.6666666666666665,0.2781929001380224,0.341316838923196,0.8454879529219202,1.4889319019171945,0.0,0.6931471805599453,0.4641630654510255,0.0,1.8170594925112875,0.8017526257526508,1.083623071418565,5
545345,0.5231022070382377,-0.2557742709686207,-1.0,-0.5,-0.5,0.0,0.0,-0.4891780548923324,0.69823228777992,0.0,-0.3378778341536493,0.0,0.0,0.4641630654510255,0.0,0.0,-0.8038144744347813,-1.0024720930783375,0
545360,0.7201373393404776,0.3794715120532125,-0.5,-0.5,-0.5,0.0,0.0,-0.6959345925001316,-0.658683161076804,-1.577882931182386,0.3100019998680502,0.0,0.0,-1.945257774202184,2.6303167041658844,1.8170594925112875,-0.4948150998647015,-0.6861906074996657,2
545375,-0.004559892654657,-0.4798342762580817,-0.5,-0.5,0.0,1.5,2.0,-0.8426070932214954,0.69823228777992,0.0,0.1763733206847534,3.4424745961808574,0.0,-0.5358369345489745,0.0,1.8170594925112875,-0.4318259855807592,-1.561164444918907,2
545399,0.8640500608570282,0.6266032978723975,-1.0,-0.5,-0.5,0.0,0.0,-0.5582488651021621,0.69823228777992,0.0,0.9061073225814968,0.0,0.0,0.4641630654510255,0.0,0.0,0.0066103487033897,-1.2594149673873358,0
545404,0.0597056964318799,2.2148685811006907,1.5,2.5,2.0,0.8571428571428571,1.1428571428571428,0.6087813455126837,0.22612978235164,0.3784131328196244,-0.0833673107571263,0.0,0.2876820724517809,0.4641630654510255,1.0,0.0,0.1614353161167139,0.922633431392421,5
545446,-1.0742684252630483,-0.2948576299622514,0.0,0.0,0.0,0.0,0.0,-0.5009628400646635,-0.658683161076804,0.8454879529219202,1.1240649009688228,3.4424745961808574,0.0,-0.9452577742021836,1.8662394014360388,1.2892242269941023,0.0827586239346279,0.5330002315823841,6
545465,-0.2091917657546151,-0.7292238865448002,-1.0,-0.5,-0.5,3.0,0.0,-1.0889727247412972,1.491976942010319,0.0,-0.3378778341536493,0.0,0.0,0.4641630654510255,0.0,0.0,-1.299066599486068,-0.2437405748535057,0
545510,0.4234363861645041,-0.1241858541912811,0.0,0.0,0.0,0.0,2.6666666666666665,-0.026610582219974,-0.658683161076804,0.0,0.6427584400467276,1.8945304820059297,0.0,-0.9452577742021836,1.8662394014360388,1.2892242269941023,0.3059445249698373,-0.0198110678281771,2
545518,-0.3238171625337165,1.3415744240462002,0.5,1.5,1.5,1.2000000000000002,0.8,0.3952053236736468,-0.658683161076804,0.5227586988632229,0.4537367038660508,0.8092012510390698,0.4054651081081644,0.8735839051042346,0.0,0.0,0.5534533019064958,0.9350977114017848,5
545551,-2.111980118553783,-0.3751629211508731,0.5,1.0,1.0,1.5,0.0,0.5652827375908238,0.1350614931535953,0.0,0.5930148329413781,0.0,0.0,0.4641630654510255,0.0,0.0,0.6563032296144777,0.3187974251834272,5
545577,-0.7430547826448339,0.3354537328232688,1.0,1.5,1.5,0.6000000000000001,0.0,0.7729378155668966,0.0,0.0,-0.3378778341536493,0.0,0.0,0.4641630654510255,0.0,0.0,0.0719242209020534,0.2767198412183571,5
545629,0.7170987120579705,1.0720751208824848,1.0,1.5,1.5,0.0,0.0,0.8535631449788088,0.2614030824062447,0.0,-0.7312471447788259,0.0,0.0,0.4641630654510255,0.0,0.0,-0.0572305622664296,0.6894521533574168,5
545633,1.0615769575662444,0.8252226888668068,0.0,0.5,0.5,2.0,1.3333333333333333,-0.3169076160410869,-0.0955123664504794,0.0,0.0269891667947226,0.0,0.0,0.4641630654510255,0.0,0.0,-0.4747096113652971,0.1275916607849092,5
545634,-0.4778593511670246,-0.1060116599355281,0.0,0.5,0.5,1.0,0.0,0.0279102695096463,-0.658683161076804,0.8454879529219202,0.3918561677430946,1.3087681003312956,0.0,0.4641630654510255,0.0,0.0,0.2965309904686194,0.1155450596169241,6
545652,0.9710034059077371,0.4509389841865806,0.0,0.5,0.5,0.0,0.0,-0.0753024401469103,-0.658683161076804,0.0,-0.2042491549703521,0.0,0.0,0.4641630654510255,0.0,0.0,-0.349425312398899,-0.0092952592070668,5
545684,-0.0137149501082336,1.828664288954412,-0.5,0.5,0.5,1.0,1.3333333333333333,0.3372671087447133,0.69823228777992,0.8454879529219202,0.7957508450296478,1.3087681003312956,0.6931471805599453,1.2398233261424922,0.0,0.0,0.8308009177107134,0.295785120456095,5
545736,0.4894691666391822,1.4245627679790984,0.0,0.5,0.5,2.25,2.0,-0.1069187876520562,0.1350614931535953,0.6460181545591593,1.055491476471528,0.0,0.5108256237659907,-0.1695975135107168,1.8662394014360388,1.2892242269941023,0.243903916978138,0.9969248598197036,5
545745,-0.7897963542653952,-0.8526164401574539,-0.5,0.0,-0.5,0.0,0.0,-0.819200076828232,0.1350614931535953,0.0,-1.7312471447788258,0.0,0.0,-0.5358369345489745,2.6303167041658844,0.0,-5.009979129451652,0.1823442515830521,0
545748,1.1594493817186775,0.4083366568994223,-0.5,0.0,-0.5,0.0,0.0,-0.3934088944951812,0.69823228777992,0.0,0.5412403216331251,0.0,0.0,-0.5358369345489745,2.6303167041658844,0.0,-0.0903488548938479,0.0548163184440095,0
545754,0.4346137497596027,-0.3957040193861091,-1.5,-1.0,-1.0,0.0,0.0,-5.01837906474446,-0.658683161076804,-3.801784016923932,-1.7312471447788258,-5.8849491923617165,0.0,-1.945257774202184,0.0,0.0,,,1
545755,-0.6975118459362443,0.2291991117677428,1.0,1.0,1.0,0.6000000000000001,0.8,0.4312935624100654,-0.30176771222008,-0.5778829311823854,1.0902415790965525,0.0,0.0,-0.311497195240441,1.18274896353532,0.8170594925112873,0.9154790778427816,0.2116744053818227,5
545758,0.2625955849182689,-0.3346452313910828,-0.5,0.0,0.0,1.5,0.0,-0.1371950412950404,0.1350614931535953,0.0,0.0269891667947226,0.0,0.0,0.4641630654510255,0.0,0.0,-0.2536066207178355,-0.0424588049265022,0
545763,0.0405206293116058,0.6524299330683321,-0.5,0.0,0.0,2.0,4.0,-0.8605992018306694,0.341316838923196,0.8454879529219202,1.521876595833502,0.0,0.6931471805599453,-0.5358369345489745,2.6303167041658844,1.8170594925112875,0.0569309733574838,-0.9588733431212358,2
545770,-0.5508591007847717,-0.0879858281037825,0.5,1.0,1.0,0.0,0.0,0.578569715745519,-0.2218539557031286,0.0,0.3100019998680502,0.0,0.0,0.4641630654510255,0.0,0.0,0.5389904619775788,0.0426818599528061,5
545771,-0.9314650971906692,0.0342356026297282,-0.5,0.0,0.0,0.0,0.0,-0.1295233791538115,-0.658683161076804,0.0,-0.1423686188473956,0.0,0.0,0.4641630654510255,0.0,0.0,-0.7723629294299812,-0.544389873695581,0
545803,0.8541065760908293,0.8370626750721992,0.0,0.5,0.5,0.0,0.0,0.0929139332691932,0.341316838923196,0.0,0.3100019998680502,0.0,0.0,0.4641630654510255,0.0,0.0,-0.0671678170278358,0.0216539193193536,5
545805,-0.7633530288760725,-0.3346452313910828,0.5,0.5,1.0,0.75,2.0,0.5322800670585888,0.1350614931535953,0.6460181545591593,0.6906244755231556,1.8945304820059297,0.0,0.0,0.0,1.0,1.146763918335531,0.3838868982961149,5
545810,0.0701593888438221,-0.5672972791819948,-1.0,-1.0,-0.5,0.0,4.0,-0.6106552906169129,-0.658683161076804,-3.801784016923932,0.9061073225814968,0.0,0.0,-1.945257774202184,0.0,3.10628371950539,-0.0722463764509101,-5.846818380501243,3
545848,-0.3147323487952075,-1.0104087041727063,-1.0,-1.0,-0.5,0.0,0.0,-1.8690246079739068,-0.658683161076804,-3.801784016923932,0.7367495369393785,5.8849491923617165,0.0,-1.945257774202184,0.0,3.10628371950539,-0.4299468850091401,-5.846818380501243,3
545865,-0.485823836322499,0.0342356026297282,0.5,1.0,0.5,0.0,1.0,0.5763697186616068,0.4368292053736752,0.0,0.0269891667947226,0.0,0.0,0.0,1.4475677406305645,0.0,0.1696242471287057,0.3819801732576657,5
545879,-1.0269584179796412,0.7157050973079879,0.0,1.0,1.0,0.75,1.0,0.5596840564976959,0.1350614931535953,1.223901085741545,1.220437781479211,0.0,0.5108256237659907,1.0,0.0,0.0,1.051128077211552,1.1410293900298816,5
545936,0.093148989832421,0.0511563914573724,0.0,0.0,0.5,1.0,1.3333333333333333,0.2591503178234521,-0.658683161076804,-1.0,0.222498382100976,0.0,0.0,-0.1695975135107168,0.0,1.2892242269941023,0.0990931311870264,0.3309878790571061,2
545939,-0.1871284110521461,-0.0701059560259865,0.5,1.0,0.5,0.0,0.0,0.4299841629166241,0.1350614931535953,0.0,-0.4872619880436798,0.0,0.0,0.0,1.4475677406305645,0.0,-0.0583276949107709,0.3124522416212704,5
545958,0.8901054505843685,0.4083366568994223,-1.0,-0.5,-1.0,0.0,4.0,-5.01837906474446,-0.658683161076804,0.0,-1.7312471447788258,-5.8849491923617165,0.0,-1.945257774202184,4.496556105601924,0.0,-5.009979129451652,-1.2017043042361704,4
545981,1.2004601334001264,1.3602876897454408,1.0,0.5,1.5,1.2000000000000002,0.0,0.8342644716733364,-0.30176771222008,-0.5778829311823854,0.5828276343672492,0.8092012510390698,0.0,-0.311497195240441,0.0,1.5078734502500786,0.648594093625052,-0.5673146967563435,2
546008,0.7798430357723576,0.8133188749341947,0.5,1.0,1.0,0.75,1.0,0.7650507214326334,-0.2218539557031286,0.6460181545591593,0.1038793384945924,1.0,0.0,0.4641630654510255,0.0,0.0,0.7297583780771516,-0.0100050390762112,5
546050,-0.2928607847320285,-0.4584993070321419,-0.5,0.0,0.0,0.0,0.0,-0.6522165130024442,0.1350614931535953,1.223901085741545,-0.8521289889920516,1.8945304820059297,0.0,0.4641630654510255,0.0,0.0,-1.1954744256756191,0.2108104933721085,6
546061,0.0282371164403273,0.0342356026297282,0.5,1.0,0.5,1.5,1.0,0.1045629446768353,-0.658683161076804,0.0,-0.6566197736857983,0.0,0.0,0.0,1.4475677406305645,0.0,-0.5986514621035426,0.6479297323909415,5
546064,0.0523513289323201,0.3648961975046188,1.0,1.5,1.5,0.6000000000000001,0.0,0.624531306964709,0.2614030824062447,0.0,0.407611642449828,0.0,0.0,0.4641630654510255,0.0,0.0,0.7820695370753118,0.9110054028717174,5
546065,0.9610903910754603,0.3056133849682904,0.0,0.5,0.5,0.0,0.0,-0.3074223555998511,-0.0955123664504794,0.0,0.5412403216331251,0.0,0.0,0.4641630654510255,0.0,0.0,-0.2917432094562844,-0.0584474573963192,5
546072,-1.265570932745021,-0.3346452313910828,0.5,0.5,1.0,0.0,1.0,0.4746440385249632,0.1350614931535953,0.0,0.1763733206847534,1.0,0.0,0.0,0.0,1.0,0.5194637507325124,0.2625394568118729,5
546121,0.5471686621743532,-0.0347747680912913,-1.0,-0.5,-0.5,0.0,0.0,-0.0729188504259362,-0.658683161076804,0.0,-1.7312471447788258,0.0,0.0,0.4641630654510255,0.0,0.0,-5.009979129451652,-0.622758114599305,0
546127,-0.4898195122786246,-0.1796235475848035,0.5,1.0,1.0,0.0,0.0,-0.1712705377199262,-0.2218539557031286,0.0,0.3100019998680502,0.0,0.0,0.4641630654510255,0.0,0.0,0.0929851105478796,0.4270412738466904,5
546130,-0.9050984807967888,-1.2400338123026975,-0.5,0.0,-0.5,0.0,0.0,-0.8666829712529469,0.69823228777992,0.0,0.7367495369393785,0.0,0.0,-0.5358369345489745,2.6303167041658844,0.0,-0.3552979594889651,0.2803806267230379,0
546131,1.2158375213503765,2.2337687147762986,0.5,1.0,1.0,1.2000000000000002,1.6,0.329920955809132,0.0,0.5227586988632229,0.7367495369393785,2.4424745961808583,0.4054651081081644,0.0,1.4475677406305645,1.0,0.849284336419307,0.9317874461970804,5
546161,1.3600594531061143,0.3648961975046188,0.0,0.5,0.5,1.0,0.0,0.3883493183583352,-0.658683161076804,0.0,0.7957508450296478,0.0,0.0,0.4641630654510255,0.0,0.0,0.6513890510966064,0.1934821958189889,5
546164,0.2541581476087982,1.093205924592412,-0.5,0.0,0.5,1.0,1.3333333333333333,-0.1659376186237856,-0.658683161076804,-1.0,1.7312471447788265,1.3087681003312956,0.6931471805599453,0.4641630654510255,0.0,1.8170594925112875,0.9134002765946724,-0.4254098553677098,2
546190,0.220959476096036,0.5337543951599557,0.0,0.5,0.5,0.0,0.0,0.2733619883368989,0.341316838923196,0.0,0.0269891667947226,0.0,0.0,0.4641630654510255,0.0,0.0,0.5870479146959173,-0.0407583201740514,5
546224,0.2835154641577846,-0.1060116599355281,-0.5,0.0,0.0,0.0,0.0,-0.2826382628560088,0.69823228777992,0.0,-1.2169959899404237,0.0,0.0,0.4641630654510255,0.0,0.0,-1.368117408000494,-0.57580775952427,0
546256,-0.133958424712661,0.1820481643393343,1.0,0.5,1.5,0.6000000000000001,0.0,1.050527848169003,-0.658683161076804,-0.5778829311823854,0.6230944895081695,0.8092012510390698,0.0,-0.311497195240441,0.0,1.5078734502500786,1.1235389525196249,0.0710297359488718,5
546280,0.5245554272584666,2.0979390935237405,0.0,1.0,1.0,0.75,3.0,0.6044565858640295,-0.2218539557031286,0.0,-0.1423686188473956,0.0,0.5108256237659907,1.0,0.0,0.0,-0.0955427944349056,0.911787409446958,5
546282,0.3028208413348977,0.3056133849682904,-0.5,0.0,0.0,0.0,0.0,-0.2918470802486814,-0.658683161076804,0.0,0.0269891667947226,0.0,0.0,0.4641630654510255,0.0,0.0,-0.3502612229119027,0.0855338421969065,0
546307,0.6843590345297765,1.5985229317544651,1.0,1.5,1.5,0.4999999999999998,1.3333333333333333,0.7535263132111094,0.341316838923196,0.4390194395059628,0.0269891667947226,0.0,0.3364722366212129,0.0979236444127681,1.18274896353532,0.8170594925112873,0.387390147656081,0.9658292923526456,5
546334,1.0370739820946908,0.6779579877571728,-1.0,-0.5,-0.5,0.0,0.0,-0.8605992018306694,-0.658683161076804,0.0,-0.8521289889920516,0.0,0.0,0.4641630654510255,0.0,0.0,-1.5884756645700322,-2.151690457401976,0
546395,-1.0854212230622506,1.3321579827534449,0.5,1.0,1.0,0.75,0.0,0.4194350623166895,0.1350614931535953,0.0,-0.3378778341536493,0.0,0.0,0.4641630654510255,0.0,0.0,-0.0167759101733777,0.147016130096259,5
546399,-0.2737835098716158,-0.7053517390478198,-1.0,-0.5,-1.0,0.0,0.0,-5.01837906474446,-0.658683161076804,0.0,-1.7312471447788258,-5.8849491923617165,0.0,-1.945257774202184,4.496556105601924,0.0,-5.009979129451652,-1.111695534409965,4
546419,0.527941657480414,2.176575965942501,0.5,1.5,1.0,0.6000000000000001,2.4,0.8715455964682631,0.2614030824062447,0.0,-1.02148677463417,0.0,0.4054651081081644,0.4641630654510255,1.4475677406305645,0.0,-0.5285940861515629,0.7530831882650332,5
546437,1.2944544047016953,0.9744013643849618,1.0,1.5,1.5,0.0,0.8,0.9674644775246029,0.0,0.0,-0.3378778341536493,0.0,0.0,0.4641630654510255,0.0,0.0,0.4682378591473833,0.3270173110724194,5
546462,-1.1950191923861782,-1.209990462642304,-0.5,-1.0,0.0,1.5,2.0,0.2936316023374204,-0.658683161076804,-3.801784016923932,0.6427584400467276,0.0,0.0,-1.945257774202184,0.0,3.10628371950539,0.4533353270462223,-5.846818380501243,3
546470,0.0924286178033191,0.1011544248762458,-1.0,-0.5,-1.0,0.0,4.0,-5.01837906474446,-0.658683161076804,0.0,-1.7312471447788258,-5.8849491923617165,0.0,-1.945257774202184,4.496556105601924,0.0,-5.009979129451652,-0.3994525767951148,4
546485,0.2980141341699191,-0.1241858541912811,0.5,1.0,1.0,0.0,0.0,0.4906471189097067,0.69823228777992,0.0,-0.1423686188473956,0.0,0.0,0.4641630654510255,0.0,0.0,0.1164184639523339,0.3105788317100958,5
546509,-0.1795545095386603,-0.160989241751724,0.0,0.5,0.5,1.0,1.3333333333333333,0.0610387980526892,-0.0955123664504794,0.0,-0.3378778341536493,0.0,0.0,0.4641630654510255,0.0,0.0,-0.3291729679821529,0.0487706665324873,5
546529,-0.1274227146202677,2.1112412550579096,0.5,1.5,1.0,1.2000000000000002,0.8,0.2112719082843872,0.69823228777992,0.5227586988632229,-0.702744835102021,0.0,0.4054651081081644,0.4641630654510255,1.4475677406305645,0.0,-0.4685319535214746,1.143710119751242,5
546587,0.1785689862284012,0.1500453992945883,0.5,1.0,-0.5,0.0,2.0,-1.4032447852251708,0.1350614931535953,1.223901085741545,0.3100019998680502,0.0,0.0,-1.169597513510717,3.630316704165885,0.0,-1.0809486371223944,0.8666273050085854,0
546612,0.6828832744004971,0.0171841500464987,-1.0,-0.5,-0.5,0.0,0.0,0.1216076941696255,-0.658683161076804,0.0,-0.8521289889920516,0.0,0.0,0.4641630654510255,0.0,0.0,-0.7802019202404108,-0.6247021912739971,0
546648,-0.5633228516771859,0.0511563914573724,0.5,0.5,0.5,1.5,1.0,0.1923749237130809,0.1350614931535953,-0.7323949782604657,0.3918561677430946,1.3087681003312956,0.0,-0.5358369345489745,1.4475677406305645,1.0,0.7380595850833501,0.3530758072800289,5
546664,-0.1598698250689396,-0.8526164401574539,-1.0,-0.5,-0.5,0.0,4.0,-0.8426070932214954,0.69823228777992,0.0,0.7367495369393785,0.0,0.0,0.4641630654510255,0.0,0.0,-0.3708899350889943,-2.664903044446372,0
546671,-0.2775826069638152,-0.7777566563817965,-1.0,-0.5,-0.5,0.0,0.0,-0.8977786920441243,-0.658683161076804,0.0,0.0269891667947226,0.0,0.0,0.4641630654510255,0.0,0.0,-0.8607913952665351,-0.5994776120148466,0
546679,0.9775814771805994,0.5740257630792477,0.5,0.5,0.5,0.0,1.0,0.1179529854393986,0.4368292053736752,-0.7323949782604657,0.222498382100976,0.0,0.0,-0.5358369345489745,1.4475677406305645,1.0,-0.1630213461167325,-0.0449589973868239,5
546688,-0.6286095976474712,1.9885345694852052,0.0,1.0,1.0,0.75,1.0,0.119848595697766,0.4368292053736752,0.0,-0.3378778341536493,0.0,0.5108256237659907,1.0,0.0,0.0,-0.2058163204744874,0.3407708277222599,5
546702,0.7502410636387984,0.2135937313624968,0.0,0.5,0.5,0.0,0.0,0.5584810911211757,-0.658683161076804,0.8454879529219202,-0.4872619880436798,1.3087681003312956,0.0,0.4641630654510255,0.0,0.0,0.2716450726171708,-0.0641999247110962,6
546728,-0.1298707883550653,-0.160989241751724,-0.5,0.0,0.0,0.0,0.0,-0.5291191057528215,0.1350614931535953,1.223901085741545,0.8242531547064528,0.0,0.0,0.4641630654510255,0.0,0.0,0.085440978098179,0.723517135872818,0
546740,-0.2306681727012954,-0.1241858541912811,-0.5,0.0,0.0,0.0,0.0,-0.638133760600969,0.69823228777992,0.0,-0.5691161559187239,0.0,0.0,0.4641630654510255,0.0,0.0,-0.9621687199333376,0.1639021416073216,0
546756,0.6051745739188196,0.2600828618709601,-0.5,0.0,-0.5,0.0,0.0,-0.4004014525057859,-0.658683161076804,1.223901085741545,0.3100019998680502,3.4424745961808574,0.0,-0.5358369345489745,2.6303167041658844,0.0,0.2295549789319831,0.0559883065834591,6
546774,0.8347627361195791,0.1175719885109969,0.0,0.0,0.0,1.0,0.0,-0.3137339836471855,0.341316838923196,0.0,1.366380143830454,0.0,0.0,-0.9452577742021836,1.8662394014360388,1.2892242269941023,0.3515504772119569,-0.272637151670449,2
546842,-0.4702129892392906,-1.332697148215006,-1.0,-1.0,-0.5,0.0,4.0,-1.414867016446103,-0.658683161076804,-3.801784016923932,0.7367495369393785,0.0,0.0,-1.945257774202184,0.0,3.10628371950539,-0.8457603522766943,-5.846818380501243,3
546844,0.6997809306736756,0.3648961975046188,1.0,1.5,1.5,0.6000000000000001,0.0,0.4746440385249632,0.2614030824062447,0.0,-0.6208906672269769,0.0,0.0,0.4641630654510255,0.0,0.0,-0.0891999106598635,0.6567950173249829,5
546847,1.912858561962968,2.18941409592449,1.0,1.5,2.0,1.0,1.3333333333333333,1.2106539409633532,0.1350614931535953,0.0,0.1285072852083251,1.3087681003312956,0.3364722366212129,0.4641630654510255,0.0,0.8170594925112873,1.0643893946881988,1.2107937283944867,5
546857,1.1681770514355916,0.4368293378606515,-1.0,-1.0,-0.5,0.0,0.0,-0.144937194427998,-0.658683161076804,-3.801784016923932,1.8621156500681413,0.0,0.0,-1.945257774202184,0.0,3.10628371950539,0.9209298658938212,-5.846818380501243,3
546864,-0.4020218742023853,1.8660281607378957,-0.5,0.5,0.5,2.0,1.3333333333333333,-0.2294038211540631,0.341316838923196,0.0,0.5412403216331251,0.0,0.6931471805599453,1.2398233261424922,0.0,0.0,0.1345280086427735,-0.029330622487275,5
546867,0.0113487748014657,-0.3751629211508731,0.0,0.5,0.5,0.0,2.6666666666666665,0.6876430297234725,0.341316838923196,0.8454879529219202,0.1285072852083251,1.3087681003312956,0.0,0.4641630654510255,0.0,0.0,0.6510733546884161,0.551369224197343,5
546881,0.1245595341394708,-0.3548111444861987,-0.5,0.0,0.0,0.0,0.0,-0.1044441943771978,0.1350614931535953,0.0,-0.3378778341536493,0.0,0.0,0.4641630654510255,0.0,0.0,-0.4866213538639213,-0.4641593159264739,0
546882,-0.2263520655628703,-0.7292238865448002,-0.5,0.0,-0.5,0.0,0.0,0.1216076941696255,-0.658683161076804,0.0,1.8621156500681413,0.0,0.0,-0.5358369345489745,2.6303167041658844,0.0,1.140817683014529,0.7780849070244018,5
546884,0.1164542047801245,-0.8526164401574539,-1.0,-1.0,-0.5,0.0,0.0,-0.8426070932214954,-0.658683161076804,-3.801784016923932,0.3100019998680502,0.0,0.0,-1.945257774202184,0.0,3.10628371950539,-0.616102195601344,-5.846818380501243,3
546888,-0.1225366669351453,1.1141364333104238,-0.5,0.5,0.0,1.0,2.6666666666666665,0.0342218975569808,0.9999999999999998,2.2239010857415447,0.7367495369393785,3.4424745961808574,0.6931471805599453,0.4641630654510255,2.6303167041658844,0.0,0.7962679946232244,1.237414908221956,6
546900,0.565598415362467,0.1338683882105274,0.0,0.5,0.5,1.0,0.0,0.1783604899693053,0.341316838923196,0.0,0.4687463394429643,0.0,0.0,0.4641630654510255,0.0,0.0,0.3847872294048258,0.1029671217774015,5
546937,-0.0229174433043562,-0.9565486648353788,-1.5,-1.0,-1.0,0.0,0.0,-5.01837906474446,-0.658683161076804,-3.801784016923932,-1.7312471447788258,-5.8849491923617165,0.0,-1.945257774202184,0.0,0.0,,,1
546964,0.3408132464282679,0.3056133849682904,1.5,2.0,1.5,1.5,0.0,0.9102165530367357,-0.0955123664504794,0.4390194395059628,-0.5193725488133742,0.0,0.0,0.1617063421381263,1.0,0.0,0.0469095275634892,0.895442733682675,5
546972,-1.0235786315869375,-0.5451046085908845,0.0,0.0,0.5,1.0,0.0,0.5229437011265249,-0.0955123664504794,-1.0,-0.6566197736857983,0.0,0.0,-0.1695975135107168,0.0,1.2892242269941023,-0.0409785443771068,0.0725020385931639,2
547006,0.1802841743997524,1.018346140816755,-1.0,0.0,0.0,1.5,2.0,0.2061600721540697,0.69823228777992,2.2239010857415447,1.3100019998680503,0.0,1.0986122886681096,1.8735839051042344,0.0,0.0,0.8846947568388874,1.083623071418565,5
547007,0.6393926526755919,0.6652308508706292,1.0,1.0,1.5,0.0,0.0,0.7336570486099938,-0.30176771222008,-0.5778829311823854,0.6230944895081695,0.8092012510390698,0.0,0.0979236444127681,0.0,0.8170594925112873,0.9132650737695268,0.1113466666822842,5
547037,-1.4030956819889788,-0.3548111444861987,0.0,0.0,0.5,0.0,0.0,0.3800477890951697,-0.658683161076804,-1.0,-0.0833673107571263,0.0,0.0,-0.1695975135107168,0.0,1.2892242269941023,0.0890013848250428,-0.1051537285951103,2
547070,-0.3652838837217738,0.0,1.5,1.5,1.5,1.0,1.3333333333333333,0.8660965518306091,0.1350614931535953,0.4390194395059628,0.3100019998680502,0.8092012510390698,0.0,-0.1695975135107168,1.0,0.690813957738791,0.7891452732959049,0.5033999410597795,5
547100,-1.0168382925164503,0.1661047583479931,0.0,1.0,1.0,0.75,1.0,0.4194350623166895,0.69823228777992,1.223901085741545,0.4872619880436801,0.0,0.5108256237659907,1.0,0.0,0.0,0.3305651805361873,1.258480089335108,5
547130,0.1609787972226392,-0.1060116599355281,-0.5,0.0,0.0,1.0,1.3333333333333333,-0.9914972347232388,-0.658683161076804,-1.0,0.5412403216331251,0.0,0.6931471805599453,-0.5358369345489745,2.6303167041658844,1.8170594925112875,-0.5849064850941109,-1.3290578907652468,2
547150,0.4937852737776073,1.1245277566605365,0.0,1.0,0.5,0.75,2.0,-0.5414801842274632,-0.2218539557031286,0.0,0.7367495369393785,0.0,0.5108256237659907,0.4641630654510255,1.8662394014360388,0.0,-0.4574123213960167,0.7852533848538411,5
547164,0.0626389377483067,1.9100459399678391,-0.5,0.0,0.5,2.0,1.3333333333333333,0.0,-0.658683161076804,-2.223901085741545,1.95788183388975,0.0,0.6931471805599453,0.4641630654510255,0.0,1.8170594925112875,1.09690968240177,-1.5955649867580766,2
547175,-0.3129209491344694,-0.9039711300422292,-0.5,-0.5,0.0,0.0,2.0,-0.6428019077458929,-0.658683161076804,-1.577882931182386,1.1240649009688228,0.0,0.0,-0.5358369345489745,0.0,1.8170594925112875,0.1600343302725376,-1.9824363393880813,2
547180,-0.1079586599469877,-0.5672972791819948,-0.5,-0.5,0.0,0.0,2.0,-0.1371950412950404,-0.658683161076804,-1.577882931182386,-0.1423686188473956,0.0,0.0,-0.5358369345489745,0.0,1.8170594925112875,-0.373825827562721,-0.5130367831809406,2
547181,-0.1921956818600621,-0.5451046085908845,0.0,-0.5,0.5,0.0,0.0,-0.2856966996239918,-0.0955123664504794,-1.0,0.0269891667947226,1.3087681003312956,0.0,-0.9452577742021836,0.0,2.2892242269941026,-0.3183851096052925,0.3018824902700545,2
547201,-0.0696590149249183,-0.8024290039733696,-1.0,-1.0,-0.5,0.0,0.0,-0.8605992018306694,-0.658683161076804,-3.801784016923932,1.8621156500681413,0.0,0.0,-1.945257774202184,0.0,3.10628371950539,0.3293107474729946,-5.846818380501243,3
547266,0.4937852737776073,-0.1241858541912811,0.0,0.0,0.5,0.0,1.3333333333333333,0.3882529372117393,0.341316838923196,0.0,-0.3378778341536493,1.3087681003312956,0.0,-0.1695975135107168,0.0,1.2892242269941023,-0.264954705053681,0.0308323434635138,5
547301,0.1561194858100087,-0.7053517390478198,-0.5,-0.5,-0.5,0.0,0.0,-0.5209779950345411,0.1350614931535953,0.0,0.9061073225814968,0.0,0.0,-1.945257774202184,2.6303167041658844,1.8170594925112875,0.0374109175654448,-0.8823850643630612,0
547320,-0.9703588531690246,-1.565349196005918,-1.0,-1.0,-0.5,0.0,4.0,-0.7964257605994532,-0.658683161076804,-3.801784016923932,1.189120155654825,0.0,0.0,-1.945257774202184,0.0,3.10628371950539,-0.0517979807011315,-5.846818380501243,3
547325,0.1146253967791014,-0.3957040193861091,-0.5,0.0,0.0,0.0,0.0,-0.3795954965351481,0.69823228777992,0.0,-0.1423686188473956,0.0,0.0,0.4641630654510255,0.0,0.0,-0.5709685748675447,-0.352727558365964,0
547336,-0.0798371356929646,-0.3751629211508731,-1.0,-0.5,-0.5,0.0,0.0,-1.0057789055147548,-0.658683161076804,0.0,-0.8521289889920516,0.0,0.0,0.4641630654510255,0.0,0.0,-1.707946361808311,-0.9494009678320016,0
547342,0.1072912753591814,-0.5672972791819948,-1.0,-0.5,-0.5,0.0,0.0,-0.6617375002305357,0.69823228777992,0.0,0.3100019998680502,0.0,0.0,0.4641630654510255,0.0,0.0,-0.4665508444978963,-1.1156795092287457,0
547412,0.3028208413348977,0.2446949798295298,-0.5,0.0,0.0,0.0,0.0,0.0610387980526892,0.69823228777992,2.2239010857415447,0.1763733206847534,3.4424745961808574,0.0,0.4641630654510255,0.0,0.0,0.6549307666169945,-0.6522596915496796,6
547453,-0.8622993685384407,-0.3751629211508731,0.0,0.0,0.5,0.0,1.3333333333333333,0.3938385781923697,-0.0955123664504794,-1.0,-0.3378778341536493,0.0,0.0,-0.1695975135107168,0.0,1.2892242269941023,-0.2460087667589647,-0.0959821344029626,2
547458,0.4851425452220668,0.0679485038398385,0.5,0.5,0.5,0.0,1.0,0.5741639624164553,0.1350614931535953,0.0,0.5412403216331251,1.3087681003312956,0.0,-0.5358369345489745,1.4475677406305645,1.0,0.8695957430590355,0.4779969957810545,5
547459,0.1939463741786511,0.6524299330683321,0.5,0.0,1.0,0.75,1.0,0.5608067727257102,-0.2218539557031286,-0.7323949782604657,1.0902415790965525,1.0,0.0,-0.5358369345489745,0.0,1.8170594925112875,1.2788537755839542,-0.2937795492118324,2
547483,0.2508660665672595,-0.2173706571356206,-0.5,0.0,0.0,0.0,0.0,0.4339062727343475,0.69823228777992,0.0,0.1763733206847534,0.0,0.0,0.4641630654510255,0.0,0.0,0.315680287747092,-0.4760714656261198,0
547512,0.1103508406522334,0.2291991117677428,0.5,1.0,1.0,0.75,1.0,0.930716426235152,0.69823228777992,0.0,0.5930148329413781,0.0,0.0,0.4641630654510255,0.0,0.0,0.899829127384259,0.3130757983742951,5
547555,0.7896017263310168,2.18941409592449,1.0,2.0,1.5,0.4999999999999998,0.6666666666666664,0.7038933040947049,0.69823228777992,0.4390194395059628,-0.9857576681753486,0.8092012510390698,0.3364722366212129,0.4641630654510255,1.18274896353532,0.0,-0.5618298898768116,0.9901990895551372,5
547559,-1.5010754347772193,0.9408591679901256,1.5,2.0,1.5,1.5,0.0,0.7755505258911795,0.5278974945717202,0.8454879529219202,0.4537367038660508,0.0,0.0,0.1617063421381263,1.0,0.0,0.7503108744922561,0.2745118919758012,5
547568,0.8774150105279475,0.3939512500814855,-0.5,-0.5,0.0,1.5,2.0,0.0830818683322752,0.69823228777992,-1.577882931182386,1.472132988728153,1.8945304820059297,0.0,-0.5358369345489745,0.0,1.8170594925112875,1.2711657067791935,-0.8135245990024818,2
547594,0.4648111040779986,1.7363239160834387,-1.0,0.0,0.0,1.5,2.0,-0.5667600324637047,0.69823228777992,0.0,-0.3378778341536493,0.0,1.0986122886681096,1.8735839051042344,0.0,0.0,-0.8678131027307535,-0.5911605275421357,0
547606,-0.0414667211880572,-0.2364889768829301,0.0,0.5,0.5,0.0,1.3333333333333333,-0.1320728467704322,-0.0955123664504794,0.8454879529219202,-0.3378778341536493,1.3087681003312956,0.0,0.4641630654510255,0.0,0.0,-0.2879102108257103,0.4050601030792157,6
547613,0.3313910640472022,-0.2752294817283874,0.5,0.5,0.5,0.0,0.0,-0.1269816022505823,-0.658683161076804,-0.7323949782604657,0.3918561677430946,0.0,0.0,-0.5358369345489745,1.4475677406305645,1.0,-0.1330323399102024,0.3809734043745155,5
547617,0.7251901939957531,0.5201657237419183,0.0,0.0,-0.5,0.0,0.0,-0.9433356464201366,-0.658683161076804,-1.0,1.055491476471528,0.0,0.0,-1.945257774202184,3.313807142066604,1.2892242269941023,-0.2195336360154206,-0.2858179160404208,2
547663,0.686938667827714,0.5337543951599557,-0.5,0.0,0.0,0.0,2.0,-0.2123810522025144,-0.658683161076804,0.0,0.1763733206847534,0.0,0.0,0.4641630654510255,0.0,0.0,-0.18950688079195,0.2820888026510096,5
547664,-0.3722901145563705,-0.4373685033222146,0.5,1.0,0.0,0.0,0.0,-1.0057789055147548,0.1350614931535953,0.6460181545591593,-0.5691161559187239,0.0,0.0,-0.5358369345489745,2.6303167041658844,0.0,-1.5219354167561994,0.4217237135144744,0
547693,-0.7721237983712724,0.0342356026297282,-1.0,0.0,0.0,3.0,4.0,-0.1553719829504427,1.491976942010319,2.2239010857415447,1.8621156500681413,0.0,1.0986122886681096,1.8735839051042344,0.0,0.0,0.8392772752756162,1.06203421816587,5
547761,-0.2263520655628703,-0.3751629211508731,-0.5,0.0,0.0,1.5,0.0,-0.5456411724586002,0.1350614931535953,0.0,0.5412403216331251,0.0,0.0,0.4641630654510255,0.0,0.0,-0.388959976544656,-0.0568975531139202,0
547776,-0.4308081966254428,-0.0523696989290143,0.0,0.5,0.5,0.0,2.6666666666666665,0.370258153942826,0.69823228777992,0.8454879529219202,-0.2042491549703521,1.3087681003312956,0.0,0.4641630654510255,0.0,0.0,0.18554378931197,0.2222787965447273,5
547779,-0.3906367248739933,-0.4164379946042029,0.0,0.5,0.5,1.0,0.0,0.2027348706712991,0.69823228777992,0.8454879529219202,0.3918561677430946,1.3087681003312956,0.0,0.4641630654510255,0.0,0.0,0.5100951274276931,0.1828744829829914,6
547792,-0.5160128443937786,-0.1796235475848035,1.0,1.0,0.5,1.2000000000000002,0.8,0.2129689852014099,0.0,0.5227586988632229,0.4687463394429643,1.3087681003312956,0.0,-0.7756602606914664,2.18274896353532,0.8170594925112873,0.3725093863414196,0.8054704111982522,5
547817,0.2620343344116543,-0.5451046085908845,0.0,-0.5,0.5,1.0,0.0,0.4429874827793338,-0.658683161076804,-2.223901085741545,1.0076254409950998,1.3087681003312956,0.0,-0.9452577742021836,0.0,2.2892242269941026,1.2405275152043485,-1.247369828555002,2
547823,-1.619829188219615,-0.2173706571356206,1.0,1.0,1.5,0.0,0.0,0.5495117188119661,-0.30176771222008,-0.5778829311823854,0.4982430038580476,0.0,0.0,0.0979236444127681,0.0,0.8170594925112873,0.664094184463044,0.6577401705052079,5
547825,-0.1380554904589038,0.0342356026297282,-0.5,-0.5,0.0,0.0,2.0,-0.3899342569756081,0.1350614931535953,-1.577882931182386,0.7367495369393785,0.0,0.0,-0.5358369345489745,0.0,1.8170594925112875,0.0522192684549811,-0.5412955305495254,2
547834,0.1759930942418514,-0.6817349135302966,-1.5,-1.0,-1.0,0.0,0.0,-5.01837906474446,-0.658683161076804,-3.801784016923932,-1.7312471447788258,-5.8849491923617165,0.0,-1.945257774202184,0.0,0.0,,,1
547836,0.971662310464877,0.2135937313624968,0.0,0.0,0.0,1.0,0.0,-0.4039196137942915,-0.658683161076804,-1.0,0.9829974942813668,0.0,0.0,-0.9452577742021836,1.8662394014360388,1.2892242269941023,0.387390147656081,0.3325672901467246,2
547857,-0.0403016983759318,-0.6352457830218333,-1.0,-0.5,-0.5,0.0,0.0,-0.4775558236714001,0.69823228777992,0.0,-0.3378778341536493,0.0,0.0,0.4641630654510255,0.0,0.0,-0.7942283168680454,-0.3814640654914646,0
547862,0.739011876306381,0.2446949798295298,0.5,0.5,1.0,0.0,0.0,0.6119549779065852,0.4368292053736752,-0.7323949782604657,0.4872619880436801,0.0,0.0,0.0,0.0,1.0,0.7090864627107221,-0.5647639914035607,2
547878,0.0056834519327694,0.3354537328232688,0.0,0.0,1.0,2.25,2.0,0.3814370695491674,-0.658683161076804,-1.577882931182386,0.6427584400467276,1.0,0.5108256237659907,-0.1695975135107168,0.0,2.2892242269941026,0.7408393941146834,0.9937791077587156,2
547911,-0.0229174433043562,-0.3957040193861091,-0.5,0.0,0.0,0.0,0.0,-0.4660917229575401,0.1350614931535953,0.0,-0.5691161559187239,0.0,0.0,0.4641630654510255,0.0,0.0,-0.9581373848186274,0.047452555260728,0
547938,0.4311084378928979,-0.4164379946042029,-1.0,-0.5,-1.0,0.0,0.0,-5.01837906474446,-0.658683161076804,0.0,-1.7312471447788258,-5.8849491923617165,0.0,-1.945257774202184,4.496556105601924,0.0,-5.009979129451652,0.4926206152799864,4
547951,0.3439428987154379,0.2135937313624968,0.5,1.0,1.0,0.75,1.0,0.5796675639848201,0.1350614931535953,1.223901085741545,-0.5691161559187239,1.8945304820059297,0.0,0.4641630654510255,0.0,0.0,-0.1348691295579688,0.3979345834686403,6
547966,0.2409530517349827,-0.160989241751724,-0.5,-0.5,0.0,0.0,0.0,0.138573775294697,0.1350614931535953,0.0,1.189120155654825,1.8945304820059297,0.0,-0.5358369345489745,0.0,1.8170594925112875,1.0235426664440268,-0.8844887678942223,2
547997,0.5255235805740203,-0.2173706571356206,-1.0,-0.5,-1.0,0.0,0.0,-5.01837906474446,0.69823228777992,0.0,-1.7312471447788258,-5.8849491923617165,0.0,-1.945257774202184,4.496556105601924,0.0,-5.009979129451652,-0.9041265802820936,4
548006,-0.248038259449874,-0.5451046085908845,-0.5,0.0,0.0,1.5,0.0,-0.4698957854209191,1.1350614931535954,0.0,-0.8521289889920516,0.0,0.0,0.4641630654510255,0.0,0.0,-1.0168275513395155,-0.2908136895531049,0
548022,0.3313910640472022,0.7893169849572652,0.5,1.0,1.0,0.75,0.0,0.3560726605771238,0.4368292053736752,0.0,0.6427584400467276,0.0,0.0,0.4641630654510255,0.0,0.0,0.6141076988931212,0.3301268142410486,5
548032,1.2288044299795973,0.6266032978723975,0.0,0.5,0.0,0.0,0.0,-0.006574273178458,0.341316838923196,1.577882931182386,-0.5691161559187239,3.4424745961808574,0.0,-0.1695975135107168,1.8662394014360388,0.0,-0.026146156643206,0.13523495568657,6
548037,0.3993536142877975,-0.1425108733599631,-0.5,0.0,0.0,0.0,0.0,0.0404865985677702,0.69823228777992,0.0,-0.5691161559187239,0.0,0.0,0.4641630654510255,0.0,0.0,-0.8766914274414768,0.1683747922929526,0
548040,-0.4134804766150164,-0.4584993070321419,0.0,0.5,0.5,0.0,0.0,0.422084745017392,-0.0955123664504794,0.8454879529219202,-0.6566197736857983,1.3087681003312956,0.0,0.4641630654510255,0.0,0.0,-0.1950345648700014,0.5669335373564142,6
548093,0.6448310153224737,0.0342356026297282,-1.0,-1.0,-0.5,0.0,0.0,-1.1380700137562842,-0.658683161076804,-3.801784016923932,0.7367495369393785,3.4424745961808574,0.0,-1.945257774202184,0.0,3.10628371950539,-0.1001925197318375,-5.846818380501243,3
548109,-0.8622993685384407,0.084613882090961,1.0,1.5,1.0,0.0,0.8,0.3195275397461404,0.2614030824062447,0.5227586988632229,-0.4482343117054982,1.0,0.0,0.0979236444127681,1.18274896353532,0.0,-0.118510601048436,1.0603201333678456,5
548113,1.2953696725464303,0.5872879779418604,0.5,1.0,0.5,0.75,0.0,-0.3105722598456124,0.1350614931535953,0.0,0.222498382100976,0.0,0.0,0.0,1.4475677406305645,0.0,-0.2712922813495004,0.2755612176676708,5
548120,0.3060181009083252,0.1338683882105274,0.0,0.5,0.0,1.0,1.3333333333333333,-0.1475338017355012,0.69823228777992,0.0,-0.8521289889920516,0.0,0.0,-0.1695975135107168,1.8662394014360388,0.0,-1.0144256391433009,-0.006833809695635,0
548123,-0.4512398771539826,-1.4963388252848984,-1.5,-1.0,-1.0,0.0,0.0,-5.01837906474446,-0.658683161076804,-3.801784016923932,-1.7312471447788258,-5.8849491923617165,0.0,-1.945257774202184,0.0,0.0,,,1
548185,-0.0736102450604584,-0.3146618177495106,-0.5,-1.0,0.0,0.0,0.0,-0.32650087038226,-0.658683161076804,-3.801784016923932,1.055491476471528,1.8945304820059297,0.0,-1.945257774202184,0.0,3.10628371950539,0.522083456597164,-5.846818380501243,3
548189,1.2871152322195962,1.3227012139659713,0.5,0.5,1.0,1.8,2.4,0.2575438380146787,-0.658683161076804,0.0,0.4687463394429643,4.337005078186787,0.4054651081081644,-0.5358369345489745,1.4475677406305645,1.8170594925112875,0.8177957704083811,-0.2375251934469477,6
548190,0.6583545112184155,0.1011544248762458,0.0,0.0,0.5,0.0,1.3333333333333333,0.1818860114493234,0.341316838923196,-1.0,0.6748690008164222,0.0,0.0,-0.1695975135107168,0.0,1.2892242269941023,0.5514055599164561,-0.0780084592243065,2
548193,0.2182765794931225,1.5305744279146267,-0.5,0.5,-0.5,1.0,1.3333333333333333,-5.01837906474446,0.69823228777992,1.577882931182386,-1.7312471447788258,-5.8849491923617165,0.6931471805599453,-0.5358369345489745,4.496556105601924,0.0,-5.009979129451652,0.3348063778497041,4
548222,-1.348746936987948,0.1338683882105274,0.5,0.5,0.5,1.5,0.0,0.3842087773263074,0.4368292053736752,0.6460181545591593,0.60981374613042,0.0,0.0,-0.5358369345489745,1.4475677406305645,1.0,0.6414549601667101,0.7891469759212648,5
548228,-0.0328304581366331,-0.983314472996574,-1.0,-1.0,-0.5,0.0,0.0,-1.0577618083242022,-0.658683161076804,-3.801784016923932,1.3100019998680503,0.0,0.0,-1.945257774202184,0.0,3.10628371950539,-0.1598362799441465,-5.846818380501243,3
548230,-0.3292904402501106,-0.658368006199544,0.0,-0.5,0.5,0.0,1.3333333333333333,0.4869809851878676,-0.658683161076804,-2.223901085741545,0.852128988992052,1.3087681003312956,0.0,-0.9452577742021836,0.0,2.2892242269941026,0.9137043865958452,-2.1064979199276785,2
548256,0.2980141341699191,-0.1796235475848035,0.5,0.5,0.5,0.0,0.0,0.4060602036441355,-0.2218539557031286,-0.7323949782604657,0.0269891667947226,0.0,0.0,-0.5358369345489745,1.4475677406305645,1.0,0.0929851105478796,-0.0977157532574733,2
548258,0.5614535425048608,1.2059435090930102,1.5,2.0,2.0,0.4999999999999998,0.6666666666666664,0.9633969973251236,-0.0955123664504794,0.0,-0.3378778341536493,0.0,0.0,0.4641630654510255,0.0,0.0,0.3015805093433667,0.521917674882944,5
548272,0.5680807039753409,0.4509389841865806,0.0,0.5,0.5,1.0,0.0,0.6875754647141729,0.69823228777992,0.0,0.7367495369393785,0.0,0.0,0.4641630654510255,0.0,0.0,0.9587214335848306,-0.3334641761760665,5
548307,-0.6313149709251721,-0.4373685033222146,-0.5,0.0,0.0,0.0,0.0,-0.7687971082062188,-0.658683161076804,0.0,0.5412403216331251,0.0,0.0,0.4641630654510255,0.0,0.0,-0.4005538671381268,-0.2088092395760594,0
548310,1.4999803751128338,0.6135758138503429,-1.0,-0.5,-0.5,0.0,0.0,-0.7964257605994532,0.69823228777992,2.2239010857415447,-0.8521289889920516,3.4424745961808574,0.0,0.4641630654510255,0.0,0.0,-1.0573617477353463,-0.9363300914612864,6
548391,1.318099407049408,0.6004710149305419,-1.0,-0.5,-0.5,0.0,0.0,-0.3526300463835208,0.69823228777992,0.0,-0.3378778341536493,0.0,0.0,0.4641630654510255,0.0,0.0,-0.6912062939612063,-0.8161205425259221,0
548408,1.00473084736347,0.7031942868616717,1.0,1.5,1.5,0.6000000000000001,1.6,0.507547940049412,0.8848129434284441,1.0,0.2582274885597975,1.5479441141749286,0.0,0.4641630654510255,0.0,0.0,0.6874703541185054,0.5950748249312903,5
548422,0.1939463741786511,1.2844638578702687,1.0,2.0,2.0,1.0,0.6666666666666664,0.4869809851878676,0.69823228777992,0.0,-0.1423686188473956,0.0,0.3364722366212129,0.7954669210998687,0.0,0.0,0.5037783073383363,0.623751888790587,5
548434,-0.6269883495080566,-0.3957040193861091,0.0,0.0,0.0,1.0,1.3333333333333333,0.4979318767155203,-0.658683161076804,0.8454879529219202,0.1763733206847534,3.4424745961808574,0.0,-0.9452577742021836,1.8662394014360388,1.2892242269941023,0.8558665731971852,-0.1039942488239099,6
548448,-1.2310829129263403,-1.0656153830619794,0.0,-0.5,0.5,0.0,0.0,0.5517034877465655,-0.658683161076804,-2.223901085741545,1.189120155654825,0.0,0.0,-0.9452577742021836,0.0,2.2892242269941026,1.0450387078905432,-0.4135516031950336,2
548474,0.4937852737776073,0.0,0.0,-0.5,0.0,0.0,0.0,0.16590368689258,-0.658683161076804,-2.223901085741545,0.9061073225814968,0.0,0.0,-1.945257774202184,1.8662394014360388,2.2892242269941026,0.6543417355580197,-0.2706330012694953,2
548488,-0.7133193762139726,-0.160989241751724,0.0,0.5,0.5,0.0,0.0,0.16590368689258,0.341316838923196,0.8454879529219202,-0.4872619880436798,1.3087681003312956,0.0,0.4641630654510255,0.0,0.0,-0.1910342401980969,-0.041098146034902,6
548490,-0.9123330212005406,-0.7292238865448002,-0.5,0.0,0.0,1.5,0.0,-0.3105722598456124,-0.658683161076804,0.0,0.1763733206847534,0.0,0.0,0.4641630654510255,0.0,0.0,-0.0812101699031149,-0.9574899938220964,0
548504,0.3313910640472022,0.6004710149305419,2.0,2.5,1.5,0.0,0.0,0.9205288316773518,0.0395491267031159,0.3784131328196244,-0.3378778341536493,0.8092012510390698,0.0,-0.071673869097949,1.6303167041658837,0.0,0.2862534806364568,0.8202912788856342,5
548560,0.6448310153224737,0.0342356026297282,-1.0,-0.5,-0.5,0.0,0.0,-0.752644567480189,-0.658683161076804,0.0,0.0269891667947226,0.0,0.0,0.4641630654510255,0.0,0.0,-0.740805714441061,-0.6404735909946362,0
548568,-0.9072657503926238,-0.2557742709686207,0.5,1.0,1.0,0.0,0.0,1.0398378845297904,0.4368292053736752,1.223901085741545,-0.3378778341536493,1.8945304820059297,0.0,0.4641630654510255,0.0,0.0,0.8042572638175728,0.4883323771611284,6
548587,0.476457553767181,-0.0879858281037825,-0.5,0.0,0.0,0.0,0.0,0.3800477890951697,0.1350614931535953,0.0,0.4308838440812761,0.0,0.0,0.4641630654510255,0.0,0.0,0.2962018246962097,-0.0475236149510435,5
548635,-0.7779951333492916,-0.5451046085908845,0.5,1.0,1.0,0.0,0.0,0.5840447083969388,-0.658683161076804,0.6460181545591593,-0.4482343117054982,1.0,0.0,0.4641630654510255,0.0,0.0,0.2288296779384864,0.4284961767687354,5
548651,0.0888223684153056,0.6135758138503429,1.0,1.5,1.0,1.2000000000000002,1.6,0.1273886764782729,0.0,1.0,-0.3378778341536493,1.8945304820059297,0.0,0.0979236444127681,1.18274896353532,0.0,0.0780844864913374,0.510278755554465,5
548653,0.3187498917258005,0.4788906502885904,1.0,1.5,1.5,0.0,1.6,0.8960690961192159,0.0,1.0,-0.1791334945787352,1.5479441141749286,0.0,0.4641630654510255,0.0,0.0,0.7553212430831905,0.9971541047089008,5
548672,0.0075739015134857,1.0614334032407846,0.5,1.0,1.0,0.0,1.0,0.6571784280611594,0.1350614931535953,0.6460181545591593,-0.8521289889920516,1.0,0.0,0.4641630654510255,0.0,0.0,-0.1001925197318375,0.2658662863703799,5
548708,0.8852707050385773,0.4368293378606515,0.0,0.0,0.5,0.0,1.3333333333333333,0.6641544452367806,-0.658683161076804,-1.0,0.7367495369393785,1.3087681003312956,0.0,-0.1695975135107168,0.0,1.2892242269941023,1.0233696439386848,-0.6261631619944356,2
548743,0.5158182164593993,0.4226289536358835,-0.5,-0.5,0.0,0.0,2.0,-0.1320728467704322,0.1350614931535953,-1.577882931182386,-0.3378778341536493,0.0,0.0,-0.5358369345489745,0.0,1.8170594925112875,-0.7309599179123267,-0.7845979910093152,2
548853,-0.6465416906353081,-0.8024290039733696,0.0,0.0,0.0,1.0,0.0,0.2494651720590502,0.341316838923196,0.8454879529219202,0.0269891667947226,0.0,0.0,-0.9452577742021836,1.8662394014360388,1.2892242269941023,0.0858870300187137,0.1333132282095707,0
548859,1.2537084063305737,1.442588599810844,0.0,0.5,0.5,0.0,1.3333333333333333,0.4181070897731531,0.341316838923196,0.0,0.0269891667947226,0.0,0.0,0.4641630654510255,0.0,0.0,0.2807877660954947,-0.3229940482717452,5
548872,1.2778984122962256,0.5337543951599557,-1.0,-1.0,-0.5,3.0,0.0,-0.7059656443572273,-0.658683161076804,-3.801784016923932,0.3100019998680502,0.0,0.0,-1.945257774202184,0.0,3.10628371950539,-0.5031068302019065,-5.846818380501243,3
548961,0.1103508406522334,1.967403765775278,0.5,1.0,0.5,1.2000000000000002,0.8,0.0870284722896642,0.2614030824062447,-0.5778829311823854,0.6427584400467276,0.0,0.4054651081081644,-0.5358369345489745,2.6303167041658844,1.0,0.4674538691308655,-0.1402675784660636,5
548967,0.0301037242983207,0.4509389841865806,1.5,2.0,2.0,0.0,0.0,0.7373046664469756,-0.0955123664504794,0.4390194395059628,0.4687463394429643,0.6795775573916313,0.0,0.4641630654510255,0.0,0.0,1.0475722351287182,0.4480393065678153,5
548978,0.1785689862284012,0.2291991117677428,0.5,-0.5,1.0,0.75,1.0,0.3800477890951697,-0.2218539557031286,-2.5778829311823865,1.0197623700127063,1.8945304820059297,0.0,-1.169597513510717,0.0,2.5078734502500786,1.2631955523284983,-0.1648411361582096,2
548988,-0.2567874259770644,-0.3346452313910828,0.5,0.5,1.0,0.75,2.0,0.2027348706712991,0.1350614931535953,-0.7323949782604657,-0.1423686188473956,1.0,0.0,0.0,0.0,1.0,0.0747393669710008,0.0517480434575487,5
548990,0.2142446204098905,-0.3957040193861091,-0.5,-0.5,0.0,0.0,2.0,-0.9986078119797062,0.1350614931535953,-1.577882931182386,0.3100019998680502,0.0,0.0,-0.5358369345489745,0.0,1.8170594925112875,-0.7967716950028277,-0.2728229595590202,2
549058,-0.3513537949525781,-0.7292238865448002,-0.5,0.0,0.0,1.5,0.0,0.263839745795883,0.69823228777992,1.223901085741545,1.055491476471528,0.0,0.0,0.4641630654510255,0.0,0.0,0.4849065557526424,0.6499059069666334,5
549115,-0.9939208492120934,-1.565349196005918,-1.0,-0.5,-0.5,0.0,0.0,-0.0824939353333797,-0.658683161076804,0.0,1.521876595833502,0.0,0.0,0.4641630654510255,0.0,0.0,0.7730248641232375,-1.0877559290696288,2
549116,0.2776826930258526,0.1500453992945883,0.0,0.5,0.5,0.0,0.0,0.4247261214891064,-0.658683161076804,0.8454879529219202,0.5412403216331251,1.3087681003312956,0.0,0.4641630654510255,0.0,0.0,1.1062875885173031,-0.3878906438778203,5
549121,-0.3569127266061206,1.3036653017922135,-0.5,0.0,0.5,1.0,1.3333333333333333,-0.0288665364577208,-0.0955123664504794,-2.223901085741545,0.3918561677430946,2.4424745961808583,0.6931471805599453,0.4641630654510255,0.0,1.8170594925112875,0.4536869634882652,-1.2118871864739114,2
549141,0.0375505998345391,-0.589715259924501,-0.5,-1.0,0.0,0.0,2.0,0.3104099972616811,-0.658683161076804,-3.801784016923932,0.3100019998680502,3.4424745961808574,0.0,-1.945257774202184,0.0,3.10628371950539,1.3367895454031484,-5.846818380501243,3
549152,-0.4958299315963542,1.469354407972039,0.5,1.0,1.0,1.2000000000000002,0.8,-0.2980426846663403,-0.658683161076804,-0.5778829311823854,0.3918561677430946,1.3087681003312956,0.4054651081081644,0.0,1.4475677406305645,1.0,0.320465590981326,0.4372708665872287,5
549154,1.8577209167949529,0.6652308508706292,1.0,0.5,1.5,1.2000000000000002,1.6,0.4100950002020861,-0.30176771222008,-1.2239010857415449,0.5828276343672492,0.8092012510390698,0.0,-0.311497195240441,0.0,1.5078734502500786,0.7851017782817566,0.101027167644569,2
549190,0.1103508406522334,0.2291991117677428,-0.5,0.0,0.0,1.0,1.3333333333333333,-0.9568175085094904,0.341316838923196,0.8454879529219202,0.7367495369393785,0.0,0.6931471805599453,-0.5358369345489745,2.6303167041658844,1.8170594925112875,-0.4299468850091401,-0.5968652727817689,0
549202,1.1052903748440184,0.5740257630792477,1.0,0.5,1.5,0.0,0.8,0.782478403804688,-0.30176771222008,-1.2239010857415449,0.4537367038660508,0.0,0.0,-0.311497195240441,0.0,1.5078734502500786,0.7000611326115929,0.10988459399479,2
549235,0.1871284110521476,0.0,-0.5,-1.0,0.0,0.0,2.0,0.138573775294697,-0.658683161076804,-3.801784016923932,0.9829974942813668,1.8945304820059297,0.0,-1.945257774202184,0.0,3.10628371950539,0.7484269003674077,-5.846818380501243,3
549251,0.8328642033750345,0.2446949798295298,-0.5,0.0,-0.5,0.0,0.0,-0.716117555167371,-0.658683161076804,0.0,0.0269891667947226,0.0,0.0,-0.5358369345489745,2.6303167041658844,0.0,-0.7106224177712694,0.3193483012800525,0
549274,1.1029610929188132,0.4083366568994223,-1.0,-0.5,-0.5,0.0,0.0,-1.305284458088918,0.69823228777992,0.0,-1.7312471447788258,0.0,0.0,0.4641630654510255,0.0,0.0,-5.009979129451652,-2.15023434667448,0
549281,0.3749397973918489,0.728145423941257,1.0,1.5,1.5,1.2000000000000002,0.8,0.5991880911715106,0.2614030824062447,0.0,0.8072287460232249,0.0,0.0,0.4641630654510255,0.0,0.0,0.7442985566222605,0.7047822124902626,5
549290,-0.7696134414679708,-1.67308530127459,-1.0,-1.0,-0.5,0.0,0.0,-0.7263932728181968,-0.658683161076804,-3.801784016923932,1.4203584774198996,0.0,0.0,-1.945257774202184,0.0,3.10628371950539,0.1807575767111179,-5.846818380501243,3
549292,0.4554386432073693,0.2446949798295298,0.0,0.5,0.5,0.0,0.0,0.5596054103097344,0.341316838923196,0.8454879529219202,-0.3378778341536493,1.3087681003312956,0.0,0.4641630654510255,0.0,0.0,0.5794459271239663,0.4840530793993325,6
549293,-0.2209716397171123,-1.209990462642304,-1.5,-1.0,-1.0,0.0,0.0,-5.01837906474446,-0.658683161076804,-3.801784016923932,-1.7312471447788258,-5.8849491923617165,0.0,-1.945257774202184,0.0,0.0,,,1
549303,1.2310829129263403,0.5201657237419183,0.0,0.5,0.5,0.0,1.3333333333333333,0.3532066768464575,0.341316838923196,1.577882931182386,-0.4872619880436798,2.4424745961808583,0.0,0.4641630654510255,0.0,0.0,-0.0903488548938479,-0.1157224122970111,6
549313,0.1734134609439123,-0.589715259924501,-0.5,0.0,0.0,0.0,0.0,-0.1194019552965795,-0.658683161076804,0.0,-0.5691161559187239,0.0,0.0,0.4641630654510255,0.0,0.0,-0.7437500402518088,-0.9043343505079128,0
549320,0.2243074077441219,0.1175719885109969,-0.5,-1.0,0.0,0.0,0.0,-0.0705419845212851,-0.658683161076804,-3.801784016923932,0.4308838440812761,0.0,0.0,-1.945257774202184,0.0,3.10628371950539,0.1497408005226425,-5.846818380501243,3
549357,-0.9545133990114522,-1.0937450900539751,-0.5,0.0,-0.5,1.5,2.0,-0.8605992018306694,0.69823228777992,0.0,0.5412403216331251,0.0,0.0,-0.5358369345489745,2.6303167041658844,0.0,-0.5120268099470129,-0.4125586551793217,0
549359,0.1231437690478419,0.1500453992945883,0.0,0.5,0.5,0.0,0.0,0.8511818007527906,-0.0955123664504794,0.0,-0.2042491549703521,0.0,0.0,0.4641630654510255,0.0,0.0,0.4510585005736299,0.1642139135702303,5
549361,1.3494401257245945,0.6135758138503429,0.5,1.0,1.0,1.5,0.0,0.2591503178234521,0.69823228777992,0.6460181545591593,0.1763733206847534,1.0,0.0,0.4641630654510255,0.0,0.0,0.221167857588209,0.1814210079982939,5
549366,-0.7372976391487329,-1.825432057876876,-1.5,-1.0,-1.0,0.0,0.0,-5.01837906474446,-0.658683161076804,-3.801784016923932,-1.7312471447788258,-5.8849491923617165,0.0,-1.945257774202184,0.0,0.0,,,1
549367,0.3455056592328074,-0.0347747680912913,0.5,0.5,1.0,0.75,0.0,0.5563069040630815,-0.2218539557031286,0.6460181545591593,0.2449467451820483,1.8945304820059297,0.0,0.0,0.0,1.0,0.6938546267187852,0.0156946109879126,6
549377,-1.884190515710166,0.7031942868616717,0.5,0.5,1.0,1.2000000000000002,1.6,0.3180322449358585,0.2614030824062447,-1.9562960640020104,0.4872619880436801,1.0,0.4054651081081644,-0.5358369345489745,1.4475677406305645,1.8170594925112875,0.6818767817920026,-1.2007845872235563,2
549389,1.1810492602642395,0.5740257630792477,-0.5,-1.0,0.0,0.0,2.0,0.5369097402689171,-0.658683161076804,-3.801784016923932,0.8242531547064528,0.0,0.0,-1.945257774202184,0.0,3.10628371950539,0.8338780027557702,-5.846818380501243,3
549390,0.0271162093577428,-0.4164379946042029,0.0,-1.0,0.5,0.0,1.3333333333333333,-0.3559539102774862,-0.658683161076804,-3.801784016923932,1.3478644952297385,2.4424745961808583,0.0,-1.945257774202184,0.0,3.10628371950539,0.8221579783844514,-5.846818380501243,3
549450,1.795300778500367,1.7205513337595983,-1.0,0.0,-0.5,1.5,4.0,-5.01837906474446,1.491976942010319,3.801784016923932,-1.7312471447788258,-5.8849491923617165,1.0986122886681096,0.4641630654510255,4.496556105601924,0.0,-5.009979129451652,1.083623071418565,4
549466,0.2581006069710115,0.8488395143843301,0.0,0.5,0.0,0.0,0.0,0.3179274748553239,-0.0955123664504794,0.0,-1.7312471447788258,0.0,0.0,-0.1695975135107168,1.8662394014360388,0.0,-5.009979129451652,-0.7755940178110179,0
549472,1.590591881599655,1.0399948645799229,-1.0,-0.5,-0.5,0.0,0.0,-0.7367958543838122,-0.658683161076804,0.0,-1.7312471447788258,0.0,0.0,0.4641630654510255,0.0,0.0,-5.009979129451652,-1.8728540234721516,0
549482,-0.7315590971179934,0.1011544248762458,1.0,1.5,1.5,0.0,1.6,0.7729378155668966,0.4919769420103195,0.0,0.0888697029176791,0.0,0.0,0.4641630654510255,0.0,0.0,0.6197776844373798,0.5789390899967091,5
549515,0.044966381854183,0.0171841500464987,1.0,1.0,1.0,1.2000000000000002,0.8,0.4060602036441355,0.0,0.0,-0.2363597157400465,1.0,0.0,-0.311497195240441,1.18274896353532,0.8170594925112873,0.3900983591238502,0.6429014252094264,5
549569,-0.7269815759928722,-0.5672972791819948,0.0,0.5,0.0,1.0,1.3333333333333333,0.0194205412200212,0.341316838923196,0.8454879529219202,-0.1423686188473956,0.0,0.0,-0.1695975135107168,1.8662394014360388,0.0,-0.2400612102209285,0.2415288889828549,0
549572,-0.6779482484562872,0.3502240363019069,0.5,1.0,1.0,0.0,1.0,0.455704209312029,0.1350614931535953,1.223901085741545,-0.0548650010803214,1.8945304820059297,0.0,0.4641630654510255,0.0,0.0,0.2289965643610292,0.0639888629794855,6
549579,-0.4872498317530989,-1.0937450900539751,-1.0,-0.5,-0.5,0.0,0.0,-1.0057789055147548,-0.658683161076804,0.0,-0.3378778341536493,0.0,0.0,0.4641630654510255,0.0,0.0,-1.230296186786887,-1.3952357944066942,0
549580,-0.7721237983712724,0.4927349096618701,1.5,2.0,2.0,0.0,0.6666666666666664,0.8423359405235126,-0.3569154488567242,0.4390194395059628,-0.1423686188473956,0.6795775573916313,0.0,0.4641630654510255,0.0,0.0,0.4439620272098917,0.62785599764019,5
549584,0.5586849102787372,0.5201657237419183,-0.5,0.0,0.0,0.0,0.0,-0.9041379554706426,1.1350614931535954,1.223901085741545,0.7367495369393785,1.8945304820059297,0.0,0.4641630654510255,0.0,0.0,-0.1870568620654238,0.6429437680450572,6
549608,0.8071538334635436,0.1011544248762458,-1.5,-1.0,-1.0,0.0,0.0,-5.01837906474446,-0.658683161076804,-3.801784016923932,-1.7312471447788258,-5.8849491923617165,0.0,-1.945257774202184,0.0,0.0,,,1
549611,-1.1422605445110343,0.3502240363019069,1.5,2.0,2.0,0.0,0.6666666666666664,0.4979318767155203,-0.0955123664504794,0.8454879529219202,-0.2693044096563544,1.3087681003312956,0.0,0.4641630654510255,0.0,0.0,0.1990258759326576,0.9185911289692384,5
549623,-0.7315590971179934,0.0171841500464987,0.5,1.0,1.0,0.0,1.0,0.6286820464148593,-0.2218539557031286,1.223901085741545,-0.702744835102021,1.8945304820059297,0.0,0.4641630654510255,0.0,0.0,-0.1286437955988175,0.1815228319017783,6
549631,0.3871886543090714,1.4154943686347117,0.5,1.0,1.0,0.0,1.0,0.5991880911715106,0.4368292053736752,0.0,0.3718825359910068,0.0,0.0,0.4641630654510255,0.0,0.0,0.4045117011752284,0.4772003152358386,5
549710,0.0,0.2600828618709601,1.0,1.0,1.5,0.0,0.8,0.4746440385249632,0.0,-0.5778829311823854,0.4537367038660508,0.0,0.0,0.0979236444127681,0.0,0.8170594925112873,0.5934874973267028,0.7272037359347184,5
549714,0.7502410636387984,0.1011544248762458,-0.5,0.0,0.0,1.5,0.0,-0.1553719829504427,0.69823228777992,0.0,-0.3378778341536493,0.0,0.0,0.4641630654510255,0.0,0.0,-0.4626055269600932,0.2977166545173981,0
549733,0.3187498917258005,-0.3957040193861091,-0.5,0.0,-0.5,0.0,0.0,-0.0681718046055054,0.1350614931535953,0.0,0.5412403216331251,0.0,0.0,-0.5358369345489745,2.6303167041658844,0.0,0.1780300015131643,0.5291043077633284,0
549746,0.5109455735858626,0.3939512500814855,1.5,1.5,2.0,0.4999999999999998,1.3333333333333333,0.5970413424829826,0.5278974945717202,0.0,0.1763733206847534,0.6795775573916313,0.0,0.1617063421381263,0.0,0.690813957738791,0.6119394272542641,0.7318059074063742,5
549759,-0.3005494426848057,-1.3967060397040991,-1.5,-1.0,-1.0,0.0,0.0,-5.01837906474446,-0.658683161076804,-3.801784016923932,-1.7312471447788258,-5.8849491923617165,0.0,-1.945257774202184,0.0,0.0,,,1
549764,-0.6449039982985236,-0.4164379946042029,0.0,0.0,0.0,1.0,0.0,-0.2526493892991873,-0.658683161076804,-1.0,0.4308838440812761,0.0,0.0,-0.9452577742021836,1.8662394014360388,1.2892242269941023,0.1274248488017653,-0.8315065225464451,2
549777,0.179304269705432,-0.3346452313910828,-1.0,-0.5,-0.5,0.0,4.0,-1.7923719328067176,-0.658683161076804,0.0,-0.3378778341536493,0.0,0.0,0.4641630654510255,0.0,0.0,-1.9544142652738945,-0.4882799050072348,0
549797,0.8281089737247963,0.4509389841865806,1.0,1.0,1.0,1.2000000000000002,0.0,0.6348700674051698,-0.30176771222008,-0.5778829311823854,0.8658404674405767,0.0,0.0,-0.311497195240441,1.18274896353532,0.8170594925112873,1.06430240043596,-0.8710189302302547,2
549800,0.837606735467707,0.2135937313624968,-0.5,0.0,-0.5,0.0,2.0,-1.4266518016184342,1.1350614931535954,1.223901085741545,-0.3378778341536493,0.0,0.0,-0.5358369345489745,2.6303167041658844,0.0,-1.5785699577239165,0.2047030976659639,0
549850,-1.0269584179796412,0.1820481643393343,0.5,1.0,1.0,0.75,0.0,0.0487677306243735,-0.2218539557031286,0.0,0.6427584400467276,0.0,0.0,0.4641630654510255,0.0,0.0,-0.1042867651204142,0.2376971259164467,5
549894,-0.2049274726775389,-0.7053517390478198,-1.0,-0.5,-1.0,0.0,0.0,-5.01837906474446,-0.658683161076804,0.0,-1.7312471447788258,-5.8849491923617165,0.0,-1.945257774202184,4.496556105601924,0.0,-5.009979129451652,-1.193717554163744,4
549938,1.213922613118085,1.6399528926021596,0.0,0.5,1.0,1.5,1.0,0.1975708193421089,0.4368292053736752,-0.7323949782604657,-0.0548650010803214,0.0,0.5108256237659907,0.4641630654510255,0.0,1.2892242269941023,-0.096122307787953,0.2230757635537756,5
549988,0.1076740093792814,-0.3548111444861987,-1.0,-0.5,-1.0,0.0,0.0,-5.01837906474446,0.69823228777992,0.0,-1.7312471447788258,-5.8849491923617165,0.0,-1.945257774202184,4.496556105601924,0.0,-5.009979129451652,-0.3096187906595501,4
549992,0.2541581476087982,-0.2557742709686207,-0.5,0.0,-0.5,0.0,0.0,-0.8728109866596636,0.1350614931535953,0.0,-1.7312471447788258,0.0,0.0,-0.5358369345489745,2.6303167041658844,0.0,-5.009979129451652,-0.0317645582672226,0
550017,-1.3980855877967648,0.0511563914573724,1.0,0.5,1.5,0.0,1.6,0.4734003506173075,0.0,0.0,0.4982430038580476,1.5479441141749286,0.0,-0.311497195240441,0.0,1.5078734502500786,0.8498475962910054,1.0133079207294906,5
550019,2.028453168705222,1.3227012139659713,0.5,1.0,1.0,0.0,2.0,0.8708236786136253,0.4368292053736752,0.6460181545591593,-0.4482343117054982,1.0,0.0,0.4641630654510255,0.0,0.0,0.4853277693040538,0.1730298113215178,5
550022,-0.6286095976474712,-1.7479450850502471,-1.5,-1.0,-1.0,0.0,0.0,-5.01837906474446,-0.658683161076804,-3.801784016923932,-1.7312471447788258,-5.8849491923617165,0.0,-1.945257774202184,0.0,0.0,,,1
550028,-0.0969313698024242,-1.0104087041727063,-1.0,-0.5,-1.0,0.0,0.0,-5.01837906474446,0.69823228777992,0.0,-1.7312471447788258,-5.8849491923617165,0.0,-1.945257774202184,4.496556105601924,0.0,-5.009979129451652,-0.6014967646988769,4
550068,-1.131463689295552,0.3794715120532125,0.5,0.0,1.0,1.5,1.0,0.4658994250774627,-0.2218539557031286,-1.577882931182386,0.7367495369393785,1.0,0.0,-0.5358369345489745,0.0,1.8170594925112875,1.06430240043596,-0.5479571696171815,2
550071,0.7277112408539634,0.7405160565023101,1.0,1.5,1.5,0.0,0.8,0.782478403804688,0.0,0.0,-0.5193725488133742,0.0,0.0,0.4641630654510255,0.0,0.0,-0.0705121371117989,0.5339533964807417,5
550077,1.0971244882136792,0.5872879779418604,-0.5,0.0,0.0,0.0,2.0,-0.4436211005163201,-0.658683161076804,0.0,-0.8521289889920516,0.0,0.0,0.4641630654510255,0.0,0.0,-1.3010411267431825,-0.286547793905045,0
550105,0.2737835098716158,-0.3751629211508731,-0.5,-0.5,0.0,0.0,0.0,0.116053100971645,-0.658683161076804,-1.577882931182386,0.4308838440812761,0.0,0.0,-0.5358369345489745,0.0,1.8170594925112875,0.1017567352610275,-1.541916547693648,2
550110,-0.7476739717593385,1.6563096498885643,0.0,1.0,1.0,0.75,1.0,0.299878614833185,0.4368292053736752,0.0,0.2449467451820483,0.0,0.5108256237659907,1.0,0.0,0.0,0.2481513280330697,0.701673344392925,5
550134,-0.0229174433043562,-0.1984164451611818,-0.5,0.0,0.0,0.0,2.0,0.1605081610636437,-0.658683161076804,0.0,-0.8521289889920516,0.0,0.0,0.4641630654510255,0.0,0.0,-0.8026892362590274,-0.0427614685476695,0
550193,1.5852702979528006,1.029197033103319,-1.0,-1.0,-0.5,0.0,4.0,-1.501047011525147,-0.658683161076804,-3.801784016923932,-0.3378778341536493,0.0,0.0,-1.945257774202184,0.0,3.10628371950539,-1.7127037573941366,-5.846818380501243,3
550200,0.4822522643345849,0.6524299330683321,-0.5,0.0,0.0,1.5,0.0,0.4770391782090692,0.1350614931535953,0.0,0.8242531547064528,0.0,0.0,0.4641630654510255,0.0,0.0,0.6414269439366184,-0.4234269235350436,5
550202,0.9027058577379669,0.8605538768015021,1.0,1.5,1.0,0.0,0.0,0.1623105112791227,-0.30176771222008,0.5227586988632229,0.1038793384945924,0.0,0.0,0.0979236444127681,1.18274896353532,0.0,0.0277803782159944,1.1846217753077608,5
550221,-0.0617828281220622,-0.1241858541912811,0.0,0.5,0.5,1.0,0.0,0.263951461323235,0.341316838923196,0.8454879529219202,-0.6566197736857983,1.3087681003312956,0.0,0.4641630654510255,0.0,0.0,-0.2140141028973567,0.6009083455249348,6
550222,0.6504783244155593,0.1011544248762458,0.0,0.5,0.5,1.0,0.0,0.6521599593579435,0.69823228777992,0.0,-0.0833673107571263,0.0,0.0,0.4641630654510255,0.0,0.0,0.4092689764062484,0.3564652222582868,5
550229,-1.2310829129263403,-0.5451046085908845,0.0,0.5,0.5,0.0,0.0,-0.0824939353333797,-0.0955123664504794,0.8454879529219202,-0.3378778341536493,1.3087681003312956,0.0,0.4641630654510255,0.0,0.0,-0.3792989405186426,0.569438667015647,6
550233,1.0133317223479803,0.9854698193237402,0.5,1.0,1.0,0.75,0.0,0.5861485756684007,0.4368292053736752,0.0,-0.0548650010803214,0.0,0.0,0.4641630654510255,0.0,0.0,0.4246815453725437,0.1313794484834598,5
550298,1.0800890544235142,0.3939512500814855,-1.0,-1.0,-0.5,0.0,0.0,-1.4755117723937288,-0.658683161076804,-3.801784016923932,1.055491476471528,0.0,0.0,-1.945257774202184,0.0,3.10628371950539,-0.6617529682440738,-5.846818380501243,3
550300,-0.7133193762139726,0.0511563914573724,0.5,1.0,1.0,0.75,0.0,0.1514381229522628,-0.658683161076804,1.223901085741545,-0.702744835102021,1.8945304820059297,0.0,0.4641630654510255,0.0,0.0,-0.4412986422840863,0.271068086689771,6
550317,-1.0168382925164503,-0.9301034129840848,0.0,-0.5,0.5,0.0,2.6666666666666665,0.3044538210306228,-0.0955123664504794,-2.223901085741545,0.9061073225814968,1.3087681003312956,0.0,-0.9452577742021836,0.0,2.2892242269941026,0.8122806708713364,-1.7339463983774897,2
550400,-0.0137149501082336,1.0507401516565449,-0.5,0.5,0.0,2.0,1.3333333333333333,-0.5209779950345411,0.341316838923196,1.577882931182386,0.9061073225814968,0.0,0.6931471805599453,0.4641630654510255,2.6303167041658844,0.0,0.0374109175654448,1.1198244643262405,5
550421,-0.2549089729057124,-0.7292238865448002,-1.0,-0.5,-0.5,0.0,0.0,-0.8134485295510019,-0.658683161076804,0.0,-0.3378778341536493,0.0,0.0,0.4641630654510255,0.0,0.0,-1.0714173848266997,-1.152710962137467,0
550426,-0.7269815759928722,0.2446949798295298,0.5,0.5,1.0,1.5,1.0,0.8590384559265941,-0.658683161076804,-0.7323949782604657,0.8242531547064528,0.0,0.0,0.0,0.0,1.0,0.8966593464243364,-1.082970724297858,2
550442,0.527941657480414,0.084613882090961,-0.5,-0.5,0.0,0.0,0.0,-0.0288665364577208,-0.658683161076804,-1.577882931182386,0.6427584400467276,0.0,0.0,-0.5358369345489745,0.0,1.8170594925112875,-0.1844178952774869,-0.7289810486502584,2
550455,-0.097504020851526,-0.7777566563817965,-0.5,-0.5,0.0,0.0,0.0,-0.8077359761143721,-0.658683161076804,-1.577882931182386,0.5412403216331251,1.8945304820059297,0.0,-0.5358369345489745,0.0,1.8170594925112875,0.1316119852366563,-0.238345746643132,2
550459,-0.0414667211880572,0.3205839652723227,0.5,1.0,0.5,0.0,0.0,-0.2380459318302974,0.1350614931535953,0.0,0.3100019998680502,0.0,0.0,0.0,1.4475677406305645,0.0,0.0841010980936937,-0.0270336212518966,5
550460,-0.7897963542653952,0.0,0.5,0.5,1.0,0.75,1.0,0.3074902149632082,-0.658683161076804,-0.7323949782604657,0.3718825359910068,0.0,0.0,0.0,0.0,1.0,0.3605505395666455,0.4296496157725974,5
550482,-0.5338630168902189,-1.6006803839406132,-1.5,-1.0,-1.0,0.0,0.0,-5.01837906474446,-0.658683161076804,-3.801784016923932,-1.7312471447788258,-5.8849491923617165,0.0,-1.945257774202184,0.0,0.0,,,1
550506,1.2100865917275214,0.5064929114075749,-0.5,-0.5,0.0,0.0,2.0,0.5807639836638749,0.1350614931535953,1.223901085741545,0.5412403216331251,4.751242696512155,0.0,-0.5358369345489745,0.0,1.8170594925112875,1.2714561579797845,-0.0943223744666825,6
550514,-0.8329420519894543,-0.3751629211508731,-0.5,0.0,0.0,1.0,2.6666666666666665,0.0425645241694755,0.9999999999999998,2.2239010857415447,0.3100019998680502,0.0,0.6931471805599453,-0.5358369345489745,2.6303167041658844,1.8170594925112875,-0.0399085014385758,0.3516471546606441,0
550572,-0.1711767713002504,-0.2173706571356206,0.0,0.0,0.5,0.0,1.3333333333333333,-0.0087771460788253,0.341316838923196,0.8454879529219202,0.0269891667947226,2.4424745961808583,0.0,-0.1695975135107168,0.0,1.2892242269941023,-0.2610679801956441,0.5359285421984658,6
550579,0.9298912437968572,0.4226289536358835,1.0,1.5,0.5,1.2000000000000002,1.6,0.3992923085876588,0.8848129434284441,1.0,0.5412403216331251,0.0,0.0,-0.311497195240441,2.18274896353532,0.0,0.5146751427045912,1.2140579774263092,5
550599,0.2659593685249017,0.3502240363019069,-0.5,0.0,-1.0,0.0,0.0,-5.01837906474446,0.1350614931535953,0.0,-1.7312471447788258,-5.8849491923617165,0.0,-1.945257774202184,4.496556105601924,0.0,-5.009979129451652,-0.6903440214192852,4
550627,-0.5223673313633783,-1.1222377710152045,-1.0,-0.5,-1.0,0.0,4.0,-5.01837906474446,0.69823228777992,2.2239010857415447,-1.7312471447788258,-5.8849491923617165,0.0,-1.945257774202184,4.496556105601924,0.0,-5.009979129451652,0.4926206152799864,4
550703,-0.187971952845919,-1.0378395182527564,-0.5,-1.0,0.0,0.0,0.0,-0.0970637232090711,-0.658683161076804,-3.801784016923932,1.366380143830454,1.8945304820059297,0.0,-1.945257774202184,0.0,3.10628371950539,1.200780453716892,-5.846818380501243,3
550711,0.8002747163008975,0.3056133849682904,-1.0,-0.5,-0.5,0.0,0.0,0.1216076941696255,-0.658683161076804,0.0,-0.8521289889920516,0.0,0.0,0.4641630654510255,0.0,0.0,-0.7802019202404108,-2.5822837836282124,0
550752,-0.8308635529653431,-0.3346452313910828,-0.5,0.0,0.0,0.0,0.0,-1.4266518016184342,-0.658683161076804,0.0,-0.1423686188473956,0.0,0.0,0.4641630654510255,0.0,0.0,-1.1384515409920328,0.095759908423422,0
550754,0.0194108731358868,0.3056133849682904,0.0,0.5,0.5,1.0,0.0,0.5641659734717961,-0.0955123664504794,0.0,0.4687463394429643,0.0,0.0,0.4641630654510255,0.0,0.0,0.6438521542105996,-0.4602767250103448,5
550796,-0.0744015470175892,-0.9565486648353788,0.5,-0.5,0.5,1.5,1.0,0.2214034740931534,-0.2218539557031286,-1.577882931182386,0.7367495369393785,1.3087681003312956,0.0,-1.945257774202184,1.4475677406305645,2.5078734502500786,0.9242118332489332,-0.5582992011745126,2
550804,-0.0528240337755813,-0.6352457830218333,-1.0,-0.5,-0.5,0.0,0.0,-0.638133760600969,-0.658683161076804,0.0,-0.8521289889920516,0.0,0.0,0.4641630654510255,0.0,0.0,-1.405405299355841,-0.6613734275934247,0
550805,-1.6677047881090332,0.1175719885109969,1.5,1.5,1.0,1.0,0.0,0.2112719082843872,0.341316838923196,-0.4772413011367771,0.1763733206847534,1.0,0.0,-0.5358369345489745,1.8662394014360388,0.690813957738791,0.2859193983912274,0.2125935456302689,5
550830,-0.9123330212005406,1.4063885737233457,-1.0,-0.5,0.0,1.5,2.0,-1.1465384107107497,-0.658683161076804,-3.801784016923932,0.7367495369393785,0.0,1.0986122886681096,0.4641630654510255,0.0,3.10628371950539,-0.5872569540789733,-5.846818380501243,3
550868,-1.2572985507038634,-1.67308530127459,-1.0,-0.5,-0.5,0.0,0.0,-0.1712705377199262,-0.658683161076804,0.0,-0.8521289889920516,0.0,0.0,0.4641630654510255,0.0,0.0,-1.0212160956509,-1.617215011052069,0
550871,0.1857616720748111,0.0171841500464987,0.0,0.5,0.5,0.0,0.0,0.1836432558911528,-0.0955123664504794,0.0,-0.4872619880436798,0.0,0.0,0.4641630654510255,0.0,0.0,-0.3288485001771873,0.209481311309533,5
550887,-1.2906218023880662,0.1820481643393343,-0.5,-1.0,0.0,0.0,0.0,-0.2409464455532194,-0.658683161076804,-3.801784016923932,1.472132988728153,0.0,0.0,-1.945257774202184,0.0,3.10628371950539,0.714690721685562,-5.846818380501243,3
550904,-0.8438942586172689,0.1661047583479931,1.0,1.5,1.5,0.6000000000000001,0.0,0.7525707076619802,0.0,0.5227586988632229,-0.6208906672269769,0.8092012510390698,0.0,0.4641630654510255,0.0,0.0,0.2152470206818125,0.8978359820829448,5
550973,-0.9186875081701394,0.084613882090961,0.5,1.0,1.0,0.75,0.0,0.1273886764782729,0.4368292053736752,0.0,-0.8521289889920516,0.0,0.0,0.4641630654510255,0.0,0.0,-1.0038261513072058,-0.3464380241537986,0
550985,-0.2306681727012954,-0.7053517390478198,-0.5,0.0,0.0,0.0,4.0,-0.6959345925001316,-0.658683161076804,2.2239010857415447,0.0269891667947226,3.4424745961808574,0.0,0.4641630654510255,0.0,0.0,-0.683521930649256,0.5983245595230823,6
551023,-0.8136366748123411,1.2059435090930102,0.5,1.5,0.5,1.2000000000000002,1.6,-0.1194019552965795,0.0,0.0,-0.1423686188473956,0.0,0.4054651081081644,0.0,2.6303167041658844,0.0,-0.2894408685920183,1.2181795868475127,5
551032,0.4729716307376298,0.0,0.0,0.5,0.5,0.0,1.3333333333333333,0.1836432558911528,-0.0955123664504794,0.0,0.6748690008164222,0.0,0.0,0.4641630654510255,0.0,0.0,0.2505466953150098,-0.125360003573967,5
551042,0.4589591145550679,0.1175719885109969,1.0,0.5,1.5,1.2000000000000002,0.8,0.6991462582742741,-0.30176771222008,-1.2239010857415449,-0.1066395123885741,0.0,0.0,-0.311497195240441,0.0,1.5078734502500786,0.2556619022955928,0.3907774926099986,5
551051,0.1210180031287195,-0.7533569369943934,-1.0,-1.0,-0.5,0.0,4.0,-1.4266518016184342,-0.658683161076804,-3.801784016923932,1.189120155654825,0.0,0.0,-1.945257774202184,0.0,3.10628371950539,-0.6124302310451738,-5.846818380501243,3
551088,0.11569243028275,0.5472599549180527,1.0,0.5,1.5,0.6000000000000001,0.0,0.8228904677084413,-0.658683161076804,0.0,0.2042491549703524,2.227521671566561,0.0,-0.311497195240441,0.0,1.5078734502500786,1.112706475625596,1.021649170778365,5
551116,-1.1422605445110343,-1.3967060397040991,-0.5,0.0,0.0,0.0,0.0,0.1122404320027687,0.69823228777992,0.0,0.6427584400467276,0.0,0.0,0.4641630654510255,0.0,0.0,0.4274880131104478,0.1325587282373466,0
551166,-0.3982187095513057,-0.3751629211508731,-0.5,-0.5,0.0,1.5,0.0,-0.1295233791538115,0.1350614931535953,-1.577882931182386,0.5412403216331251,1.8945304820059297,0.0,-0.5358369345489745,0.0,1.8170594925112875,0.2342510322689091,-0.6371629579471854,2
551210,0.5194639458546031,-0.2948576299622514,-1.5,-1.0,-1.0,0.0,0.0,-5.01837906474446,-0.658683161076804,-3.801784016923932,-1.7312471447788258,-5.8849491923617165,0.0,-1.945257774202184,0.0,0.0,,,1
551211,0.067029736556652,-0.8526164401574539,-1.5,-1.0,-1.0,0.0,0.0,-5.01837906474446,-0.658683161076804,-3.801784016923932,-1.7312471447788258,-5.8849491923617165,0.0,-1.945257774202184,0.0,0.0,,,1
551217,2.271555219701039,1.4335940776519958,0.5,1.0,1.0,0.75,0.0,0.329920955809132,-0.2218539557031286,0.0,0.6427584400467276,0.0,0.0,0.4641630654510255,0.0,0.0,0.5218457100882141,0.1534364778377444,5
551237,-0.3934761774586333,-0.8781444948462946,-0.5,0.0,-0.5,0.0,0.0,-1.0276658089132589,0.1350614931535953,0.0,-0.8521289889920516,0.0,0.0,-0.5358369345489745,2.6303167041658844,0.0,-1.7259574442327257,-0.3680753401284807,0
551241,-0.6975118459362443,-0.1984164451611818,0.0,0.0,0.0,0.0,0.0,-0.1685998590832503,-0.0955123664504794,-1.0,0.3100019998680502,0.0,0.0,-0.9452577742021836,1.8662394014360388,1.2892242269941023,-0.0544953015732317,0.0591673200699695,2
551245,-0.4771145085419742,-0.7292238865448002,-1.0,0.0,0.0,1.5,2.0,-0.5169367479377983,1.491976942010319,3.801784016923932,1.189120155654825,5.8849491923617165,1.0986122886681096,1.8735839051042344,0.0,0.0,0.976420206829212,1.083623071418565,6
551278,0.0301037242983207,-0.5013773948113078,-0.5,0.0,-0.5,0.0,0.0,-0.7908270795063252,-0.658683161076804,0.0,-0.8521289889920516,0.0,0.0,-0.5358369345489745,2.6303167041658844,0.0,-1.5310590705809537,-0.1848193697152763,0
551282,-0.3421273990693575,-0.3146618177495106,0.5,1.0,1.0,0.75,1.0,0.2828870538078779,0.4368292053736752,0.0,-0.4482343117054982,0.0,0.0,0.4641630654510255,0.0,0.0,-0.2398471906647581,-0.1903910767968357,5
551331,-0.3102073088611108,-0.2557742709686207,0.0,0.5,0.5,1.0,1.3333333333333333,-0.0995167042849277,0.69823228777992,0.8454879529219202,-0.0833673107571263,1.3087681003312956,0.0,0.4641630654510255,0.0,0.0,0.2628847560085422,0.1907670720691509,6
551340,0.3187498917258005,-0.5672972791819948,-0.5,-0.5,-0.5,0.0,0.0,-0.3011576545890609,0.69823228777992,0.0,0.5412403216331251,3.4424745961808574,0.0,-1.945257774202184,2.6303167041658844,1.8170594925112875,0.4661667187954781,-1.457739730921386,2
551359,1.4096518991547415,0.5472599549180527,1.0,0.5,1.5,0.0,0.0,0.5087422682500284,0.2614030824062447,-1.2239010857415449,0.4537367038660508,0.8092012510390698,0.0,-0.311497195240441,0.0,1.5078734502500786,0.9951747227340284,0.0686670928506065,2
551430,1.1255423298857463,-0.1241858541912811,-0.5,0.0,0.0,0.0,0.0,-0.5049280163443585,0.69823228777992,1.223901085741545,-0.3378778341536493,1.8945304820059297,0.0,0.4641630654510255,0.0,0.0,-0.2051375267966261,0.633333290950813,6
551431,0.4803227940596503,-0.0701059560259865,-1.5,-1.0,-1.0,0.0,0.0,-5.01837906474446,-0.658683161076804,-3.801784016923932,-1.7312471447788258,-5.8849491923617165,0.0,-1.945257774202184,0.0,0.0,,,1
551448,0.9343819597503666,0.4788906502885904,0.0,0.5,0.0,1.0,1.3333333333333333,-0.4326065854446759,-0.0955123664504794,0.8454879529219202,-0.8521289889920516,0.0,0.0,-0.1695975135107168,1.8662394014360388,0.0,-1.260401937522601,0.3562045198011691,0
551468,1.101212124571275,0.3939512500814855,0.5,1.0,1.0,0.0,0.0,0.5517828749160226,0.1350614931535953,0.0,0.4308838440812761,0.0,0.0,0.4641630654510255,0.0,0.0,0.6513890510966064,0.5696417129683319,5
551473,0.6895145598142639,-0.1425108733599631,-1.0,-1.0,-0.5,0.0,4.0,-0.8249911539501583,-0.658683161076804,-3.801784016923932,-0.3378778341536493,0.0,0.0,-1.945257774202184,0.0,3.10628371950539,-1.1537377875235555,-5.846818380501243,3
551486,-0.2469476378537967,-0.8273801410529529,-1.0,-0.5,-0.5,0.0,0.0,-0.4547815074426213,-0.658683161076804,2.2239010857415447,-0.8521289889920516,3.4424745961808574,0.0,0.4641630654510255,0.0,0.0,-0.7754446575541669,-0.0754096461805135,6
551488,-0.3569127266061206,-0.2752294817283874,-0.5,-1.0,0.0,0.0,0.0,0.149612340213055,-0.658683161076804,-3.801784016923932,1.7852254783682713,1.8945304820059297,0.0,-1.945257774202184,0.0,3.10628371950539,1.2950087845566045,-5.846818380501243,3
551501,-0.3513537949525781,-1.3644696695666334,-1.5,-1.0,-1.0,0.0,0.0,-5.01837906474446,-0.658683161076804,-3.801784016923932,-1.7312471447788258,-5.8849491923617165,0.0,-1.945257774202184,0.0,0.0,,,1
551549,0.6040945634182836,0.0342356026297282,0.0,0.5,0.0,0.0,0.0,-0.3559539102774862,-0.658683161076804,0.0,-0.8521289889920516,0.0,0.0,-0.1695975135107168,1.8662394014360388,0.0,-1.1731949930302528,-0.2786031716455743,0
551560,-0.3005494426848057,-0.5451046085908845,-1.0,-0.5,-0.5,0.0,4.0,-0.7687971082062188,-0.658683161076804,0.0,-0.8521289889920516,0.0,0.0,0.4641630654510255,0.0,0.0,-1.5482609882571527,-0.5619600421282523,0
551567,-1.4747626984996354,0.4083366568994223,1.5,2.0,2.0,0.4999999999999998,0.0,1.0879994728328928,0.5278974945717202,0.4390194395059628,0.0269891667947226,0.6795775573916313,0.0,0.4641630654510255,0.0,0.0,0.6015041222038154,1.2829515228076274,5
551576,0.1556228893539832,-0.4798342762580817,-1.0,-0.5,-0.5,0.0,0.0,-1.2849798995769686,0.69823228777992,0.0,0.0269891667947226,0.0,0.0,0.4641630654510255,0.0,0.0,-1.1814661171864864,-1.3314972992711924,0
551600,-0.6251373048241939,-0.8526164401574539,-1.0,-0.5,-0.5,0.0,0.0,-0.0425305938046579,0.69823228777992,2.2239010857415447,0.9061073225814968,3.4424745961808574,0.0,0.4641630654510255,0.0,0.0,0.9128593070438784,-0.0950764104683447,6
551615,1.4335150997760635,0.6906121893614907,-0.5,-0.5,-0.5,0.0,2.0,-1.0057789055147548,-0.658683161076804,-1.577882931182386,0.3100019998680502,0.0,0.0,-1.945257774202184,2.6303167041658844,1.8170594925112875,-0.751166022029556,-1.1830635139064136,2
551620,-0.899691848879138,-0.8273801410529529,0.0,0.0,0.0,2.0,1.3333333333333333,-0.7059656443572273,-0.658683161076804,-1.0,0.0269891667947226,1.8945304820059297,0.0,-0.9452577742021836,1.8662394014360388,1.2892242269941023,-0.504933939787597,-0.3145611790146264,2
551622,1.3217093213275315,1.6234740688340503,-1.0,0.0,0.0,1.5,2.0,0.4141105681093573,-0.658683161076804,0.0,1.4203584774198996,0.0,1.0986122886681096,1.8735839051042344,0.0,0.0,1.1221747288652837,0.939702832425911,5
551627,-0.0422438278350653,-0.7533569369943934,-0.5,0.0,-0.5,0.0,0.0,-1.0130115542534297,1.1350614931535954,0.0,0.3100019998680502,0.0,0.0,-0.5358369345489745,2.6303167041658844,0.0,-0.7571564496696751,-0.6432805531485817,0
551662,-0.4758737978988532,-0.8781444948462946,-1.0,-0.5,-0.5,0.0,0.0,-1.1380700137562842,-0.658683161076804,0.0,0.0269891667947226,0.0,0.0,0.4641630654510255,0.0,0.0,-1.059684656730505,-0.5108559704536283,0
551665,-1.1750505936330844,0.0342356026297282,0.5,0.5,1.0,0.75,0.0,0.4930823761090947,-0.2218539557031286,-0.7323949782604657,0.3100019998680502,0.0,0.0,0.0,0.0,1.0,0.1792002763674343,0.0744419248933216,5
551671,-0.014288711125468,-0.983314472996574,-1.5,-1.0,-1.0,0.0,0.0,-5.01837906474446,-0.658683161076804,-3.801784016923932,-1.7312471447788258,-5.8849491923617165,0.0,-1.945257774202184,0.0,0.0,,,1
551681,-0.992782702929376,-0.4584993070321419,-0.5,0.0,0.0,1.5,2.0,-0.4547815074426213,0.1350614931535953,2.2239010857415447,-0.8521289889920516,3.4424745961808574,0.0,0.4641630654510255,0.0,0.0,-0.6347594921326994,0.5450336556404828,6
551685,0.1675030487893284,-0.4584993070321419,-1.0,-0.5,-0.5,0.0,0.0,-0.4510449230288068,-0.658683161076804,0.0,0.0269891667947226,0.0,0.0,0.4641630654510255,0.0,0.0,-0.491731087279225,-0.992909205276824,0
551718,0.4868744587804661,0.2291991117677428,0.0,0.0,0.5,0.0,0.0,0.3603534406795055,-0.0955123664504794,0.8454879529219202,0.852128988992052,2.4424745961808583,0.0,-0.1695975135107168,0.0,1.2892242269941023,1.0557676170376509,-0.8081938367554174,6
551729,-0.0730452451468656,-0.6817349135302966,-1.0,-0.5,-0.5,0.0,4.0,-0.8134485295510019,-0.658683161076804,0.0,-0.8521289889920516,0.0,0.0,0.4641630654510255,0.0,0.0,-1.5849925472306614,-0.4772514145281083,0
551804,-0.2436797855732951,-0.1060116599355281,1.0,1.0,1.5,1.8,0.8,1.0788639881985356,-0.30176771222008,-0.5778829311823854,0.0888697029176791,0.8092012510390698,0.0,0.0979236444127681,0.0,0.8170594925112873,1.2488176413845022,0.1850717900487067,5
551834,0.0626389377483067,0.1500453992945883,0.0,0.0,0.0,0.0,0.0,0.4272672231948985,-0.658683161076804,-1.0,0.1763733206847534,0.0,0.0,-0.9452577742021836,1.8662394014360388,1.2892242269941023,-0.0039682374577324,-1.1814085287711762,2
551847,-0.2031030480554781,-0.9565486648353788,-0.5,0.0,0.0,0.0,2.0,-0.0333966463183919,0.1350614931535953,0.0,0.8242531547064528,0.0,0.0,0.4641630654510255,0.0,0.0,0.3934258920547041,-0.5030638717319318,0
551890,-0.1921956818600621,-0.4584993070321419,0.5,0.5,0.5,0.75,1.0,0.8120772220022672,0.4368292053736752,0.0,-0.0833673107571263,0.0,0.0,-0.5358369345489745,1.4475677406305645,1.0,0.4269047227932059,0.3926930650934433,5
551908,0.8048292937700386,-0.0879858281037825,-1.5,-1.0,-1.0,0.0,0.0,-5.01837906474446,-0.658683161076804,-3.801784016923932,-1.7312471447788258,-5.8849491923617165,0.0,-1.945257774202184,0.0,0.0,,,1
551914,-0.4610524834036274,-0.658368006199544,-0.5,0.0,0.0,0.0,0.0,-0.0681718046055054,0.69823228777992,0.0,-1.2169959899404237,0.0,0.0,0.4641630654510255,0.0,0.0,-1.3790947510419351,0.1821335202024901,0
551935,0.0417919802702595,-0.8526164401574539,-1.0,-1.0,-0.5,0.0,0.0,-0.2980426846663403,-0.658683161076804,-3.801784016923932,1.055491476471528,0.0,0.0,-1.945257774202184,0.0,3.10628371950539,0.3140778195354495,-5.846818380501243,3
551963,-0.5185519116073422,-0.589715259924501,0.5,1.0,0.5,0.75,2.0,0.0929139332691932,0.69823228777992,1.223901085741545,-0.8521289889920516,2.4424745961808583,0.0,0.0,1.4475677406305645,0.0,-0.7334991380170535,0.7113609437532545,6
551967,-0.7827062162531537,-0.2557742709686207,0.0,0.0,0.5,1.0,0.0,0.2527059391481663,0.341316838923196,0.8454879529219202,-0.2042491549703521,3.4424745961808574,0.0,-0.1695975135107168,0.0,1.2892242269941023,0.5277650535882804,0.0800960180708393,6
551978,-0.6807298891398363,-1.1222377710152045,-0.5,-0.5,0.0,0.0,0.0,-0.4473248357301356,0.69823228777992,-1.577882931182386,0.3100019998680502,0.0,0.0,-0.5358369345489745,0.0,1.8170594925112875,-0.2894408685920183,-0.7033783792540056,2
551990,0.0523513289323201,0.0,0.0,0.0,0.5,0.0,0.0,0.1006978076036124,-0.658683161076804,0.0,0.7957508450296478,1.3087681003312956,0.0,-0.1695975135107168,0.0,1.2892242269941023,0.653162170170247,0.240287489574183,2
552036,1.4186382143094458,1.1554115067637536,-1.0,-0.5,-0.5,0.0,0.0,-0.6061614218076303,-0.658683161076804,3.801784016923932,0.3100019998680502,5.8849491923617165,0.0,0.4641630654510255,0.0,0.0,0.3405197732096562,-1.003784469342982,6
552088,0.9690252242886436,0.4788906502885904,0.0,0.0,0.5,1.0,0.0,-0.1984534887515583,-0.658683161076804,-1.0,0.0269891667947226,0.0,0.0,-0.1695975135107168,0.0,1.2892242269941023,-0.9077574680417732,-0.7233111485574559,2
552165,-0.2633777014917708,-1.2704915660436666,-1.5,-1.0,-1.0,0.0,0.0,-5.01837906474446,-0.658683161076804,-3.801784016923932,-1.7312471447788258,-5.8849491923617165,0.0,-1.945257774202184,0.0,0.0,,,1
552172,-0.8016765137007411,1.215912610165116,0.5,1.0,1.5,0.6000000000000001,1.6,0.4532475596816362,0.4919769420103195,1.4390194395059634,0.9374249484058832,2.856712214506226,0.4054651081081644,0.4641630654510255,0.0,1.0,1.4891812954625745,1.2844498170324865,5
552192,-0.9572994030547236,0.3056133849682904,1.0,1.0,1.5,0.0,0.0,0.4181070897731531,0.2614030824062447,0.0,-0.5193725488133742,0.8092012510390698,0.0,0.0979236444127681,0.0,0.8170594925112873,-0.3819204471821277,0.7396898765978877,5
552209,-0.8256779223810709,-1.6365860878501548,-1.0,-0.5,-1.0,3.0,4.0,-5.01837906474446,0.69823228777992,3.801784016923932,-1.7312471447788258,-5.8849491923617165,0.0,-1.945257774202184,4.496556105601924,0.0,-5.009979129451652,-0.8314349790941015,4
552302,0.7201373393404776,-0.1984164451611818,-1.5,-1.0,-1.0,0.0,0.0,-5.01837906474446,-0.658683161076804,-3.801784016923932,-1.7312471447788258,-5.8849491923617165,0.0,-1.945257774202184,0.0,0.0,,,1
552303,0.9610903910754603,0.2753642525262495,0.5,0.5,1.0,0.0,0.0,0.3828240631207255,0.1350614931535953,-0.7323949782604657,0.7367495369393785,0.0,0.0,0.0,0.0,1.0,0.7202500475433532,-0.3886707734052135,2
552313,-1.277217382434204,0.9854698193237402,1.5,2.0,1.5,0.0,0.0,0.830256600721601,0.341316838923196,1.223901085741545,0.1478710110079485,2.227521671566561,0.0,0.1617063421381263,1.0,0.0,0.9517928698078972,1.1593773123047817,5
552314,-0.9123330212005406,-0.983314472996574,0.5,0.5,0.0,0.75,0.0,-0.3526300463835208,-0.2218539557031286,-0.7323949782604657,0.0269891667947226,0.0,0.0,-1.169597513510717,2.6303167041658844,1.0,-0.4299468850091401,0.5544325564646733,0
552345,-0.142162029197963,-0.3751629211508731,0.0,0.5,0.5,0.0,0.0,0.4416961439756808,-0.0955123664504794,0.8454879529219202,-0.8521289889920516,1.3087681003312956,0.0,0.4641630654510255,0.0,0.0,-0.3370060964627953,0.9459529970512424,6
552348,1.1554937515459434,0.8133188749341947,0.5,1.0,1.0,0.0,1.0,0.7226184836916358,0.1350614931535953,0.0,-0.5691161559187239,0.0,0.0,0.4641630654510255,0.0,0.0,-0.0025483996628265,0.4608935486600075,5
552363,0.1484564618229898,-0.0523696989290143,0.0,0.5,0.5,0.0,2.6666666666666665,0.4020059933952999,0.69823228777992,0.0,-0.3378778341536493,0.0,0.0,0.4641630654510255,0.0,0.0,-0.2277559961590053,0.0139349618753667,5
552364,-0.5727284017079248,-0.8526164401574539,-1.0,-1.0,-0.5,0.0,0.0,0.0300194030375924,-0.658683161076804,-3.801784016923932,0.3100019998680502,0.0,0.0,-1.945257774202184,0.0,3.10628371950539,0.1043667296346297,-5.846818380501243,3
552366,-0.9282620715914432,-0.5231327642549591,0.5,0.5,1.0,1.5,2.0,0.4519718616265066,-0.2218539557031286,1.7466597846047676,-0.1423686188473956,3.4424745961808574,0.0,0.0,0.0,1.0,0.4177755431083649,1.1843435009522878,6
552372,-0.1380554904589038,-0.3548111444861987,-0.5,0.0,0.0,0.0,0.0,-0.4074525263263,0.1350614931535953,0.0,-1.2169959899404237,0.0,0.0,0.4641630654510255,0.0,0.0,-1.4488797325495033,-0.5789236824549941,0
552384,-0.7756442697189709,-0.1060116599355281,0.0,0.5,0.5,1.0,0.0,0.7244036406723082,0.341316838923196,0.0,-0.4872619880436798,0.0,0.0,0.4641630654510255,0.0,0.0,-0.0014348488647475,0.1975815690303959,5
552414,-1.2310829129263403,0.0171841500464987,0.5,1.0,1.0,0.0,2.0,0.4100950002020861,-0.2218539557031286,0.0,0.1038793384945924,0.0,0.0,0.4641630654510255,0.0,0.0,0.355158484421419,0.3388558516620612,5
552432,0.2192831407064626,0.3939512500814855,0.5,1.0,0.5,0.0,0.0,0.5861485756684007,0.4368292053736752,1.223901085741545,-0.2042491549703521,1.3087681003312956,0.0,0.0,1.4475677406305645,0.0,0.4419904260365369,0.8320616560345058,5
552440,-0.3559850289023943,-0.8273801410529529,-0.5,0.0,0.0,0.0,0.0,-0.8914670639967899,0.1350614931535953,0.0,-0.5691161559187239,0.0,0.0,0.4641630654510255,0.0,0.0,-1.7963151184728785,-0.2776433081756598,0
552473,0.8262033112958327,0.4649590448526473,0.0,0.5,-0.5,0.0,0.0,-1.315623218529378,-0.0955123664504794,0.0,-1.7312471447788258,0.0,0.0,-0.9452577742021836,3.313807142066604,0.0,-5.009979129451652,0.7138154326997392,0
552487,0.4023818796649083,-0.0523696989290143,-0.5,-0.5,0.0,1.5,2.0,-0.1269816022505823,-0.658683161076804,-1.577882931182386,-0.3378778341536493,0.0,0.0,-0.5358369345489745,0.0,1.8170594925112875,-0.5836171153451526,-0.5849933668757041,2
552506,-0.2349947941184108,-0.8781444948462946,-1.0,-0.5,-1.0,3.0,0.0,-5.01837906474446,-0.658683161076804,0.0,-1.7312471447788258,-5.8849491923617165,0.0,-1.945257774202184,4.496556105601924,0.0,-5.009979129451652,-0.9053219507827482,4
552532,1.0578154089380425,0.4509389841865806,-0.5,0.0,0.0,0.0,0.0,-0.0448296358979986,0.1350614931535953,3.0693890386634664,-0.3378778341536493,4.751242696512155,0.0,0.4641630654510255,0.0,0.0,0.1357739886484143,-0.0727893297338684,6
552535,-0.5338630168902189,-0.160989241751724,0.5,1.0,1.0,0.0,0.0,0.1694816048141706,-0.2218539557031286,1.7466597846047676,-0.1423686188473956,2.703731733044999,0.0,0.4641630654510255,0.0,0.0,0.157022651787047,0.8021181970166682,6
552558,1.3280090697585023,0.3648961975046188,0.5,0.0,1.0,0.0,1.0,0.2607537405803148,0.1350614931535953,-1.577882931182386,0.3718825359910068,0.0,0.0,-0.5358369345489745,0.0,1.8170594925112875,0.3050999205154164,-0.0545923522031252,2
552573,-0.9378885299188376,-1.332697148215006,-0.5,0.0,-0.5,1.5,0.0,-0.3232909678166239,1.1350614931535954,2.2239010857415447,-0.8521289889920516,0.0,0.0,-0.5358369345489745,2.6303167041658844,0.0,-1.1463161359267529,0.6887100735245401,0
552597,0.686423040820638,0.1011544248762458,0.0,0.5,0.0,0.0,1.3333333333333333,-0.4660917229575401,0.69823228777992,1.577882931182386,0.8242531547064528,3.4424745961808574,0.0,-0.1695975135107168,1.8662394014360388,0.0,0.3915919868638363,0.7632264075493728,6
552598,0.1768521400691931,-0.0701059560259865,0.0,0.5,0.0,0.0,0.0,-0.4039196137942915,-0.0955123664504794,0.8454879529219202,-0.8521289889920516,0.0,0.0,-0.1695975135107168,1.8662394014360388,0.0,-1.2126667366504698,0.2035415598535905,0
552613,-1.340655455050166,-0.1241858541912811,0.5,1.0,1.0,1.5,0.0,0.6769586416661321,-0.658683161076804,0.0,-0.2363597157400465,0.0,0.0,0.4641630654510255,0.0,0.0,0.2137913232681067,0.0895531288095019,5
552623,-0.6297685387740102,-1.2400338123026975,-1.0,-0.5,-0.5,0.0,0.0,-1.6266241527337997,1.491976942010319,2.2239010857415447,1.189120155654825,0.0,0.0,0.4641630654510255,0.0,0.0,-0.7064158061640039,0.4926206152799864,0
552642,0.7827762770887828,0.4226289536358835,0.0,0.5,0.5,1.0,1.3333333333333333,0.7123055575097778,0.341316838923196,0.0,-0.4872619880436798,0.0,0.0,0.4641630654510255,0.0,0.0,-0.1502550962837288,-0.0532505229852849,5
552643,1.108546245991195,0.5201657237419183,0.0,0.5,0.5,0.0,0.0,0.3416442531568319,-0.658683161076804,0.0,-0.6566197736857983,0.0,0.0,0.4641630654510255,0.0,0.0,-0.469524634702562,0.0073862702538005,5
552649,-0.7662718088483416,-0.5231327642549591,-0.5,0.0,0.0,1.5,0.0,-0.1269816022505823,0.1350614931535953,1.223901085741545,-0.8521289889920516,1.8945304820059297,0.0,0.4641630654510255,0.0,0.0,-1.0527391460374853,-0.4284969992030074,6
552653,0.0560323192932559,1.8361878128829168,-0.5,0.5,0.5,1.0,2.6666666666666665,-0.0753024401469103,-0.658683161076804,0.0,0.1285072852083251,0.0,0.6931471805599453,1.2398233261424922,0.0,0.0,-0.1001925197318375,-1.4298741943274431,5
552661,-0.4149180138957635,0.1175719885109969,0.0,0.5,0.5,1.0,1.3333333333333333,-0.0356708674141617,0.341316838923196,0.0,0.1285072852083251,0.0,0.0,0.4641630654510255,0.0,0.0,-0.1308955502790811,-0.518141628608731,5
552726,-0.4185169557825435,-1.1222377710152045,-1.0,-1.0,-0.5,3.0,0.0,-1.4507276796498856,-0.658683161076804,-3.801784016923932,0.3100019998680502,5.8849491923617165,0.0,-1.945257774202184,0.0,3.10628371950539,-0.360371550563772,-5.846818380501243,3
552732,-0.2913270392019982,0.3056133849682904,-0.5,0.0,0.0,0.0,0.0,0.2493515191375599,0.69823228777992,0.0,0.1763733206847534,0.0,0.0,0.4641630654510255,0.0,0.0,0.2602959616626519,-0.0293678718309583,0
552734,-0.5364277497740233,0.1500453992945883,0.5,1.0,0.5,0.0,0.0,-0.158000997265679,0.69823228777992,0.0,-0.0833673107571263,0.0,0.0,0.0,1.4475677406305645,0.0,-0.2349428854186659,0.2661100074327745,5
552760,0.2620343344116543,-0.3957040193861091,0.0,0.5,-0.5,0.0,0.0,-0.5884218528090575,0.341316838923196,0.0,-0.3378778341536493,0.0,0.0,-0.9452577742021836,3.313807142066604,0.0,-0.8856849087287565,0.2096642846629138,0
552763,0.692600706921616,0.1011544248762458,0.0,0.5,0.0,0.0,0.0,-0.62428251601284,0.69823228777992,0.0,-0.8521289889920516,0.0,0.0,-0.1695975135107168,1.8662394014360388,0.0,-1.3940068889267727,-0.0419294018634999,0
552775,0.8517588200141305,0.2905406156119291,0.0,0.0,0.5,0.0,0.0,0.2163529190848271,0.341316838923196,-1.0,-0.4872619880436798,1.3087681003312956,0.0,-0.1695975135107168,0.0,1.2892242269941023,0.4016755249191291,-0.1441367437016907,2
552809,0.4633499133634132,-0.0523696989290143,0.5,0.5,0.5,0.75,1.0,0.2575438380146787,0.1350614931535953,-0.7323949782604657,0.3100019998680502,0.0,0.0,-0.5358369345489745,1.4475677406305645,1.0,0.2190367295356996,0.1184709046696566,5
552861,0.4659791917316795,1.469354407972039,-0.5,0.5,0.0,1.0,1.3333333333333333,-1.3366892758771278,0.341316838923196,2.2239010857415447,-0.3378778341536493,3.4424745961808574,0.6931471805599453,0.4641630654510255,2.6303167041658844,0.0,-1.0256325926622294,1.2464508677353654,6
552904,-0.9186875081701394,-0.0173189290703666,0.5,1.0,1.0,0.75,2.0,0.2906529926937602,0.1350614931535953,0.6460181545591593,0.0269891667947226,1.0,0.0,0.4641630654510255,0.0,0.0,0.2163451039644348,0.0147135458865799,5
552929,0.1578564807781902,0.3056133849682904,0.5,0.5,1.0,0.75,0.0,0.3992923085876588,0.4368292053736752,-0.7323949782604657,0.3718825359910068,1.0,0.0,0.0,0.0,1.0,0.9390129527955682,-0.5267237476510952,2
552944,-0.9186875081701394,-0.0879858281037825,0.0,0.5,0.5,0.0,1.3333333333333333,0.601254530893344,0.341316838923196,1.577882931182386,-0.0833673107571263,2.4424745961808583,0.0,0.4641630654510255,0.0,0.0,0.6120208599226679,0.865691891749689,6
552945,0.8843483070882675,0.5337543951599557,1.0,1.0,1.0,0.6000000000000001,0.0,0.5426612875461472,0.0,-0.5778829311823854,0.1763733206847534,1.0,0.0,-0.311497195240441,1.18274896353532,0.8170594925112873,1.0312272997271243,-0.4596750370399931,5
553017,0.9253891445207704,0.728145423941257,1.0,1.0,1.5,0.0,0.0,1.0442742910412055,0.0,0.5227586988632229,0.1478710110079485,2.227521671566561,0.0,0.0979236444127681,0.0,0.8170594925112873,1.276359284986771,0.6978824265819991,5
553054,-0.6641050200472217,0.8252226888668068,-1.0,0.0,0.0,1.5,2.0,-0.5840447083969388,-0.658683161076804,0.0,1.189120155654825,0.0,1.0986122886681096,1.8735839051042344,0.0,0.0,0.1594330401467874,0.7053530435256534,5
553139,0.4377308473363926,0.728145423941257,0.5,1.0,1.0,1.5,0.0,0.7579774508969939,0.4368292053736752,1.7466597846047676,-0.3378778341536493,2.703731733044999,0.0,0.4641630654510255,0.0,0.0,0.6157709984890507,0.7964781531095133,6
553151,-1.1861165310721564,-0.5451046085908845,0.5,0.5,0.0,0.0,1.0,-0.8605992018306694,0.4368292053736752,-0.7323949782604657,0.8242531547064528,0.0,0.0,-1.169597513510717,2.6303167041658844,1.0,-0.3784273028343325,0.1134523845991728,0
553208,0.7371334232350291,0.3205839652723227,-1.0,-1.0,-0.5,0.0,0.0,-1.5684908692996635,-0.658683161076804,-3.801784016923932,1.189120155654825,0.0,0.0,-1.945257774202184,0.0,3.10628371950539,-0.6578318210183361,-5.846818380501243,3
553219,-0.8715739442530256,0.5064929114075749,1.0,1.0,1.5,0.6000000000000001,0.8,0.6276462768874297,0.2614030824062447,-0.5778829311823854,0.2042491549703524,1.5479441141749286,0.0,0.0979236444127681,0.0,0.8170594925112873,0.5437758928485669,0.2131263336847627,5
553220,-0.5185519116073422,1.9460687965493384,0.5,1.0,1.5,1.2000000000000002,0.8,0.6471114217593366,-0.658683161076804,-0.5778829311823854,-0.1791334945787352,0.8092012510390698,0.4054651081081644,0.4641630654510255,0.0,1.0,0.5422305972499911,-0.5374010848281852,5
553231,-0.3292904402501106,-0.0879858281037825,0.0,0.5,0.5,0.0,1.3333333333333333,-0.0176466848663658,0.341316838923196,1.577882931182386,-0.2042491549703521,2.4424745961808583,0.0,0.4641630654510255,0.0,0.0,-0.1346239429618642,-0.2391075457239976,6
553245,0.5543254638531789,0.0679485038398385,-1.0,-0.5,-0.5,0.0,0.0,-0.6016913932633047,-0.658683161076804,0.0,1.4203584774198996,0.0,0.0,0.4641630654510255,0.0,0.0,0.2839115175869214,-2.040735913924448,2
553339,0.0113487748014657,0.3648961975046188,0.5,1.0,0.5,0.0,0.0,0.6439965643631052,0.69823228777992,0.0,0.4687463394429643,0.0,0.0,0.0,1.4475677406305645,0.0,0.6132161925794591,0.3966017873177999,5
553361,0.6583545112184155,-0.1796235475848035,0.5,0.5,0.5,0.75,2.0,-0.3200932470737037,0.4368292053736752,0.6460181545591593,0.4687463394429643,1.3087681003312956,0.0,-0.5358369345489745,1.4475677406305645,1.0,0.3049048656067567,-0.0556865459033483,5
553456,-0.2753021736780416,0.1661047583479931,0.0,0.5,0.0,0.0,0.0,0.1568918533475511,0.341316838923196,1.577882931182386,-0.5691161559187239,3.4424745961808574,0.0,-0.1695975135107168,1.8662394014360388,0.0,0.0586026830284766,0.4390849319342363,6
553533,-0.6286095976474712,-0.7053517390478198,-1.0,-0.5,-0.5,0.0,0.0,-1.2457822086274737,0.69823228777992,0.0,-0.8521289889920516,0.0,0.0,0.4641630654510255,0.0,0.0,-1.905448913712952,-1.517905054068332,0
553559,0.3123954047562008,-0.2557742709686207,-0.5,-0.5,0.0,0.0,0.0,-0.1475338017355012,0.1350614931535953,-1.577882931182386,0.5412403216331251,0.0,0.0,-0.5358369345489745,0.0,1.8170594925112875,0.0791659335832789,-0.3011627847188922,2
553568,0.5066710174589946,0.2753642525262495,0.5,1.0,1.0,0.0,0.0,0.138573775294697,-0.2218539557031286,0.0,0.1038793384945924,0.0,0.0,0.4641630654510255,0.0,0.0,0.0553484271014078,0.3249789740574397,5
553607,-0.4758737978988532,0.2291991117677428,0.0,0.5,0.5,1.0,1.3333333333333333,0.1084104326608551,0.341316838923196,0.8454879529219202,0.4687463394429643,1.3087681003312956,0.0,0.4641630654510255,0.0,0.0,0.6071094820883924,0.0857617018269616,5
553631,-0.8484776862278127,-1.67308530127459,-1.5,-1.0,-1.0,0.0,0.0,-5.01837906474446,-0.658683161076804,-3.801784016923932,-1.7312471447788258,-5.8849491923617165,0.0,-1.945257774202184,0.0,0.0,,,1
553633,-0.6714746456143781,-1.462625924074788,-1.5,-1.0,-1.0,0.0,0.0,-5.01837906474446,-0.658683161076804,-3.801784016923932,-1.7312471447788258,-5.8849491923617165,0.0,-1.945257774202184,0.0,0.0,,,1
553645,2.109076733045008,1.2059435090930102,0.5,0.5,0.5,0.0,1.0,0.3044538210306228,0.4368292053736752,-0.7323949782604657,-0.8521289889920516,2.4424745961808583,0.0,-0.5358369345489745,1.4475677406305645,1.0,0.4892268668506015,-0.1407237370707267,5
553664,1.3749956344428909,1.2553449461862392,-0.5,0.0,0.0,1.5,4.0,0.2396674057973429,0.1350614931535953,0.0,-0.1423686188473956,0.0,0.0,0.4641630654510255,0.0,0.0,-0.1587566817344269,-0.3434989641350483,5
553690,0.745971645204533,-0.2948576299622514,-1.5,-1.0,-1.0,0.0,0.0,-5.01837906474446,-0.658683161076804,-3.801784016923932,-1.7312471447788258,-5.8849491923617165,0.0,-1.945257774202184,0.0,0.0,,,1
553704,1.4453275333362292,0.8370626750721992,-0.5,-0.5,0.0,3.0,0.0,-0.3864738890548298,0.1350614931535953,0.0,0.3100019998680502,1.8945304820059297,0.0,-0.5358369345489745,0.0,1.8170594925112875,-0.1119551035280864,-0.0182470089754922,2
553743,-0.1705798708700301,-0.4584993070321419,-1.0,-0.5,-1.0,0.0,0.0,-5.01837906474446,-0.658683161076804,0.0,-1.7312471447788258,-5.8849491923617165,0.0,-1.945257774202184,4.496556105601924,0.0,-5.009979129451652,-2.1494513153946326,4
553751,-1.4360103856038784,-0.3146618177495106,0.0,0.5,0.5,0.0,1.3333333333333333,0.1514381229522628,0.341316838923196,0.0,0.1285072852083251,0.0,0.0,0.4641630654510255,0.0,0.0,0.3136124101855945,-0.4716650476049437,5
553754,-0.633482240521008,-0.2364889768829301,0.0,0.5,0.5,0.0,0.0,0.1783604899693053,-0.0955123664504794,0.8454879529219202,0.0269891667947226,1.3087681003312956,0.0,0.4641630654510255,0.0,0.0,-0.1275509857799276,0.1094415260810572,6
553773,-1.0680256166795892,2.0370673393222014,0.5,1.5,1.0,0.6000000000000001,1.6,0.2314146620134179,-0.658683161076804,0.5227586988632229,0.1285072852083251,1.3087681003312956,0.4054651081081644,0.4641630654510255,1.4475677406305645,0.0,0.4944412661490114,0.4400361769425181,5
553783,-0.3793240929122098,-1.0937450900539751,-1.0,-0.5,-0.5,0.0,0.0,-0.0776927918335968,-0.658683161076804,0.0,-0.8521289889920516,0.0,0.0,0.4641630654510255,0.0,0.0,-0.9442094737655587,-2.9176250359183005,0
553791,0.692600706921616,0.3939512500814855,0.0,0.5,0.5,1.0,0.0,-0.1168904827830908,0.69823228777992,0.0,0.3918561677430946,0.0,0.0,0.4641630654510255,0.0,0.0,0.2865874019944919,0.1378951586064411,5
553805,0.3501857072988972,-0.160989241751724,-0.5,0.0,0.0,0.0,0.0,0.2396674057973429,0.1350614931535953,1.223901085741545,-1.2169959899404237,1.8945304820059297,0.0,0.4641630654510255,0.0,0.0,-1.9544142652738945,-0.0271450736147499,6
553876,1.1554937515459434,0.4368293378606515,0.0,0.5,0.0,2.0,0.0,-0.2151944050814924,-0.0955123664504794,0.8454879529219202,0.3100019998680502,1.8945304820059297,0.0,-0.1695975135107168,1.8662394014360388,0.0,0.3299382476846531,-0.1418598892847703,6
553901,-0.5384822060047242,-0.5231327642549591,0.0,0.0,0.5,1.0,1.3333333333333333,0.400650243457655,0.69823228777992,0.8454879529219202,0.852128988992052,2.4424745961808583,0.0,-0.1695975135107168,0.0,1.2892242269941023,0.9581589417615244,-0.1157739372444985,6
553904,0.9163505641311328,0.3502240363019069,-0.5,0.0,0.0,0.0,0.0,0.2983480087729462,-0.658683161076804,1.223901085741545,0.8242531547064528,1.8945304820059297,0.0,0.4641630654510255,0.0,0.0,0.4473618324073661,0.5850422428744688,6
553938,-0.2877534419935543,2.030199053421311,0.0,0.5,1.0,1.5,1.0,0.2197233171965426,0.1350614931535953,-1.577882931182386,0.6427584400467276,0.0,0.5108256237659907,0.4641630654510255,0.0,1.2892242269941023,0.5436146050678898,0.0890750552738732,2
553943,1.0950771367323269,0.6135758138503429,0.5,1.0,0.5,0.0,0.0,0.0549256026441173,0.1350614931535953,1.223901085741545,-0.3378778341536493,0.0,0.0,0.0,1.4475677406305645,0.0,-0.0287716337919968,0.8028556919704075,5
553955,2.2282536756040634,0.8252226888668068,1.5,2.0,2.0,0.0,0.0,0.6307497735984421,0.341316838923196,0.0,-0.5691161559187239,0.0,0.0,0.4641630654510255,0.0,0.0,-0.0561351628497367,0.360171600641988,5
553967,-0.8166393419914324,1.7983112043356797,0.0,1.0,0.5,0.75,2.0,-0.1929462900323835,0.1350614931535953,0.0,-0.0833673107571263,0.0,0.5108256237659907,0.4641630654510255,1.8662394014360388,0.0,-0.3463411762325385,0.4673475961936532,5
553984,-0.6437351419131963,-1.0937450900539751,-1.0,-0.5,-0.5,3.0,0.0,-0.6617375002305357,0.69823228777992,0.0,0.3100019998680502,0.0,0.0,0.4641630654510255,0.0,0.0,-0.4665508444978963,-0.8450644343188914,0
553985,-0.2049274726775389,2.0025102625740003,0.0,1.0,1.0,0.75,1.0,-0.4585347359399228,0.1350614931535953,0.0,-0.1423686188473956,0.0,0.5108256237659907,1.0,0.0,0.0,-0.6790056093307844,0.2987188192478689,5
554026,0.5572989740294004,0.3056133849682904,0.5,1.0,1.0,0.0,1.0,0.5763697186616068,-0.2218539557031286,0.6460181545591593,-0.2363597157400465,1.0,0.0,0.4641630654510255,0.0,0.0,0.2379134893380188,0.6004233687797554,5
554079,-0.4463538294688619,0.2600828618709601,1.0,0.5,1.5,0.6000000000000001,0.8,0.6328124390213116,0.0,-1.2239010857415449,0.2582274885597975,0.0,0.0,-0.311497195240441,0.0,1.5078734502500786,0.5600782554448585,0.3760779892197677,5
554141,-0.0555069303784932,0.1978772796996186,0.5,0.5,1.0,0.0,1.0,0.4365109066614375,0.1350614931535953,0.0,-0.0548650010803214,1.8945304820059297,0.0,0.0,0.0,1.0,0.1909681214472727,0.3436382620125393,5
554155,-0.7897963542653952,-0.2364889768829301,-0.5,-0.5,0.0,0.0,0.0,0.1923749237130809,0.1350614931535953,-1.577882931182386,0.0269891667947226,1.8945304820059297,0.0,-0.5358369345489745,0.0,1.8170594925112875,0.4345357985134418,-1.7957613500540217,2
554163,-2.4171994439984967,0.9295642475225216,1.5,2.0,1.5,0.0,0.0,0.3180322449358585,0.341316838923196,0.0,0.1478710110079485,0.0,0.0,0.1617063421381263,1.0,0.0,0.0516104790378784,0.8260737986136449,5
554175,-0.4610524834036274,-0.1796235475848035,0.0,0.5,0.5,0.0,0.0,0.0086866584255623,0.341316838923196,0.8454879529219202,0.0269891667947226,1.3087681003312956,0.0,0.4641630654510255,0.0,0.0,0.0809646056335457,0.6707446709834879,6
554202,0.1561194858100087,0.2446949798295298,-0.5,-0.5,0.0,1.5,2.0,-0.3559539102774862,0.1350614931535953,-1.577882931182386,0.3100019998680502,0.0,0.0,-0.5358369345489745,0.0,1.8170594925112875,-0.5094965799115151,-0.1758712813583197,2
554213,-0.5885158586668233,-0.7777566563817965,0.0,1.0,0.5,0.75,1.0,-0.3232909678166239,0.1350614931535953,0.0,-0.5691161559187239,0.0,0.5108256237659907,0.4641630654510255,1.8662394014360388,0.0,-0.926703665492017,0.2354266471063177,0
554217,-0.5518944125094543,-0.3957040193861091,-0.5,0.0,-0.5,0.0,0.0,-0.819200076828232,0.1350614931535953,1.223901085741545,0.0269891667947226,3.4424745961808574,0.0,-0.5358369345489745,2.6303167041658844,0.0,-0.3159927402858523,0.6296684705415789,6
554269,-0.3121452001754657,0.0,0.0,0.5,0.5,1.0,0.0,-0.4074525263263,0.341316838923196,0.0,-0.2042491549703521,0.0,0.0,0.4641630654510255,0.0,0.0,-0.655229987997167,0.5364324088674685,0
554284,0.4706438752099307,-0.0701059560259865,-0.5,0.0,0.0,1.5,0.0,0.1217399509351415,0.69823228777992,0.0,-0.8521289889920516,0.0,0.0,0.4641630654510255,0.0,0.0,-0.78009308403542,-0.8110063763865203,0
554289,-0.2399524448277274,-1.151102915861414,-1.0,-1.0,-0.5,0.0,0.0,-0.8249911539501583,-0.658683161076804,-3.801784016923932,1.189120155654825,0.0,0.0,-1.945257774202184,0.0,3.10628371950539,-0.0399085014385758,-5.846818380501243,3
554299,-0.4958299315963542,-1.4963388252848984,-1.5,-1.0,-1.0,0.0,0.0,-5.01837906474446,-0.658683161076804,-3.801784016923932,-1.7312471447788258,-5.8849491923617165,0.0,-1.945257774202184,0.0,0.0,,,1
554357,-0.4491442105823425,-1.5305744279146267,-1.5,-1.0,-1.0,0.0,0.0,-5.01837906474446,-0.658683161076804,-3.801784016923932,-1.7312471447788258,-5.8849491923617165,0.0,-1.945257774202184,0.0,0.0,,,1
554413,0.6425670542595154,0.2446949798295298,0.5,1.0,0.5,0.75,0.0,0.2813252398213982,0.4368292053736752,0.0,0.60981374613042,0.0,0.0,0.0,1.4475677406305645,0.0,0.4879795420196204,0.7257409979016596,5
554444,1.4003611514820462,0.6906121893614907,0.0,0.5,0.5,0.0,0.0,0.1783604899693053,0.69823228777992,0.0,-0.4872619880436798,0.0,0.0,0.4641630654510255,0.0,0.0,-0.3706314815779349,-0.1129344057109082,5
554450,-0.1576466714260563,-0.5672972791819948,-1.5,-1.0,-1.0,0.0,0.0,-5.01837906474446,-0.658683161076804,-3.801784016923932,-1.7312471447788258,-5.8849491923617165,0.0,-1.945257774202184,0.0,0.0,,,1
554507,1.069076239137556,0.3794715120532125,0.0,-0.5,0.5,0.0,0.0,0.4298924287034548,-0.658683161076804,-2.223901085741545,-0.3378778341536493,0.0,0.0,-0.9452577742021836,0.0,2.2892242269941026,-0.4586825309987877,-2.0831122095525654,2
554532,-0.0275366324188616,0.5064929114075749,0.0,0.5,0.5,0.0,0.0,0.3674400964516086,-0.0955123664504794,0.0,0.0269891667947226,0.0,0.0,0.4641630654510255,0.0,0.0,0.1274248488017653,0.4018924384058726,5
554560,-0.2737835098716158,-0.7777566563817965,-1.0,-0.5,-0.5,3.0,4.0,-0.1606382401211373,-0.658683161076804,0.0,0.0269891667947226,0.0,0.0,0.4641630654510255,0.0,0.0,-0.2876809033155255,-0.5984244573978683,0
554609,0.0844851813676359,-0.1241858541912811,-0.5,0.0,0.0,0.0,0.0,0.1941104514213306,-0.658683161076804,0.0,0.0269891667947226,0.0,0.0,0.4641630654510255,0.0,0.0,-0.152251288867556,0.2209812669352117,0
554632,-0.2586678678821074,-0.983314472996574,-1.0,-1.0,-0.5,0.0,4.0,-1.1131638141497602,-0.658683161076804,-3.801784016923932,-0.8521289889920516,0.0,0.0,-1.945257774202184,0.0,3.10628371950539,-1.8686232148049344,-5.846818380501243,3
554670,-0.5570800430937265,-1.1222377710152045,-0.5,0.0,-0.5,1.5,0.0,-1.7391374911047723,0.1350614931535953,0.0,-0.3378778341536493,0.0,0.0,-0.5358369345489745,2.6303167041658844,0.0,-1.83793086738887,-0.0946741749869181,0
554681,-0.1257925380823218,-0.7053517390478198,-1.0,-1.0,-0.5,0.0,0.0,-0.3626412343037853,-0.658683161076804,-3.801784016923932,0.9061073225814968,3.4424745961808574,0.0,-1.945257774202184,0.0,3.10628371950539,0.6486218217647547,-5.846818380501243,3
554724,1.3017633747424795,0.3648961975046188,-1.0,-1.0,-0.5,0.0,0.0,-0.4775558236714001,-0.658683161076804,-3.801784016923932,0.5412403216331251,0.0,0.0,-1.945257774202184,0.0,3.10628371950539,-0.1598362799441465,-5.846818380501243,3
554753,-1.383139548291477,-0.1241858541912811,0.5,1.0,0.5,0.0,1.0,0.1694816048141706,0.1350614931535953,0.6460181545591593,0.0269891667947226,0.0,0.0,0.0,1.4475677406305645,0.0,0.0545091439407672,0.7675985223163676,5
554801,-1.4852410605351385,-0.9565486648353788,0.0,0.5,0.5,0.0,0.0,0.4247261214891064,-0.658683161076804,0.0,-0.0833673107571263,0.0,0.0,0.4641630654510255,0.0,0.0,0.4515849908696611,0.8292652921186908,5
554853,1.2667747190659384,1.0507401516565449,-0.5,-0.5,0.0,0.0,0.0,0.1045629446768353,-0.658683161076804,-1.577882931182386,1.56974263130993,0.0,0.0,-0.5358369345489745,0.0,1.8170594925112875,1.0064960759378077,-2.50458790636563,2
554866,-0.6277087215371586,-1.4963388252848984,-1.5,-1.0,-1.0,0.0,0.0,-5.01837906474446,-0.658683161076804,-3.801784016923932,-1.7312471447788258,-5.8849491923617165,0.0,-1.945257774202184,0.0,0.0,,,1
554885,0.4589591145550679,0.8953286448927934,1.0,1.5,1.5,0.6000000000000001,0.8,0.988708412462231,0.69823228777992,0.0,0.0888697029176791,0.0,0.0,0.4641630654510255,0.0,0.0,0.6193336387226103,0.5899854330689209,5
554922,0.5045298752908134,-0.3146618177495106,-1.0,-0.5,-0.5,0.0,0.0,-1.4507276796498856,-0.658683161076804,0.0,0.3100019998680502,0.0,0.0,0.4641630654510255,0.0,0.0,-1.1204404585676184,-0.9040486794928756,0
554939,-1.1476836852540486,-2.4087189227609205,-1.5,-1.0,-1.0,0.0,0.0,-5.01837906474446,-0.658683161076804,-3.801784016923932,-1.7312471447788258,-5.8849491923617165,0.0,-1.945257774202184,0.0,0.0,,,1
554949,0.0980808283735815,-1.0104087041727063,-1.5,-1.0,-1.0,0.0,0.0,-5.01837906474446,-0.658683161076804,-3.801784016923932,-1.7312471447788258,-5.8849491923617165,0.0,-1.945257774202184,0.0,0.0,,,1
554956,0.3564066496078519,-0.1425108733599631,1.0,1.0,1.0,0.6000000000000001,0.0,0.2363760015946733,1.211840556944742,-0.5778829311823854,-0.4482343117054982,1.8945304820059297,0.0,-0.311497195240441,1.18274896353532,0.8170594925112873,0.1900286365424848,0.1496700985702866,5
554961,-0.3169991994072114,-0.2557742709686207,0.5,0.0,0.5,0.0,0.0,0.2860020237305984,-0.2218539557031286,-1.577882931182386,0.9061073225814968,2.4424745961808583,0.0,-1.169597513510717,1.4475677406305645,1.8170594925112875,0.9418733598342924,-0.961257964398532,2
555030,-0.5008541986340135,0.084613882090961,-1.0,0.0,-0.5,1.5,2.0,-5.01837906474446,-0.658683161076804,0.0,-1.7312471447788258,-5.8849491923617165,1.0986122886681096,0.4641630654510255,4.496556105601924,0.0,-5.009979129451652,1.083623071418565,4
555058,0.3219186297891719,-0.3146618177495106,-0.5,0.0,-0.5,0.0,0.0,-0.2526493892991873,0.1350614931535953,0.0,0.0269891667947226,0.0,0.0,-0.5358369345489745,2.6303167041658844,0.0,-0.3280379943145221,0.2741792274877182,0
555075,-0.507154585565125,-1.565349196005918,-1.5,-1.0,-1.0,0.0,0.0,-5.01837906474446,-0.658683161076804,-3.801784016923932,-1.7312471447788258,-5.8849491923617165,0.0,-1.945257774202184,0.0,0.0,,,1
555083,-0.6151442017357147,-0.6817349135302966,-0.5,0.0,0.0,0.0,0.0,0.4608614524934964,0.69823228777992,0.0,0.6427584400467276,0.0,0.0,0.4641630654510255,0.0,0.0,0.7528717084502876,-0.507635955140232,0
555108,-0.7897963542653952,-0.589715259924501,0.0,0.5,0.0,0.0,1.3333333333333333,-0.279590887366316,0.341316838923196,0.0,0.3100019998680502,0.0,0.0,-0.1695975135107168,1.8662394014360388,0.0,-0.1459932347763609,-0.1116002128176297,0
555135,1.4453275333362292,0.9744013643849618,1.5,0.5,2.0,0.0,2.0,0.7676879642880917,-0.3569154488567242,-1.577882931182386,0.3918561677430946,0.0,0.0,-0.5358369345489745,0.0,1.8170594925112875,0.7805484293415541,-0.0908823859632914,2
555147,2.116584142621404,1.3972450735495368,-1.0,-0.5,-0.5,0.0,0.0,-1.0969594992736968,0.69823228777992,0.0,-0.8521289889920516,0.0,0.0,0.4641630654510255,0.0,0.0,-1.7829803289163124,-0.5146143755383911,0
555151,-1.3007419278512578,0.1820481643393343,1.5,1.0,1.5,0.0,0.6666666666666664,0.6172179457009993,0.1350614931535953,-0.4772413011367771,-0.1066395123885741,1.5479441141749286,0.0,-0.5358369345489745,1.0,1.2892242269941023,0.2221943384367533,0.9477942719517944,5
555180,-0.1837582445505929,-0.3548111444861987,-0.5,-0.5,0.0,0.0,0.0,0.0257958432947767,-0.658683161076804,-1.577882931182386,0.6427584400467276,1.8945304820059297,0.0,-0.5358369345489745,0.0,1.8170594925112875,0.5514055599164561,-0.7633749799853172,2
555186,0.9874031273530453,1.0720751208824848,0.5,1.0,1.0,0.0,1.0,0.7685652141377244,0.4368292053736752,0.0,-0.4482343117054982,0.0,0.0,0.4641630654510255,0.0,0.0,0.1712031791250136,0.7129031407833507,5
555187,0.5384822060047242,-0.2752294817283874,-1.5,-1.0,-1.0,0.0,0.0,-5.01837906474446,-0.658683161076804,-3.801784016923932,-1.7312471447788258,-5.8849491923617165,0.0,-1.945257774202184,0.0,0.0,,,1
555191,-0.1483396952989411,-0.5451046085908845,-0.5,0.0,0.0,0.0,2.0,-0.2705143356366513,0.1350614931535953,1.223901085741545,0.3100019998680502,1.8945304820059297,0.0,0.4641630654510255,0.0,0.0,0.0872234667059229,0.0588482718261666,6
555193,0.591082950546284,0.0,-0.5,0.0,0.0,1.5,2.0,-0.7797400984355424,0.1350614931535953,0.0,-0.3378778341536493,0.0,0.0,0.4641630654510255,0.0,0.0,-1.140540059699221,-0.1445843172972057,0
555203,0.6895145598142639,0.2905406156119291,-0.5,-1.0,0.0,0.0,0.0,-0.2236912677174332,-0.658683161076804,-3.801784016923932,0.9829974942813668,1.8945304820059297,0.0,-1.945257774202184,0.0,3.10628371950539,0.6947817396882475,-5.846818380501243,3
555206,-0.6696293704214786,-0.7533569369943934,1.0,0.0,1.5,0.0,0.0,0.5540479257543717,-0.30176771222008,-1.9562960640020104,0.2042491549703524,0.0,0.0,-0.7756602606914664,0.0,2.10628371950539,0.4484200358734316,0.2910969776207416,2
555250,-1.3945155821457234,-1.332697148215006,-1.0,-0.5,-0.5,0.0,0.0,-1.305284458088918,-0.658683161076804,0.0,-1.7312471447788258,0.0,0.0,0.4641630654510255,0.0,0.0,-5.009979129451652,-0.3774351395089914,0
555257,-0.8500081276955422,1.5648100305443549,0.5,1.5,1.5,1.2000000000000002,0.8,0.4074072837143656,0.0,0.0,0.4982430038580476,0.0,0.4054651081081644,0.8735839051042346,0.0,0.0,0.2551730354972874,0.8210338526852659,5
555275,-0.4575417544222087,-0.983314472996574,-0.5,0.0,0.0,0.0,0.0,-0.0681718046055054,0.1350614931535953,0.0,-0.5691161559187239,0.0,0.0,0.4641630654510255,0.0,0.0,-0.6410918437831794,-0.5542748317224958,0
555277,0.7395482124763629,0.4083366568994223,-1.0,-0.5,-0.5,0.0,0.0,0.0889948638576445,0.69823228777992,0.0,-0.8521289889920516,0.0,0.0,0.4641630654510255,0.0,0.0,-0.8070395392561132,-0.1864635525226665,0
555299,-0.2967009531759736,-0.9301034129840848,-1.0,-0.5,-0.5,0.0,0.0,-1.4507276796498856,0.69823228777992,0.0,0.3100019998680502,0.0,0.0,0.4641630654510255,0.0,0.0,-1.1204404585676184,-1.1293997361681496,0
555301,0.3008997192293587,0.0,0.5,0.5,1.0,0.0,0.0,0.5517828749160226,0.1350614931535953,-0.7323949782604657,-0.0548650010803214,1.0,0.0,0.0,0.0,1.0,0.3896956782475624,-0.2081543975268981,2
555310,0.2142446204098905,1.4870197192823456,1.5,2.0,2.5,0.4285714285714284,1.714285714285714,0.8204207099916121,0.22612978235164,-0.4064685134159581,-0.0670019300979282,0.0,0.2876820724517809,0.4641630654510255,0.0,0.690813957738791,0.5596167885920887,0.5220006247829564,5
555326,1.068244547615263,0.4368293378606515,-0.5,0.0,0.0,0.0,0.0,-0.1475338017355012,0.1350614931535953,0.0,-0.1423686188473956,0.0,0.0,0.4641630654510255,0.0,0.0,-0.3561409841357402,0.1336748435895181,0
555334,1.2452575868337583,0.7405160565023101,-1.0,-0.5,-1.0,0.0,0.0,-5.01837906474446,-0.658683161076804,3.801784016923932,-1.7312471447788258,-5.8849491923617165,0.0,-1.945257774202184,4.496556105601924,0.0,-5.009979129451652,-0.4329544347716447,4
555418,0.0969261568321622,-0.8526164401574539,-1.5,-1.0,-1.0,0.0,0.0,-5.01837906474446,-0.658683161076804,-3.801784016923932,-1.7312471447788258,-5.8849491923617165,0.0,-1.945257774202184,0.0,0.0,,,1
555428,-0.7372976391487329,-0.3548111444861987,0.0,0.0,0.5,0.0,0.0,0.218039803340864,-0.0955123664504794,0.0,0.3100019998680502,1.3087681003312956,0.0,-0.1695975135107168,0.0,1.2892242269941023,0.3919935682928347,0.7432622130924796,5
555478,-0.4838293642281197,0.2135937313624968,0.0,0.5,0.5,1.0,0.0,0.0870284722896642,-0.0955123664504794,0.8454879529219202,0.3918561677430946,0.0,0.0,0.4641630654510255,0.0,0.0,0.6733292291216838,0.5253557648672874,5
555484,0.8328642033750345,0.6779579877571728,1.0,1.0,1.5,0.6000000000000001,0.0,0.9429237359346492,0.2614030824062447,-0.5778829311823854,0.4537367038660508,0.0,0.0,0.0979236444127681,0.0,0.8170594925112873,1.0085792532023412,0.3654989397889422,5
555492,-0.0539414148840952,-0.2948576299622514,-0.5,0.0,-0.5,0.0,0.0,-0.6474960614157483,0.69823228777992,0.0,-1.7312471447788258,0.0,0.0,-0.5358369345489745,2.6303167041658844,0.0,-5.009979129451652,-0.6148408021602262,0
555499,0.798096816318121,0.4226289536358835,0.5,0.5,1.0,0.0,1.0,0.4684071602751417,0.69823228777992,-0.7323949782604657,0.1038793384945924,0.0,0.0,0.0,0.0,1.0,0.3621091189252606,0.3100097497584438,5
555521,0.152640391233466,-0.2364889768829301,-0.5,0.0,0.0,1.5,0.0,0.3416442531568319,0.1350614931535953,0.0,1.56974263130993,0.0,0.0,0.4641630654510255,0.0,0.0,1.1911567850682143,-0.2799637887778106,5
555563,-0.0461344695078639,0.728145423941257,0.5,0.5,1.0,0.75,1.0,0.6358251558002266,0.1350614931535953,-0.7323949782604657,-0.1423686188473956,0.0,0.0,0.0,0.0,1.0,0.4371522979780019,-0.3091791262515385,5
555587,0.9677052114345694,0.6652308508706292,0.5,0.5,0.5,0.75,1.0,0.2297543690536391,-0.2218539557031286,-0.7323949782604657,0.1285072852083251,1.3087681003312956,0.0,-0.5358369345489745,1.4475677406305645,1.0,0.4215779567996139,0.5482806578004663,5
555600,0.1609787972226392,-0.2752294817283874,-0.5,0.0,0.0,0.0,2.0,0.2670257984243698,-0.658683161076804,0.0,0.3100019998680502,0.0,0.0,0.4641630654510255,0.0,0.0,0.4767352321931772,-0.9072745237588627,2
555648,1.5789301377104474,1.4245627679790984,1.0,1.5,1.5,1.2000000000000002,0.8,0.6182666059539196,0.0,0.5227586988632229,0.0269891667947226,0.8092012510390698,0.0,0.4641630654510255,0.0,0.0,0.4085973602234052,0.5791627021917981,5
555656,-0.2567874259770644,-1.3013753161468835,-1.5,-1.0,-1.0,0.0,0.0,-5.01837906474446,-0.658683161076804,-3.801784016923932,-1.7312471447788258,-5.8849491923617165,0.0,-1.945257774202184,0.0,0.0,,,1
555698,-0.1732675039882981,1.235716797952375,0.0,1.0,1.0,1.5,1.0,0.6571784280611594,0.1350614931535953,0.0,-0.0548650010803214,0.0,0.5108256237659907,1.0,0.0,0.0,0.5079150420757801,0.7391188788425916,5
555710,0.1556228893539832,0.3939512500814855,0.0,0.0,0.5,0.0,0.0,0.271893069636307,0.341316838923196,0.8454879529219202,0.60981374613042,3.4424745961808574,0.0,-0.1695975135107168,0.0,1.2892242269941023,0.7990157330380965,-0.4242106665126407,6
555712,-0.0200365388391196,-0.983314472996574,-1.5,-1.0,-1.0,0.0,0.0,-5.01837906474446,-0.658683161076804,-3.801784016923932,-1.7312471447788258,-5.8849491923617165,0.0,-1.945257774202184,0.0,0.0,,,1
555751,-1.0412241751052849,-0.5451046085908845,-0.5,0.0,-0.5,0.0,0.0,-1.889329166485857,-0.658683161076804,0.0,0.3100019998680502,0.0,0.0,-0.5358369345489745,2.6303167041658844,0.0,-1.486595912341758,-0.0376777527434017,0
555770,0.3313910640472022,-0.1425108733599631,0.5,0.0,1.0,0.75,1.0,0.3631952592399601,-0.2218539557031286,-1.577882931182386,0.3718825359910068,0.0,0.0,-0.5358369345489745,0.0,1.8170594925112875,0.3663177224402217,-1.1871065207847769,2
555773,-0.7258390367361002,0.6004710149305419,-1.0,0.0,-0.5,1.5,2.0,-5.01837906474446,-0.658683161076804,0.0,-1.7312471447788258,-5.8849491923617165,1.0986122886681096,0.4641630654510255,4.496556105601924,0.0,-5.009979129451652,1.083623071418565,4
555782,0.5680807039753409,-0.3146618177495106,-0.5,-0.5,0.0,0.0,2.0,-0.5928218544757642,0.1350614931535953,-1.577882931182386,0.4308838440812761,0.0,0.0,-0.5358369345489745,0.0,1.8170594925112875,-0.3801716752928384,-0.949181926768236,2
555784,-0.5821840258877913,-0.6123631726854253,0.0,0.0,0.5,0.0,0.0,0.5252875090479848,-0.658683161076804,0.0,0.7367495369393785,1.3087681003312956,0.0,-0.1695975135107168,0.0,1.2892242269941023,0.85856401273437,-0.0660936589112789,2
555796,-1.131463689295552,-0.0173189290703666,0.5,0.5,1.0,0.0,0.0,0.1941104514213306,-0.658683161076804,-0.7323949782604657,0.3718825359910068,1.0,0.0,0.0,0.0,1.0,0.501823035865572,0.1133263455670815,2
555818,0.128976540179774,-0.7777566563817965,-1.5,-1.0,-1.0,0.0,0.0,-5.01837906474446,-0.658683161076804,-3.801784016923932,-1.7312471447788258,-5.8849491923617165,0.0,-1.945257774202184,0.0,0.0,,,1
555850,0.6895145598142639,0.2600828618709601,-0.5,0.0,0.0,0.0,0.0,-0.4660917229575401,0.69823228777992,0.0,0.4308838440812761,0.0,0.0,0.4641630654510255,0.0,0.0,-0.2609209046438022,-0.8751505409130477,0
555852,-1.1250169409709845,0.084613882090961,0.5,1.0,0.5,0.0,0.0,0.4967221156972797,0.4368292053736752,0.6460181545591593,0.7367495369393785,1.3087681003312956,0.0,0.0,1.4475677406305645,0.0,1.167293749689763,0.2497120373185708,5
555894,-0.1079586599469877,0.0,0.5,1.0,0.5,0.75,2.0,0.2494651720590502,0.4368292053736752,0.6460181545591593,-0.6566197736857983,1.3087681003312956,0.0,0.0,1.4475677406305645,0.0,-0.7717482239938356,0.0689326984444405,5
555934,-0.3736946834025277,-0.3346452313910828,0.0,0.5,0.5,0.0,0.0,0.3674400964516086,0.341316838923196,0.0,-0.3378778341536493,0.0,0.0,0.4641630654510255,0.0,0.0,-0.0903488548938479,-0.0119006778840629,5
555960,-0.0295199684299914,-1.151102915861414,-1.5,-1.0,-1.0,0.0,0.0,-5.01837906474446,-0.658683161076804,-3.801784016923932,-1.7312471447788258,-5.8849491923617165,0.0,-1.945257774202184,0.0,0.0,,,1
555990,0.3205612913865385,-0.5013773948113078,-1.0,-1.0,-0.5,0.0,0.0,-0.8666829712529469,-0.658683161076804,-3.801784016923932,0.3100019998680502,0.0,0.0,-1.945257774202184,0.0,3.10628371950539,-0.6360213445038062,-5.846818380501243,3
555997,2.2763019767716486,0.963277148732632,2.0,2.5,2.0,0.0,0.5714285714285712,1.1885758637910366,-0.1667062190664846,0.0,-0.2042491549703521,0.0,0.0,0.2065593450588091,0.8662394014360383,0.0,0.7150687318821678,0.7314013920949953,5
556015,0.5006693026029081,1.215912610165116,0.0,0.5,0.5,0.0,0.0,0.2510871136656692,0.341316838923196,0.0,-0.2042491549703521,0.0,0.0,0.4641630654510255,0.0,0.0,-0.0806429815798246,-1.1351340448886722,5
556019,-0.4483066358375558,-0.0173189290703666,0.0,0.5,0.5,0.0,0.0,-0.0176466848663658,-0.0955123664504794,0.0,-0.0833673107571263,0.0,0.0,0.4641630654510255,0.0,0.0,-0.2071759046092201,-0.1418280139215304,0
556043,-0.440786184742042,-1.1803503916127198,-1.0,-0.5,-1.0,0.0,4.0,-5.01837906474446,-0.658683161076804,2.2239010857415447,-1.7312471447788258,-5.8849491923617165,0.0,-1.945257774202184,4.496556105601924,0.0,-5.009979129451652,-0.1517238729572736,4
556052,-0.3513537949525781,-0.5013773948113078,0.0,0.5,0.5,2.0,0.0,0.0528779748941063,-0.0955123664504794,0.0,-0.2042491549703521,0.0,0.0,0.4641630654510255,0.0,0.0,-0.3018093158046468,0.0933358430258316,0
556067,0.4054049905452702,0.2753642525262495,1.0,1.5,1.5,0.0,0.8,0.8907768500706311,-0.30176771222008,0.0,0.4537367038660508,0.0,0.0,0.4641630654510255,0.0,0.0,0.7591482881652366,0.2383777731317329,5
556111,-1.4539896287891882,-0.1425108733599631,0.0,0.5,0.0,1.0,1.3333333333333333,0.7047071071832879,-0.0955123664504794,1.577882931182386,0.9061073225814968,3.4424745961808574,0.0,-0.1695975135107168,1.8662394014360388,0.0,1.0820676651122416,0.3426815143125992,6
556119,0.2620343344116543,-0.1241858541912811,-0.5,0.0,0.0,0.0,2.0,-0.2351553684312932,0.1350614931535953,1.223901085741545,-0.5691161559187239,1.8945304820059297,0.0,0.4641630654510255,0.0,0.0,-0.6205343763024228,-0.2953808322043224,6
556127,0.5023861487621162,0.8953286448927934,0.0,0.5,0.5,0.0,0.0,0.0151433827745718,0.341316838923196,0.0,-0.0833673107571263,0.0,0.0,0.4641630654510255,0.0,0.0,-0.0967023058866471,0.327072499443286,5
556138,2.014591744042173,1.274800156946006,0.5,0.5,1.0,0.0,0.0,-0.0221167134106914,0.1350614931535953,-0.7323949782604657,0.2449467451820483,0.0,0.0,0.0,0.0,1.0,0.0907747558340348,-0.1638375031832454,5
556199,0.881462722028828,0.1500453992945883,-1.5,-1.0,-1.0,0.0,0.0,-5.01837906474446,-0.658683161076804,-3.801784016923932,-1.7312471447788258,-5.8849491923617165,0.0,-1.945257774202184,0.0,0.0,,,1
556214,-0.1257925380823218,0.4788906502885904,-0.5,0.0,0.0,0.0,4.0,-0.6288743442949367,0.1350614931535953,2.2239010857415447,-0.1423686188473956,3.4424745961808574,0.0,0.4641630654510255,0.0,0.0,-0.5961428640674609,0.5585700803681407,6
556215,1.4453275333362292,0.9067995908805876,-0.5,0.0,0.0,0.0,0.0,-0.3427364093751474,0.69823228777992,0.0,0.4308838440812761,0.0,0.0,0.4641630654510255,0.0,0.0,-1.1731949930302528,-0.1048281014462097,0
556268,-0.7031412554459255,-1.209990462642304,-0.5,0.0,-0.5,0.0,0.0,-0.752644567480189,0.1350614931535953,0.0,-0.8521289889920516,0.0,0.0,-0.5358369345489745,2.6303167041658844,0.0,-1.499638071513496,-0.7297638801598585,0
556274,-1.0235786315869375,-1.9057373490655,-0.5,-0.5,-0.5,0.0,0.0,-0.2556007002130486,-0.658683161076804,-1.577882931182386,0.3100019998680502,0.0,0.0,-1.945257774202184,2.6303167041658844,1.8170594925112875,-0.131200403080896,0.4847465510339067,2
556314,0.2625955849182689,-0.2752294817283874,-0.5,0.0,-0.5,0.0,0.0,0.1216076941696255,0.1350614931535953,1.223901085741545,0.7367495369393785,0.0,0.0,-0.5358369345489745,2.6303167041658844,0.0,0.4608850499515629,0.7562478463248649,0
556347,-0.5779753101425147,0.8370626750721992,0.5,1.0,0.0,0.0,1.0,0.0425645241694755,0.4368292053736752,0.0,-0.1423686188473956,0.0,0.0,-0.5358369345489745,2.6303167041658844,0.0,-0.2543345868598288,0.577157226358399,5
556391,0.7523719303771855,0.0511563914573724,-1.0,-0.5,-0.5,0.0,0.0,-0.6860215557564271,0.69823228777992,0.0,-0.3378778341536493,0.0,0.0,0.4641630654510255,0.0,0.0,-0.9662236302411809,-1.8145044480078305,0
556395,-0.6164861566264566,-1.71019797549943,-1.5,-1.0,-1.0,0.0,0.0,-5.01837906474446,-0.658683161076804,-3.801784016923932,-1.7312471447788258,-5.8849491923617165,0.0,-1.945257774202184,0.0,0.0,,,1
556417,-0.9882373972793248,-2.308331084296423,-1.5,-1.0,-1.0,0.0,0.0,-5.01837906474446,-0.658683161076804,-3.801784016923932,-1.7312471447788258,-5.8849491923617165,0.0,-1.945257774202184,0.0,0.0,,,1
556533,-0.8347627361195791,-0.9301034129840848,0.0,0.0,0.5,1.0,2.6666666666666665,0.0569682664431991,0.341316838923196,-1.0,0.4687463394429643,1.3087681003312956,0.0,-0.1695975135107168,0.0,1.2892242269941023,0.4544735633304907,-0.3361953153801777,2
556579,1.3837233041598065,2.1244637624527427,0.0,-0.5,1.0,0.75,2.0,0.0236760977630713,-0.658683161076804,-3.801784016923932,0.5412403216331251,0.0,0.5108256237659907,-0.9452577742021836,0.0,3.10628371950539,0.2376627615513202,-5.846818380501243,3
556621,-0.1246290416677025,-1.0656153830619794,-1.0,-1.0,-0.5,0.0,0.0,-0.4399335742612029,-0.658683161076804,-3.801784016923932,0.3100019998680502,5.8849491923617165,0.0,-1.945257774202184,0.0,3.10628371950539,0.4779193338228706,-5.846818380501243,3
556622,0.3687835443878995,0.4649590448526473,0.5,1.0,0.0,0.0,0.0,0.0569682664431991,0.1350614931535953,1.223901085741545,0.0269891667947226,3.4424745961808574,0.0,-0.5358369345489745,2.6303167041658844,0.0,0.3179175396561826,0.7929554022493774,6
556623,0.9127222130972223,2.0094650782032173,-0.5,0.5,0.5,2.0,1.3333333333333333,-0.2351553684312932,0.69823228777992,0.0,-0.4872619880436798,0.0,0.6931471805599453,1.2398233261424922,0.0,0.0,-0.8384498345100714,-0.5215011086086421,5
556647,1.2127726763906992,0.3205839652723227,-0.5,0.0,0.0,3.0,0.0,0.381339894442897,0.1350614931535953,0.0,-0.1423686188473956,0.0,0.0,0.4641630654510255,0.0,0.0,0.1302706679686532,-0.0583896464401543,5
556673,0.9557807392482986,0.1338683882105274,0.0,0.0,0.0,0.0,1.3333333333333333,-0.2467775996522255,-0.0955123664504794,-1.0,0.9829974942813668,0.0,0.0,-0.9452577742021836,1.8662394014360388,1.2892242269941023,0.388543871194404,-0.1753627861671764,2
556714,-0.248038259449874,-0.658368006199544,-0.5,0.0,0.0,1.5,0.0,-0.279590887366316,-0.658683161076804,1.223901085741545,-0.8521289889920516,1.8945304820059297,0.0,0.4641630654510255,0.0,0.0,-0.7863398622008101,-0.4660839502123804,6
556744,-0.4192376201111174,0.0171841500464987,0.0,0.5,0.5,2.0,0.0,0.5539687517148455,-0.0955123664504794,1.577882931182386,-0.3378778341536493,2.4424745961808583,0.0,0.4641630654510255,0.0,0.0,0.600990939926645,0.1706244526930033,6
556824,0.964400880782102,1.215912610165116,0.5,1.0,1.0,0.0,0.0,0.149612340213055,-0.2218539557031286,0.0,-0.2363597157400465,0.0,0.0,0.4641630654510255,0.0,0.0,-0.4715142707493957,-0.1277708350441259,5
556827,-0.0037990970921994,-0.5231327642549591,0.0,0.0,-0.5,0.0,0.0,-0.6665386437303178,-0.658683161076804,-1.0,1.521876595833502,0.0,0.0,-1.945257774202184,3.313807142066604,1.2892242269941023,0.2905819652451551,0.0421853370400084,2
556830,-0.471909338187158,-0.5672972791819948,0.0,-0.5,0.0,0.0,1.3333333333333333,-0.0564198929834767,-0.658683161076804,-2.223901085741545,0.8242531547064528,1.8945304820059297,0.0,-1.945257774202184,1.8662394014360388,2.2892242269941026,0.6621352143257098,-1.4701033638796497,2
556841,0.7576879391750169,-0.1796235475848035,0.0,0.0,0.0,1.0,0.0,-0.7263932728181968,-0.658683161076804,-1.0,-0.1423686188473956,0.0,0.0,-0.9452577742021836,1.8662394014360388,1.2892242269941023,-0.8607913952665351,-0.2599375825164951,0
556887,-0.7372976391487329,-0.0523696989290143,0.5,1.0,0.5,0.75,3.0,0.3828240631207255,0.4368292053736752,1.223901085741545,0.7957508450296478,1.3087681003312956,0.0,0.0,1.4475677406305645,0.0,1.1087602900391762,0.969235609781686,5
556900,-0.0361471299004714,-0.9301034129840848,-1.0,-1.0,-0.5,0.0,4.0,-1.163734893384068,-0.658683161076804,-3.801784016923932,-0.3378778341536493,0.0,0.0,-1.945257774202184,0.0,3.10628371950539,-1.5147219557403666,-5.846818380501243,3
556904,-0.8475600539607439,-0.160989241751724,0.0,0.5,0.5,1.0,0.0,0.3254823235723821,0.341316838923196,0.0,0.3100019998680502,0.0,0.0,0.4641630654510255,0.0,0.0,0.5032900061304381,0.171103122521308,5
556906,-0.5633228516771859,-0.658368006199544,0.0,0.0,0.5,1.0,0.0,0.5134196466981026,-0.658683161076804,-1.0,0.0269891667947226,0.0,0.0,-0.1695975135107168,0.0,1.2892242269941023,-0.0835234252028833,0.1925996513714982,2
557005,1.3600594531061143,1.215912610165116,0.5,0.5,1.0,0.75,0.0,0.6224482443352766,0.4368292053736752,0.0,0.8242531547064528,0.0,0.0,0.0,0.0,1.0,0.970593906120522,0.5918890865257835,5
557010,-0.2899860974898281,-1.3013753161468835,-1.5,-1.0,-1.0,0.0,0.0,-5.01837906474446,-0.658683161076804,-3.801784016923932,-1.7312471447788258,-5.8849491923617165,0.0,-1.945257774202184,0.0,0.0,,,1
557033,-0.8846402569883903,0.084613882090961,0.0,0.5,0.5,0.0,0.0,0.2429460029473888,0.341316838923196,0.0,-0.0833673107571263,0.0,0.0,0.4641630654510255,0.0,0.0,0.244613628080589,-0.3413885568293691,5
557036,-0.5139842008683698,-0.9039711300422292,0.0,0.5,-0.5,0.0,0.0,-1.0810609445042134,-0.658683161076804,0.0,-0.8521289889920516,0.0,0.0,-0.9452577742021836,3.313807142066604,0.0,-1.7698971542356123,0.5138625068336453,0
557055,0.9610903910754603,0.3502240363019069,-0.5,0.0,0.0,0.0,0.0,-0.1475338017355012,0.1350614931535953,2.2239010857415447,-0.1423686188473956,3.4424745961808574,0.0,0.4641630654510255,0.0,0.0,0.0912173908229315,0.4275755714588341,6
557107,-0.3887462752932755,0.9854698193237402,1.0,1.0,1.5,0.0,0.8,0.9249610147227816,0.2614030824062447,1.0,-0.1791334945787352,2.227521671566561,0.0,0.0979236444127681,0.0,0.8170594925112873,0.6396917356016659,0.7905370640482504,5
557108,-0.2325211485745366,-0.9039711300422292,-1.0,-0.5,-0.5,3.0,0.0,-0.7742508386015071,-0.658683161076804,0.0,-0.8521289889920516,0.0,0.0,0.4641630654510255,0.0,0.0,-1.5174182171542403,-1.347984470781834,0
557118,-0.5806045885107809,0.4509389841865806,1.0,1.5,1.5,0.6000000000000001,0.8,0.427359243645891,0.2614030824062447,0.0,-0.2560236662786049,0.0,0.0,0.4641630654510255,0.0,0.0,0.0312628013724923,0.3883612684006822,5
557134,-0.0383616903038499,-0.0173189290703666,1.0,0.0,1.5,0.0,0.8,0.9072989167764098,-0.30176771222008,-1.9562960640020104,0.8739967618118026,2.227521671566561,0.0,-0.7756602606914664,0.0,2.10628371950539,1.5908370177444664,-1.1519814414831115,2
557236,-0.2699925218508799,0.1820481643393343,0.5,1.0,1.0,0.0,0.0,0.5981154005053577,-0.2218539557031286,0.6460181545591593,-0.4482343117054982,1.0,0.0,0.4641630654510255,0.0,0.0,-0.0060016338902245,0.9881449842903328,5
557248,0.509047040841318,-0.0173189290703666,-1.5,-1.0,-1.0,0.0,0.0,-5.01837906474446,-0.658683161076804,-3.801784016923932,-1.7312471447788258,-5.8849491923617165,0.0,-1.945257774202184,0.0,0.0,,,1
557262,0.8843483070882675,1.8954706254192453,0.5,1.0,1.5,1.2000000000000002,1.6,0.9087849813670136,0.4919769420103195,1.4390194395059634,1.137345644346572,1.5479441141749286,0.4054651081081644,0.4641630654510255,0.0,1.0,1.6684628722670996,1.279031544274125,5
557282,-0.470919604412088,-0.4164379946042029,-0.5,0.0,0.0,1.5,2.0,0.2983480087729462,0.1350614931535953,0.0,0.3100019998680502,0.0,0.0,0.4641630654510255,0.0,0.0,0.4037367852125337,-0.4098339930281391,5
557298,0.1139136848026761,-0.2173706571356206,-0.5,0.0,0.0,0.0,0.0,-0.508911940572132,-0.658683161076804,1.223901085741545,0.0269891667947226,1.8945304820059297,0.0,0.4641630654510255,0.0,0.0,-0.1817889340748489,-0.4532526882639711,6
557307,-1.4016627837963704,-2.031951822725933,-1.0,-0.5,-0.5,0.0,0.0,-1.0276658089132589,-0.658683161076804,0.0,-0.3378778341536493,0.0,0.0,0.4641630654510255,0.0,0.0,-1.248385587129333,-0.6068313474644759,0
557314,-0.2306681727012954,0.084613882090961,0.5,1.0,1.0,0.75,0.0,0.2591503178234521,0.4368292053736752,1.223901085741545,-0.3378778341536493,1.8945304820059297,0.0,0.4641630654510255,0.0,0.0,0.7841902398048446,0.5295203348604299,6
557343,1.116891181688009,0.4649590448526473,-1.0,-0.5,-0.5,0.0,4.0,-1.2457822086274737,-0.658683161076804,0.0,-0.8521289889920516,0.0,0.0,0.4641630654510255,0.0,0.0,-2.01674844727097,-1.9488184187809112,0
557402,1.3152578895576357,0.7405160565023101,-1.0,-0.5,-0.5,0.0,0.0,-0.1397678628496181,-0.658683161076804,0.0,-0.8521289889920516,0.0,0.0,0.4641630654510255,0.0,0.0,-0.9952920412815902,-0.8598269126667825,0
557449,-0.3121452001754657,-0.5451046085908845,-1.0,-0.5,-0.5,0.0,0.0,-0.9366747547804596,0.69823228777992,0.0,-0.8521289889920516,0.0,0.0,0.4641630654510255,0.0,0.0,-1.6510794523107517,-0.5272577909666336,0
557476,-0.5885158586668233,-0.3957040193861091,0.0,0.5,0.5,0.0,0.0,0.2781929001380224,-0.0955123664504794,0.0,0.5412403216331251,0.0,0.0,0.4641630654510255,0.0,0.0,0.502312370879924,0.4354259336001192,5
557492,0.4054049905452702,-0.2752294817283874,-0.5,-0.5,0.0,0.0,0.0,0.6933471704378343,-0.658683161076804,-1.577882931182386,0.5412403216331251,0.0,0.0,-0.5358369345489745,0.0,1.8170594925112875,0.8131201110776627,-1.125014812694722,2
557496,0.0,-0.7292238865448002,-1.0,-0.5,-0.5,3.0,0.0,0.1216076941696255,0.69823228777992,0.0,-0.8521289889920516,0.0,0.0,0.4641630654510255,0.0,0.0,-0.7802019202404108,-1.8554885245556296,0
557508,0.7163382422482782,0.4368293378606515,0.5,1.0,1.0,0.75,2.0,0.422084745017392,0.4368292053736752,0.6460181545591593,-0.3378778341536493,1.0,0.0,0.4641630654510255,0.0,0.0,-0.0493820405779907,1.1536425324006632,5
557525,0.4659791917316795,0.5472599549180527,0.0,0.5,0.5,0.0,0.0,0.4074072837143656,0.341316838923196,0.0,-1.366380143830454,0.0,0.0,0.4641630654510255,0.0,0.0,-0.8838768563703632,-0.1353291314621292,0
557562,-0.2177511905783598,0.8605538768015021,1.0,0.5,1.5,0.6000000000000001,0.8,0.3979321817314487,-0.30176771222008,-1.2239010857415449,1.055491476471528,1.5479441141749286,0.0,-0.311497195240441,0.0,1.5078734502500786,1.20992868457773,0.0328605742482337,2
557569,-0.018310236535641,0.9295642475225216,-0.5,0.0,0.0,1.0,2.6666666666666665,-0.763378450274648,0.9999999999999998,2.2239010857415447,1.7852254783682713,3.4424745961808574,0.6931471805599453,-0.5358369345489745,2.6303167041658844,1.8170594925112875,0.8455672283078419,1.083623071418565,6
557643,-0.3238171625337165,-0.589715259924501,0.0,0.5,0.0,0.0,0.0,-0.2409464455532194,-0.658683161076804,0.0,0.7367495369393785,0.0,0.0,-0.1695975135107168,1.8662394014360388,0.0,0.2185949875246496,0.3240564387555951,0
557672,0.7621411229874593,0.5472599549180527,0.0,0.5,0.0,0.0,0.0,-0.2322746873196033,0.341316838923196,0.0,-0.3378778341536493,0.0,0.0,-0.1695975135107168,1.8662394014360388,0.0,-0.616102195601344,0.6463412724075238,0
557692,0.3841343505238492,0.4083366568994223,0.0,0.0,0.5,2.0,0.0,0.3660275254511002,0.69823228777992,0.0,0.852128988992052,2.4424745961808583,0.0,-0.1695975135107168,0.0,1.2892242269941023,0.979622358142012,0.2482000592959045,6
557726,0.1273876831660417,1.0826657989148842,-0.5,0.5,-0.5,2.0,2.6666666666666665,-5.01837906474446,0.341316838923196,1.577882931182386,-1.7312471447788258,-5.8849491923617165,0.6931471805599453,-0.5358369345489745,4.496556105601924,0.0,-5.009979129451652,1.1383354712108988,4
557762,0.0560323192932559,2.8246598789463238,0.0,0.5,1.0,1.8,2.4,0.119848595697766,-0.658683161076804,-1.9562960640020104,1.146122837879747,1.3087681003312956,0.8472978603872036,-0.1695975135107168,1.8662394014360388,2.2892242269941026,0.8283599464362577,-2.3515011681933573,2
557794,-1.7269128445226944,-0.3548111444861987,0.5,1.0,0.5,1.5,0.0,0.2921976281482574,0.4368292053736752,0.0,0.222498382100976,0.0,0.0,0.0,1.4475677406305645,0.0,0.30892489150771,0.432363829503351,5
557799,-0.592484747946126,-0.2948576299622514,-1.0,-1.0,-0.5,0.0,0.0,-1.3366892758771278,-0.658683161076804,-3.801784016923932,0.9061073225814968,0.0,0.0,-1.945257774202184,0.0,3.10628371950539,-0.6385519593074991,-5.846818380501243,3
557815,0.9072657503926238,2.3198914128718897,0.5,1.0,1.5,0.6000000000000001,2.4,0.6531660471245939,-0.30176771222008,-0.5778829311823854,0.0269891667947226,0.0,0.4054651081081644,0.4641630654510255,0.0,1.0,0.3756286503878932,0.5423223170967304,5
557834,-1.2493931494619812,0.7528177715328302,-0.5,0.5,0.0,1.0,1.3333333333333333,-1.3917806845113108,-0.0955123664504794,0.0,-0.3378778341536493,0.0,0.6931471805599453,0.4641630654510255,2.6303167041658844,0.0,-1.5496746231740306,-0.1123388925766658,0
557851,-0.2524074552902091,-0.1425108733599631,0.5,1.0,1.0,0.0,3.0,0.7141781448249332,1.1350614931535954,1.7466597846047676,0.1763733206847534,2.703731733044999,0.0,0.4641630654510255,0.0,0.0,0.6847967098023705,0.8158394962186144,6
557875,1.369036226379025,0.4368293378606515,-0.5,0.0,0.0,0.0,0.0,-0.0824939353333797,-0.658683161076804,0.0,0.4308838440812761,0.0,0.0,0.4641630654510255,0.0,0.0,0.0407502524035325,-0.0530973053894923,0
557876,0.0801373769604198,0.7405160565023101,0.0,0.5,0.0,0.0,1.3333333333333333,0.1871467886081523,-0.658683161076804,0.8454879529219202,-0.8521289889920516,1.8945304820059297,0.0,-0.1695975135107168,1.8662394014360388,0.0,-0.485095747777492,0.1183064451430199,6
557879,0.5245554272584666,1.9532033815505103,-1.0,0.0,0.0,1.5,2.0,-1.1992179637495972,-0.658683161076804,0.0,0.0269891667947226,0.0,1.0986122886681096,1.8735839051042344,0.0,0.0,-1.110354641666316,0.3615742814564737,0
557887,-1.443693500166647,-0.9565486648353788,0.0,-0.5,0.5,0.0,0.0,0.2197233171965426,-0.0955123664504794,-2.223901085741545,1.0076254409950998,1.3087681003312956,0.0,-0.9452577742021836,0.0,2.2892242269941026,0.9920437553004784,-0.4705240348916273,2
557921,-0.0696590149249183,-0.2173706571356206,0.5,1.0,1.0,0.0,0.0,0.507547940049412,0.4368292053736752,0.0,-0.3378778341536493,0.0,0.0,0.4641630654510255,0.0,0.0,0.1382592518343391,0.1693712755673145,5
557932,-1.1207320722741068,0.0679485038398385,0.5,1.0,0.5,0.75,1.0,0.3120243877222771,0.4368292053736752,0.0,-0.2042491549703521,0.0,0.0,0.0,1.4475677406305645,0.0,0.1839778593639008,0.2325611853530396,5
557956,-0.4149180138957635,-0.2173706571356206,0.0,-0.5,0.5,2.0,0.0,0.1026325923904887,-0.658683161076804,-2.223901085741545,1.1016165378877505,0.0,0.0,-0.9452577742021836,0.0,2.2892242269941026,0.7640283575531592,-0.745379253465617,2
557957,-0.9489544673579096,-1.0937450900539751,-0.5,0.0,-0.5,0.0,0.0,0.0630667133623977,0.69823228777992,0.0,0.5412403216331251,0.0,0.0,-0.5358369345489745,2.6303167041658844,0.0,0.2862534806364568,0.2288883734819106,0
557963,-1.197251847882452,1.0614334032407846,0.0,1.0,1.0,0.75,1.0,0.5182364352274699,0.1350614931535953,1.223901085741545,1.251000691777781,0.0,0.5108256237659907,1.0,0.0,0.0,1.1997972418792968,1.1367041089413057,5
557986,-0.0171602998082552,-0.0347747680912913,-0.5,0.0,0.0,0.0,0.0,0.1122404320027687,0.69823228777992,0.0,0.0269891667947226,0.0,0.0,0.4641630654510255,0.0,0.0,-0.1791699028720816,-0.2949611579323986,0
557992,-0.3824592697429131,-1.1803503916127198,-1.5,-1.0,-1.0,0.0,0.0,-5.01837906474446,-0.658683161076804,-3.801784016923932,-1.7312471447788258,-5.8849491923617165,0.0,-1.945257774202184,0.0,0.0,,,1
558018,-0.3934761774586333,-0.589715259924501,-0.5,0.0,0.0,0.0,0.0,-0.4181410215043588,0.1350614931535953,0.0,-0.1423686188473956,0.0,0.0,0.4641630654510255,0.0,0.0,-0.6015295887674279,0.0311013179943465,0
558019,-0.1225366669351453,-0.4584993070321419,-0.5,0.0,0.0,0.0,0.0,0.1459488631182283,0.1350614931535953,0.0,-0.3378778341536493,0.0,0.0,0.4641630654510255,0.0,0.0,-0.26682839670559,-0.4997114312595179,0
558081,-0.4020218742023853,-0.3146618177495106,0.0,0.5,0.5,0.0,0.0,-0.026610582219974,-0.658683161076804,0.0,0.60981374613042,0.0,0.0,0.4641630654510255,0.0,0.0,0.0751017805094012,-0.0329233489708323,5
558114,0.0226254934042333,1.6234740688340503,0.5,1.0,1.5,0.6000000000000001,0.8,0.890018094139609,0.2614030824062447,0.5227586988632229,1.110643618014919,0.0,0.4054651081081644,0.4641630654510255,0.0,1.0,1.4366843126388251,1.2175926201704763,5
558138,0.1630572962467511,0.5472599549180527,0.5,1.0,1.0,1.5,0.0,0.6276462768874297,0.4368292053736752,0.0,-0.3378778341536493,0.0,0.0,0.4641630654510255,0.0,0.0,0.348809208902219,0.3374273943593057,5
558147,0.4863797986426348,-0.2364889768829301,-1.0,-1.0,-0.5,0.0,0.0,0.0610387980526892,-0.658683161076804,-3.801784016923932,1.6158676927261533,3.4424745961808574,0.0,-1.945257774202184,0.0,3.10628371950539,1.4274705730386643,-5.846818380501243,3
558202,-0.8329420519894543,-1.3644696695666334,0.0,0.0,0.0,1.0,0.0,0.3444482437793029,-0.658683161076804,0.8454879529219202,0.0269891667947226,3.4424745961808574,0.0,-0.9452577742021836,1.8662394014360388,1.2892242269941023,0.7582087245719703,0.6317302602796028,6
558204,-2.268219451674029,-0.1425108733599631,0.0,0.5,0.0,1.0,0.0,-0.144937194427998,0.341316838923196,0.0,0.1763733206847534,0.0,0.0,-0.1695975135107168,1.8662394014360388,0.0,0.1332797856476129,0.1072147931990756,0
558251,-0.3402878575135052,-0.2948576299622514,0.0,0.5,0.5,1.0,0.0,0.4808350906574019,-0.0955123664504794,1.577882931182386,-0.4872619880436798,2.4424745961808583,0.0,0.4641630654510255,0.0,0.0,0.4222920250629257,0.3852969686498669,6
558270,3.078372806391057,1.7441681592771234,0.5,1.0,1.0,0.0,0.0,0.2044492118617907,0.1350614931535953,1.223901085741545,-0.702744835102021,1.8945304820059297,0.0,0.4641630654510255,0.0,0.0,-0.5167960218548973,0.7099373070782677,6
558277,-1.9512202522668167,0.1500453992945883,1.0,1.5,1.5,0.0,0.0,1.2991575885766686,0.8848129434284441,0.5227586988632229,0.0269891667947226,0.8092012510390698,0.0,0.4641630654510255,0.0,0.0,1.2449733149286226,0.9063137951756384,5
558294,0.9127222130972223,0.5201657237419183,0.0,0.5,0.5,1.0,1.3333333333333333,0.1514381229522628,-0.658683161076804,0.0,0.4687463394429643,0.0,0.0,0.4641630654510255,0.0,0.0,0.26657125608193,0.1125224086435952,5
558300,-0.9301831936969808,-0.5231327642549591,0.0,0.5,0.5,0.0,0.0,-0.2497083796660127,0.341316838923196,0.8454879529219202,-0.4872619880436798,1.3087681003312956,0.0,0.4641630654510255,0.0,0.0,-0.4979128906608494,0.7944882044696224,6
558362,-0.4077419345842769,0.8133188749341947,0.5,1.0,1.0,0.0,0.0,0.5796675639848201,0.4368292053736752,0.0,-0.1423686188473956,0.0,0.0,0.4641630654510255,0.0,0.0,0.2710581094936781,0.3428079387395914,5
558388,0.8411553424691957,0.3939512500814855,0.5,0.5,1.0,0.75,1.0,0.1311335644403132,0.4368292053736752,0.6460181545591593,-0.0548650010803214,1.8945304820059297,0.0,0.0,0.0,1.0,0.0964192555796658,0.5833548297629305,5
558394,-0.2288171280174327,0.084613882090961,-0.5,0.0,0.0,0.0,0.0,0.2061600721540697,0.69823228777992,0.0,0.7367495369393785,0.0,0.0,0.4641630654510255,0.0,0.0,0.3198294554444512,-0.3510965035014254,0
558395,1.2261968652412178,0.5606834135017086,-1.0,-1.0,-0.5,3.0,0.0,-0.8728109866596636,-0.658683161076804,-3.801784016923932,1.189120155654825,0.0,0.0,-1.945257774202184,0.0,3.10628371950539,-0.0795099949117966,-5.846818380501243,3
558437,-0.3268557898162221,-0.658368006199544,-1.0,-0.5,-0.5,0.0,4.0,-0.5250387180961157,-0.658683161076804,0.0,0.3100019998680502,0.0,0.0,0.4641630654510255,0.0,0.0,-0.389136883724225,-1.515508758856612,0
558466,-0.0595388894617268,0.4927349096618701,-0.5,0.0,0.0,0.0,0.0,0.299878614833185,-0.658683161076804,0.0,-0.8521289889920516,0.0,0.0,0.4641630654510255,0.0,0.0,-0.6334999319560801,-0.2912566457129689,0
558489,-0.2177511905783598,-0.4584993070321419,0.0,0.5,0.0,0.0,1.3333333333333333,-0.3559539102774862,0.341316838923196,0.0,-0.8521289889920516,0.0,0.0,-0.1695975135107168,1.8662394014360388,0.0,-1.1731949930302528,0.1315414069732714,0
558506,-1.5188363549198938,-1.3967060397040991,-0.5,0.0,0.0,1.5,0.0,0.0731337196642206,0.1350614931535953,0.0,-0.8521289889920516,0.0,0.0,0.4641630654510255,0.0,0.0,-0.6696624192529816,-1.4997554191947875,0
558513,-0.2280772499757377,-0.2364889768829301,0.0,0.5,0.5,0.0,0.0,0.3546408872428757,-0.0955123664504794,0.8454879529219202,0.3100019998680502,1.3087681003312956,0.0,0.4641630654510255,0.0,0.0,1.0490189959337108,0.1520222694474751,6
558651,-0.3421273990693575,-0.7777566563817965,-0.5,0.0,-0.5,1.5,0.0,-0.7420457056626178,0.69823228777992,0.0,-1.7312471447788258,0.0,0.0,-0.5358369345489745,2.6303167041658844,0.0,-5.009979129451652,-1.7978319205046704,0
558659,-0.7397627016032954,-1.332697148215006,-1.0,-0.5,-0.5,0.0,0.0,-1.6418065167211409,-0.658683161076804,0.0,-0.3378778341536493,0.0,0.0,0.4641630654510255,0.0,0.0,-1.7570562745470026,-0.2908263422517449,0
558682,-0.280627746524011,0.0679485038398385,0.0,0.0,0.5,1.0,1.3333333333333333,0.1045629446768353,-0.0955123664504794,-1.0,0.0269891667947226,0.0,0.0,-0.1695975135107168,0.0,1.2892242269941023,-0.2568154041271612,-0.0151915795658317,2
558774,-0.9072657503926238,-0.7533569369943934,-0.5,0.0,-0.5,0.0,0.0,-0.7742508386015071,0.1350614931535953,0.0,-1.7312471447788258,0.0,0.0,-0.5358369345489745,2.6303167041658844,0.0,-5.009979129451652,-0.1949810843389802,0
558786,-0.5018607598473551,0.7772174909202333,0.0,0.5,0.0,0.0,0.0,-0.2765544934337305,-0.658683161076804,0.0,0.1763733206847534,0.0,0.0,-0.1695975135107168,1.8662394014360388,0.0,-0.4077861380408977,0.0415257132050525,0
558838,-0.1607598662869653,0.7405160565023101,1.0,1.5,1.0,0.6000000000000001,0.8,0.6077208061600102,-0.658683161076804,0.0,0.1763733206847534,0.0,0.0,0.0979236444127681,1.18274896353532,0.0,0.5828556902481244,0.7977504183251227,5
558851,0.2243074077441219,0.4927349096618701,-1.0,0.0,0.0,1.5,2.0,-0.4110003143233572,0.69823228777992,2.2239010857415447,1.6158676927261533,0.0,1.0986122886681096,1.8735839051042344,0.0,0.0,0.5573048362896433,1.083623071418565,5
558852,0.7485819535570085,0.2446949798295298,-1.5,-1.0,-1.0,0.0,0.0,-5.01837906474446,-0.658683161076804,-3.801784016923932,-1.7312471447788258,-5.8849491923617165,0.0,-1.945257774202184,0.0,0.0,,,1
558919,0.3242914787906156,-0.5231327642549591,-1.5,-1.0,-1.0,0.0,0.0,-5.01837906474446,-0.658683161076804,-3.801784016923932,-1.7312471447788258,-5.8849491923617165,0.0,-1.945257774202184,0.0,0.0,,,1
558920,-0.0306227795262138,0.5337543951599557,0.5,1.0,1.0,0.75,0.0,0.3560726605771238,0.4368292053736752,0.0,0.0269891667947226,0.0,0.0,0.4641630654510255,0.0,0.0,0.3695537651289711,0.3178123893619102,5
558966,-0.3559850289023943,-0.1241858541912811,0.0,0.5,0.5,2.0,0.0,-0.2067823711093864,-0.0955123664504794,0.8454879529219202,-0.4872619880436798,1.3087681003312956,0.0,0.4641630654510255,0.0,0.0,-0.5275132009965032,-0.1130371224224006,6
558987,0.2383002099969643,-0.2173706571356206,0.0,0.0,0.5,0.0,0.0,0.1623105112791227,0.341316838923196,-1.0,0.4687463394429643,0.0,0.0,-0.1695975135107168,0.0,1.2892242269941023,0.3982737796502825,-0.1107392274732409,2
558988,-0.7201373393404769,0.7528177715328302,0.0,0.5,0.5,2.0,1.3333333333333333,0.7650507214326334,-0.0955123664504794,0.0,0.6748690008164222,0.0,0.0,0.4641630654510255,0.0,0.0,0.935617187890169,0.2793177620237404,5
559068,0.3351659373351822,1.3972450735495368,0.0,1.0,0.5,0.75,1.0,0.8113024877590104,0.4368292053736752,0.0,-0.0833673107571263,0.0,0.5108256237659907,0.4641630654510255,1.8662394014360388,0.0,0.4042159263681768,-0.033746672619773,5
559071,-0.7986990155794161,-1.2400338123026975,0.0,0.0,-0.5,2.0,0.0,-0.5373396431954355,-0.0955123664504794,-1.0,0.5412403216331251,0.0,0.0,-1.945257774202184,3.313807142066604,1.2892242269941023,-0.2092202923896615,-0.4915075825600893,0
559093,-1.638824847510617,0.1978772796996186,1.0,0.5,1.5,0.0,0.8,0.3897249895283401,-0.30176771222008,-1.2239010857415449,-0.1066395123885741,0.0,0.0,-0.311497195240441,0.0,1.5078734502500786,0.0969460792240239,0.5584391868000955,5
559094,-0.0798371356929646,-0.9301034129840848,-1.0,-1.0,-0.5,0.0,0.0,0.059005990300823,-0.658683161076804,-3.801784016923932,-0.3378778341536493,3.4424745961808574,0.0,-1.945257774202184,0.0,3.10628371950539,0.1282643013093315,-5.846818380501243,3
559107,0.1103508406522334,-0.0173189290703666,0.5,0.5,0.5,2.25,0.0,-0.3011576545890609,-0.2218539557031286,-0.7323949782604657,-0.3378778341536493,0.0,0.0,-0.5358369345489745,1.4475677406305645,1.0,-0.7078151763393947,-0.3823791890413758,0
559112,0.4554386432073693,-0.4798342762580817,0.0,0.5,0.0,0.0,0.0,-0.4775558236714001,0.69823228777992,0.0,0.3100019998680502,0.0,0.0,-0.1695975135107168,1.8662394014360388,0.0,-0.3485904084009037,-0.1820972266430433,0
559146,1.541089511386447,0.8953286448927934,0.5,0.0,0.5,0.0,0.0,0.3688503033154463,-0.2218539557031286,-1.577882931182386,0.6748690008164222,0.0,0.0,-1.169597513510717,1.4475677406305645,1.8170594925112875,0.5317615354678396,-0.4373150895456928,2
559148,-0.1079586599469877,0.0,0.0,0.5,0.0,0.0,2.6666666666666665,-0.3526300463835208,0.69823228777992,1.577882931182386,-0.5691161559187239,1.8945304820059297,0.0,-0.1695975135107168,1.8662394014360388,0.0,-1.0012548714018432,-0.0697766071177568,6
559164,-1.2507082751891578,-1.3967060397040991,-1.0,-0.5,-0.5,0.0,0.0,-0.4145631035827674,0.69823228777992,0.0,-1.7312471447788258,0.0,0.0,0.4641630654510255,0.0,0.0,-5.009979129451652,-0.7944740787675185,0
559176,1.3924082956146906,0.6524299330683321,-0.5,-0.5,0.0,1.5,0.0,-0.0176466848663658,-0.658683161076804,-1.577882931182386,-0.3378778341536493,0.0,0.0,-0.5358369345489745,0.0,1.8170594925112875,-0.5872569540789733,-0.5614212078808598,2
559194,-0.5261909651618265,-0.1060116599355281,-0.5,0.0,0.0,0.0,0.0,-0.6197155758110998,0.1350614931535953,0.0,0.7367495369393785,0.0,0.0,0.4641630654510255,0.0,0.0,-0.0409785443771068,0.064731433450074,0
559211,0.3123954047562008,0.2446949798295298,0.5,1.0,1.0,0.75,0.0,0.5784928127729547,0.1350614931535953,0.0,0.0269891667947226,0.0,0.0,0.4641630654510255,0.0,0.0,0.0960370579874865,0.0062348390199852,5
559226,0.5661897512139095,-0.1060116599355281,-1.0,-0.5,-0.5,0.0,0.0,-0.6762237894947197,-0.658683161076804,0.0,-1.7312471447788258,0.0,0.0,0.4641630654510255,0.0,0.0,-5.009979129451652,-2.0466622971280217,0
559228,0.0,-0.6352457830218333,-1.0,-0.5,-0.5,0.0,0.0,-0.6959345925001316,0.69823228777992,0.0,0.0269891667947226,0.0,0.0,0.4641630654510255,0.0,0.0,-0.6939469603220094,-0.5339280464198124,0
559266,0.0354261053068194,-0.7053517390478198,-1.0,-0.5,-0.5,0.0,0.0,-0.9105455787791988,-0.658683161076804,0.0,0.0269891667947226,0.0,0.0,0.4641630654510255,0.0,0.0,-0.8713508026832342,-2.117735152773164,0
559277,1.7505468587809434,0.8252226888668068,0.5,-0.5,1.0,1.5,1.0,0.506351916563342,-0.658683161076804,-2.5778829311823865,0.8242531547064528,0.0,0.0,-1.169597513510717,0.0,2.5078734502500786,0.8491656970680795,-0.4345103232437742,2
559324,0.1973455660552787,0.0679485038398385,0.0,0.0,0.5,0.0,1.3333333333333333,0.3120243877222771,-0.658683161076804,-1.0,0.60981374613042,0.0,0.0,-0.1695975135107168,0.0,1.2892242269941023,0.8436488531161932,-0.169405076788867,2
559345,-1.246328304502304,-1.67308530127459,-0.5,-0.5,-0.5,1.5,0.0,-0.05176464133835,-0.658683161076804,-1.577882931182386,1.055491476471528,3.4424745961808574,0.0,-1.945257774202184,2.6303167041658844,1.8170594925112875,0.997813004904232,-1.8920674829727928,2
559368,-0.1372353208699109,0.1011544248762458,0.0,0.5,0.5,1.0,0.0,0.4532475596816362,0.9999999999999998,0.0,-0.2042491549703521,0.0,0.0,0.4641630654510255,0.0,0.0,0.1129964326435794,0.3246777222408221,5
559407,0.1871284110521476,0.2446949798295298,0.5,1.0,1.0,1.5,1.0,-0.0132002449729417,0.4368292053736752,0.6460181545591593,0.3718825359910068,1.0,0.0,0.4641630654510255,0.0,0.0,0.4401764034784796,-0.0996450142284481,5
559432,0.585009288498354,0.0511563914573724,-1.0,-0.5,-0.5,0.0,0.0,-1.0810609445042134,0.69823228777992,2.2239010857415447,1.4203584774198996,0.0,0.0,0.4641630654510255,0.0,0.0,-0.113142411500657,-1.2057258982988672,0
559441,-0.6672596873302499,-0.160989241751724,-0.5,-0.5,-0.5,0.0,0.0,-0.7852653536731521,0.1350614931535953,-1.577882931182386,0.0269891667947226,0.0,0.0,-1.945257774202184,2.6303167041658844,1.8170594925112875,-0.7677658671556362,-1.4854163260566822,2
559461,0.7735411585041315,-0.2364889768829301,-1.5,-1.0,-1.0,0.0,0.0,-5.01837906474446,-0.658683161076804,-3.801784016923932,-1.7312471447788258,-5.8849491923617165,0.0,-1.945257774202184,0.0,0.0,,,1
559464,-0.0295199684299914,-0.6817349135302966,-0.5,0.0,-0.5,0.0,0.0,-0.8308223080491643,0.1350614931535953,0.0,1.4203584774198996,0.0,0.0,-0.5358369345489745,2.6303167041658844,0.0,0.0943079491428578,-0.2506531464661476,0
559465,0.7295996803869016,-0.0347747680912913,-1.5,-1.0,-1.0,0.0,0.0,-5.01837906474446,-0.658683161076804,-3.801784016923932,-1.7312471447788258,-5.8849491923617165,0.0,-1.945257774202184,0.0,0.0,,,1
559468,0.7377597950325295,0.0511563914573724,-0.5,-0.5,0.0,0.0,0.0,-0.1397678628496181,0.1350614931535953,-1.577882931182386,0.9061073225814968,0.0,0.0,-0.5358369345489745,0.0,1.8170594925112875,0.4002601586661847,-0.938192863248802,2
559469,0.1103508406522334,0.2753642525262495,0.5,1.0,0.5,0.0,0.0,-0.0800899439609849,0.1350614931535953,1.223901085741545,-0.4872619880436798,2.4424745961808583,0.0,0.0,1.4475677406305645,0.0,-0.4243399459403786,0.8843707194910837,6
559473,0.0,-0.2752294817283874,0.0,0.5,0.5,1.0,0.0,0.050825359008231,-0.0955123664504794,0.0,-0.2042491549703521,0.0,0.0,0.4641630654510255,0.0,0.0,-0.4393937298591794,0.0102002809059765,0
559520,0.5590806935034187,-0.0347747680912913,-1.0,-0.5,-0.5,0.0,0.0,0.1216076941696255,-0.658683161076804,0.0,0.0269891667947226,0.0,0.0,0.4641630654510255,0.0,0.0,-0.019475079259349,-0.8609617471198733,0
559537,-0.8684770346394188,-0.7053517390478198,-0.5,0.0,0.0,1.5,0.0,-0.4510449230288068,1.1350614931535954,2.2239010857415447,0.0269891667947226,3.4424745961808574,0.0,0.4641630654510255,0.0,0.0,0.1682001276917503,0.6497421005986417,6
559547,-0.1670026748704246,-0.5013773948113078,-1.0,-1.0,-0.5,3.0,4.0,-1.8690246079739068,-0.658683161076804,-3.801784016923932,0.0269891667947226,3.4424745961808574,0.0,-1.945257774202184,0.0,3.10628371950539,-1.38837718801547,-5.846818380501243,3
559661,-1.2694446032301905,-0.8024290039733696,-1.0,0.0,0.0,1.5,2.0,-1.2950710190444592,0.69823228777992,2.2239010857415447,0.5412403216331251,0.0,1.0986122886681096,1.8735839051042344,0.0,0.0,-0.8367607041094369,-1.7427157380527103,0
559695,2.3925068109277623,2.264913831055694,0.5,1.0,1.0,0.6000000000000001,1.6,0.3910984183645553,0.0,-0.5778829311823854,0.1763733206847534,0.0,0.4054651081081644,0.0,1.4475677406305645,1.0,0.3102167180323909,0.5039433218670053,5
559712,0.1568144876632918,0.2905406156119291,0.0,0.5,0.5,0.0,1.3333333333333333,0.3210201856714035,0.69823228777992,0.0,0.1285072852083251,0.0,0.0,0.4641630654510255,0.0,0.0,0.1752328571024638,-0.0097774812096138,5
559758,0.0732835360229839,-0.8024290039733696,-1.0,-1.0,-0.5,0.0,0.0,-0.8308223080491643,-0.658683161076804,-3.801784016923932,0.7367495369393785,0.0,0.0,-1.945257774202184,0.0,3.10628371950539,-0.325612145706459,-5.846818380501243,3
559772,-0.9186875081701394,0.7528177715328302,1.5,2.0,2.0,0.0,0.0,1.0567789314529643,-0.3569154488567242,0.8454879529219202,-0.2693044096563544,1.3087681003312956,0.0,0.4641630654510255,0.0,0.0,0.8025033812244896,1.1139749997585715,5
559775,0.4377308473363926,0.8722064217150826,0.0,0.5,0.5,0.0,1.3333333333333333,0.195842411752537,0.69823228777992,0.0,0.1285072852083251,0.0,0.0,0.4641630654510255,0.0,0.0,0.3144948176709922,-0.4123105986728059,5
559782,-0.5648869884699578,0.1338683882105274,0.5,1.0,1.0,0.75,1.0,0.7114333848752117,-0.2218539557031286,0.6460181545591593,0.0269891667947226,1.0,0.0,0.4641630654510255,0.0,0.0,0.3604605145493295,0.3209864468053119,5
559787,-0.976924765317542,0.0,0.5,1.0,0.0,0.0,1.0,0.0300194030375924,0.4368292053736752,0.6460181545591593,0.5412403216331251,0.0,0.0,-0.5358369345489745,2.6303167041658844,0.0,-0.014710718217632,1.1689266086171737,5
559794,0.3501857072988972,0.1820481643393343,1.0,1.5,1.0,0.0,0.8,0.4074072837143656,0.4919769420103195,0.0,-0.0548650010803214,0.0,0.0,0.0979236444127681,1.18274896353532,0.0,0.1950372760561056,0.7981564367955793,5
559832,-1.554900075460056,-2.863271576129634,-1.5,-1.0,-1.0,0.0,0.0,-5.01837906474446,-0.658683161076804,-3.801784016923932,-1.7312471447788258,-5.8849491923617165,0.0,-1.945257774202184,0.0,0.0,,,1
559834,0.0701593888438221,-0.0347747680912913,-0.5,0.0,0.0,0.0,0.0,0.0,0.1350614931535953,0.0,-0.8521289889920516,0.0,0.0,0.4641630654510255,0.0,0.0,-0.8802748343138478,-0.1377789190192541,0
559846,0.6809136848297533,0.1500453992945883,-1.0,-0.5,-0.5,3.0,4.0,0.0129966340860437,-0.658683161076804,0.0,0.3100019998680502,0.0,0.0,0.4641630654510255,0.0,0.0,0.017325380950157,-0.3619333058284429,0
559863,-0.1670026748704246,-0.0523696989290143,0.0,0.5,0.5,0.0,0.0,-0.1244474698007082,0.341316838923196,1.577882931182386,0.3100019998680502,2.4424745961808583,0.0,0.4641630654510255,0.0,0.0,0.1678040193196184,-0.5392444971284598,6
559901,-0.5885158586668233,-0.0347747680912913,0.5,1.0,1.0,0.0,0.0,0.4595972385962305,-0.2218539557031286,0.0,-1.02148677463417,0.0,0.0,0.4641630654510255,0.0,0.0,-0.6790056093307844,0.4995414694615722,5
559918,0.7621411229874593,-0.1241858541912811,0.0,-0.5,0.5,0.0,0.0,0.5123151290286498,-0.0955123664504794,-2.223901085741545,0.852128988992052,1.3087681003312956,0.0,-0.9452577742021836,0.0,2.2892242269941026,1.0733777194040108,-0.6971011003234218,2
559936,-0.2699925218508799,1.9172976776409685,0.0,1.0,1.0,1.5,1.0,-0.0995167042849277,-0.658683161076804,0.0,-0.3378778341536493,0.0,0.5108256237659907,1.0,0.0,0.0,-0.4825605066110255,0.102009671144689,5
559981,0.8517588200141305,0.4649590448526473,1.5,2.0,2.0,1.0,0.0,0.9379687955927904,0.341316838923196,0.4390194395059628,-0.1423686188473956,0.6795775573916313,0.0,0.4641630654510255,0.0,0.0,0.6586497214868605,0.3068824124718219,5
559995,0.5158182164593993,0.1011544248762458,-1.0,-0.5,-0.5,0.0,0.0,-0.2949391879553278,0.69823228777992,2.2239010857415447,0.5412403216331251,3.4424745961808574,0.0,0.4641630654510255,0.0,0.0,0.4713010457464985,-0.5374348730541259,6
560015,0.3656973972805474,-0.5013773948113078,-1.0,-0.5,-0.5,0.0,4.0,-1.315623218529378,0.69823228777992,0.0,0.0269891667947226,0.0,0.0,0.4641630654510255,0.0,0.0,-1.2423031999997565,-0.3676737227575637,0
560035,-0.8317292986385427,-0.8781444948462946,-0.5,0.0,0.0,0.0,0.0,-0.3074223555998511,0.69823228777992,0.0,0.7367495369393785,0.0,0.0,0.4641630654510255,0.0,0.0,0.2562201854872343,-0.3259159172920854,0
560065,0.3656973972805474,0.5740257630792477,0.5,0.0,1.0,1.5,2.0,0.059005990300823,-0.2218539557031286,-1.577882931182386,0.6427584400467276,1.0,0.0,-0.5358369345489745,0.0,1.8170594925112875,0.6192923176840978,0.1355266795806173,2
560078,0.6583545112184155,0.0,0.0,0.5,0.0,0.0,2.6666666666666665,-0.508911940572132,0.69823228777992,0.0,-0.8521289889920516,0.0,0.0,-0.1695975135107168,1.8662394014360388,0.0,-1.3466707183595232,0.0714352862996153,0
560085,-0.5570800430937265,1.029197033103319,1.0,2.0,1.5,0.4999999999999998,0.6666666666666664,0.6837734550490422,0.341316838923196,1.223901085741545,0.2582274885597975,2.227521671566561,0.3364722366212129,0.4641630654510255,1.18274896353532,0.0,0.911233861439444,1.1985755328146157,5
560090,-0.5200770960835523,-0.4373685033222146,0.0,0.0,0.5,0.0,1.3333333333333333,0.2129689852014099,-0.0955123664504794,-1.0,0.0269891667947226,0.0,0.0,-0.1695975135107168,0.0,1.2892242269941023,-0.1592010186202249,-0.982028582102048,2
560125,-0.2877534419935543,-0.589715259924501,-0.5,0.0,0.0,0.0,2.0,-0.0425305938046579,0.69823228777992,1.223901085741545,0.6427584400467276,1.8945304820059297,0.0,0.4641630654510255,0.0,0.0,0.4270246917217682,0.3400041451966563,6
560175,0.7651037211946607,0.5472599549180527,-0.5,0.0,-0.5,0.0,0.0,-1.2457822086274737,-0.658683161076804,0.0,-0.3378778341536493,0.0,0.0,-0.5358369345489745,2.6303167041658844,0.0,-1.428780131417901,-1.5481370311569558,0
560195,1.0452190638453085,0.8488395143843301,1.5,1.5,1.5,0.0,1.3333333333333333,0.7038933040947049,-0.0955123664504794,0.4390194395059628,0.1478710110079485,1.5479441141749286,0.0,-0.1695975135107168,1.0,0.690813957738791,0.5313394672677972,0.9285248765842962,5
560213,-0.1136136751833011,-0.4164379946042029,-0.5,0.0,0.0,1.5,0.0,0.4467597508893434,1.1350614931535954,0.0,-1.2169959899404237,0.0,0.0,0.4641630654510255,0.0,0.0,-0.7802019202404108,-0.4115231326284769,0
560245,0.9821716737521304,0.6906121893614907,0.0,0.5,0.5,0.0,0.0,0.1941104514213306,-0.658683161076804,2.8017840169239308,-0.2042491549703521,4.337005078186787,0.0,0.4641630654510255,0.0,0.0,0.2621243487191187,1.1119103545892195,6
560257,0.1183572127982543,-0.1984164451611818,-1.0,-1.0,-0.5,0.0,0.0,-1.2651531400029488,-0.658683161076804,-3.801784016923932,0.0269891667947226,0.0,0.0,-1.945257774202184,0.0,3.10628371950539,-1.1650213696620788,-5.846818380501243,3
560273,-0.976924765317542,-0.2557742709686207,0.0,0.0,0.5,0.0,1.3333333333333333,0.2813252398213982,-0.658683161076804,-1.0,-0.3378778341536493,1.3087681003312956,0.0,-0.1695975135107168,0.0,1.2892242269941023,0.2070846732622164,0.1959170096997686,2
560279,-0.3204049093930589,-1.332697148215006,-1.5,-1.0,-1.0,0.0,0.0,-5.01837906474446,-0.658683161076804,-3.801784016923932,-1.7312471447788258,-5.8849491923617165,0.0,-1.945257774202184,0.0,0.0,,,1
560291,0.1651333656980996,-0.3146618177495106,0.0,0.5,0.0,1.0,0.0,-0.2735290021958272,0.69823228777992,0.0,0.4308838440812761,0.0,0.0,-0.1695975135107168,1.8662394014360388,0.0,-0.0049841902937872,0.2144638469454126,0
560341,0.7651037211946607,0.4226289536358835,0.0,-0.5,0.5,0.0,0.0,-0.32650087038226,-0.658683161076804,-2.223901085741545,0.7957508450296478,1.3087681003312956,0.0,-0.9452577742021836,0.0,2.2892242269941026,0.2785285681915399,-0.9176588710276392,2
560362,-0.1257925380823218,0.5064929114075749,0.5,1.0,1.0,0.75,0.0,0.5299556561929079,0.69823228777992,0.0,-0.702744835102021,0.0,0.0,0.4641630654510255,0.0,0.0,-0.3933962532677738,0.2696525569315854,5
560367,-0.3583051823523965,0.2753642525262495,1.0,1.5,1.0,0.6000000000000001,0.8,0.675912075167572,0.0,1.0,-0.1423686188473956,1.8945304820059297,0.0,0.0979236444127681,1.18274896353532,0.0,0.9691358866706612,0.8879746660032508,5
560374,0.6583545112184155,0.4649590448526473,1.0,1.0,1.5,1.2000000000000002,0.0,0.4696582346021785,0.0,1.4390194395059634,0.3100019998680502,2.856712214506226,0.0,0.0979236444127681,0.0,0.8170594925112873,0.5466038452887427,1.1734102835073894,6
560433,1.3414337535785736,0.7031942868616717,-1.5,-1.0,-1.0,0.0,0.0,-5.01837906474446,-0.658683161076804,-3.801784016923932,-1.7312471447788258,-5.8849491923617165,0.0,-1.945257774202184,0.0,0.0,,,1
560468,-0.7133193762139726,-0.3957040193861091,0.0,0.5,0.5,0.0,0.0,0.4633842040919734,-0.0955123664504794,0.0,0.60981374613042,0.0,0.0,0.4641630654510255,0.0,0.0,0.4192659283923615,-0.9922178867035713,2
560478,-0.066279228532214,-0.3548111444861987,-0.5,-0.5,0.0,0.0,0.0,-0.4181410215043588,0.69823228777992,-1.577882931182386,0.7367495369393785,0.0,0.0,-0.5358369345489745,0.0,1.8170594925112875,0.1578270459451951,-0.5116915630016377,2
560495,-0.2899860974898281,-1.3013753161468835,-1.5,-1.0,-1.0,0.0,0.0,-5.01837906474446,-0.658683161076804,-3.801784016923932,-1.7312471447788258,-5.8849491923617165,0.0,-1.945257774202184,0.0,0.0,,,1
560497,-0.4041647385846714,-0.8273801410529529,-1.0,-0.5,-0.5,0.0,0.0,-0.3105722598456124,-0.658683161076804,0.0,-1.7312471447788258,0.0,0.0,0.4641630654510255,0.0,0.0,-5.009979129451652,-0.6880833463222129,0
560508,0.0950000345162837,-0.3146618177495106,-1.0,-0.5,-1.0,0.0,0.0,-5.01837906474446,-0.658683161076804,0.0,-1.7312471447788258,-5.8849491923617165,0.0,-1.945257774202184,4.496556105601924,0.0,-5.009979129451652,-0.9154718575628784,4
560511,0.3408132464282679,0.7893169849572652,1.5,1.5,2.0,1.0,0.0,0.8715999093497397,0.1350614931535953,-0.4772413011367771,0.3918561677430946,0.0,0.0,0.1617063421381263,0.0,0.690813957738791,0.8365640156487157,0.4836653054364455,5
560519,0.1491544682039148,-0.3751629211508731,-0.5,0.0,-0.5,0.0,0.0,-0.9705185974517686,-0.658683161076804,0.0,0.9061073225814968,0.0,0.0,-0.5358369345489745,2.6303167041658844,0.0,-0.3345487246530911,-0.2603037453240181,0
560529,-0.2140778134397359,-0.6352457830218333,-1.0,-1.0,-0.5,0.0,0.0,-1.1465384107107497,-0.658683161076804,-3.801784016923932,1.055491476471528,3.4424745961808574,0.0,-1.945257774202184,0.0,3.10628371950539,0.0921018140124301,-5.846818380501243,3
560627,1.2782680048921713,1.924525677996112,0.0,1.0,1.0,1.5,1.0,0.334336328730926,0.69823228777992,1.223901085741545,1.189120155654825,0.0,0.5108256237659907,1.0,0.0,0.0,0.9859826355300833,1.26885938209274,5
560672,0.1734134609439123,0.4509389841865806,0.0,0.5,0.5,0.0,1.3333333333333333,0.6192406901010498,-0.0955123664504794,0.0,0.1285072852083251,0.0,0.0,0.4641630654510255,0.0,0.0,0.3573504866146437,-0.0442953533040037,5
560680,0.1699681112438908,1.5985229317544651,-1.0,0.0,0.0,1.5,4.0,-0.6197155758110998,0.69823228777992,0.0,-0.8521289889920516,0.0,1.0986122886681096,1.8735839051042344,0.0,0.0,-1.4440024250783452,-1.3022193230301389,0
560723,-0.7315590971179934,-1.6006803839406132,-1.5,-1.0,-1.0,0.0,0.0,-5.01837906474446,-0.658683161076804,-3.801784016923932,-1.7312471447788258,-5.8849491923617165,0.0,-1.945257774202184,0.0,0.0,,,1
560733,0.0113487748014657,-0.2364889768829301,0.5,0.5,1.0,0.75,0.0,0.4633842040919734,0.4368292053736752,0.6460181545591593,-0.0548650010803214,1.8945304820059297,0.0,0.0,0.0,1.0,0.3615100798499377,0.4248351187435748,6
560739,0.7302287142923268,1.1245277566605365,0.5,1.5,1.0,0.6000000000000001,1.6,0.1923749237130809,0.2614030824062447,1.0,-0.0833673107571263,0.0,0.4054651081081644,0.4641630654510255,1.4475677406305645,0.0,0.0534819719056202,1.2334150861656603,5
560747,0.3076145749155042,0.4368293378606515,0.5,1.0,0.5,0.0,1.0,0.3952053236736468,-0.2218539557031286,0.6460181545591593,-0.4872619880436798,1.3087681003312956,0.0,0.0,1.4475677406305645,0.0,0.1303584970617939,0.2176765014162614,5
560796,0.2672657880125675,-0.2752294817283874,-0.5,0.0,-0.5,1.5,4.0,-0.7473284715844654,0.69823228777992,0.0,1.189120155654825,0.0,0.0,-0.5358369345489745,2.6303167041658844,0.0,-0.0882248026965789,-0.0266158045384565,0
560803,1.1965948931076589,0.6004710149305419,1.0,1.5,1.5,1.2000000000000002,0.0,0.8399789978716414,0.0,1.0,0.1478710110079485,1.5479441141749286,0.0,0.4641630654510255,0.0,0.0,0.6452466996615412,1.1672268270680153,5
560854,-0.2241979389029273,0.2446949798295298,0.5,1.0,1.0,0.0,0.0,-0.2645171686507984,0.4368292053736752,1.223901085741545,0.3718825359910068,1.8945304820059297,0.0,0.4641630654510255,0.0,0.0,0.4364211031536206,0.5245583498114229,6
560870,0.142162029197963,-0.2364889768829301,-0.5,0.0,-0.5,0.0,2.0,-0.8485618770477372,0.1350614931535953,0.0,0.3100019998680502,0.0,0.0,-0.5358369345489745,2.6303167041658844,0.0,-0.6565296841350748,0.1147117516870921,0
560888,0.6531076027838256,0.4368293378606515,0.0,0.5,0.0,0.0,0.0,0.5345980833883642,0.341316838923196,0.8454879529219202,0.0269891667947226,1.8945304820059297,0.0,-0.1695975135107168,1.8662394014360388,0.0,0.5989556806708528,-0.229021431756735,6
560897,-0.1607598662869653,0.1338683882105274,0.0,0.5,0.5,0.0,0.0,-0.0540890522040309,0.69823228777992,0.0,-0.8521289889920516,0.0,0.0,0.4641630654510255,0.0,0.0,-1.1004134292804029,0.2544790248706056,0
560915,-0.4575417544222087,-1.0378395182527564,-1.0,-0.5,-0.5,3.0,4.0,-1.208327224409779,0.69823228777992,0.0,0.3100019998680502,0.0,0.0,0.4641630654510255,0.0,0.0,-0.9545291146471088,-1.2356456092612689,0
560929,0.0725030142730446,0.1661047583479931,-0.5,-0.5,0.0,0.0,0.0,-0.4145631035827674,0.1350614931535953,-1.577882931182386,-0.3378778341536493,0.0,0.0,-0.5358369345489745,0.0,1.8170594925112875,-0.909628960909515,-0.5513161864534691,2
560948,-0.4329860966082192,-1.4963388252848984,-1.5,-1.0,-1.0,0.0,0.0,-5.01837906474446,-0.658683161076804,-3.801784016923932,-1.7312471447788258,-5.8849491923617165,0.0,-1.945257774202184,0.0,0.0,,,1
560949,0.5503530237865032,-0.1241858541912811,-0.5,-0.5,0.0,0.0,0.0,-0.4891780548923324,0.69823228777992,1.223901085741545,0.8242531547064528,5.8849491923617165,0.0,-0.5358369345489745,0.0,1.8170594925112875,0.7764922225613372,0.2104801494704465,6
560978,1.4113670873260926,0.3939512500814855,-0.5,-0.5,0.0,1.5,0.0,-0.1069187876520562,0.1350614931535953,0.0,1.6158676927261533,0.0,0.0,-0.5358369345489745,0.0,1.8170594925112875,0.9209298658938212,0.4926206152799864,2
560991,1.0229581806753738,0.5472599549180527,0.5,1.0,1.0,0.0,0.0,0.2983480087729462,0.1350614931535953,0.0,0.9061073225814968,0.0,0.0,0.4641630654510255,0.0,0.0,0.7229241260082605,0.1770383527545762,5
561013,0.5143578267265202,0.0,0.0,0.0,0.0,1.0,1.3333333333333333,0.138573775294697,-0.0955123664504794,-1.0,1.8621156500681413,0.0,0.0,-0.9452577742021836,1.8662394014360388,1.2892242269941023,1.1548084615226388,-0.4511582335347819,2
561031,-1.7881629560200667,2.1376075639802554,1.0,2.0,2.0,0.4999999999999998,0.6666666666666664,0.6837734550490422,0.341316838923196,0.0,0.4308838440812761,0.0,0.3364722366212129,0.7954669210998687,0.0,0.0,0.7943766009768906,0.681569253239172,5
561033,-0.2699925218508799,0.1175719885109969,0.5,1.0,1.0,0.0,1.0,0.5135027238756537,0.4368292053736752,0.6460181545591593,-0.4482343117054982,1.0,0.0,0.4641630654510255,0.0,0.0,0.2188895134658131,0.205933734120332,5
561037,-0.4221232051705569,-1.0656153830619794,-0.5,-0.5,0.0,0.0,0.0,-0.2123810522025144,0.1350614931535953,-1.577882931182386,1.3100019998680503,0.0,0.0,-0.5358369345489745,0.0,1.8170594925112875,0.5843348714680758,-0.9060503886219629,2
561044,-0.4329860966082192,-1.4963388252848984,-1.5,-1.0,-1.0,0.0,0.0,-5.01837906474446,-0.658683161076804,-3.801784016923932,-1.7312471447788258,-5.8849491923617165,0.0,-1.945257774202184,0.0,0.0,,,1
561054,0.9610903910754603,0.7031942868616717,0.5,0.5,1.0,0.0,2.0,-0.2095770615800434,0.4368292053736752,0.6460181545591593,0.2449467451820483,1.0,0.0,0.0,0.0,1.0,-0.2756348596101608,0.5422032012263662,5
561156,-0.8465119115795414,-0.9039711300422292,-1.5,-1.0,-1.0,0.0,0.0,-5.01837906474446,-0.658683161076804,-3.801784016923932,-1.7312471447788258,-5.8849491923617165,0.0,-1.945257774202184,0.0,0.0,,,1
561201,0.5878150982657808,0.2135937313624968,0.0,0.0,0.0,1.0,0.0,-0.3693820574906892,0.69823228777992,0.8454879529219202,0.0269891667947226,0.0,0.0,-0.9452577742021836,1.8662394014360388,1.2892242269941023,-0.4243399459403786,0.1070402126299271,0
561243,-1.219734138124874,-0.5231327642549591,0.5,1.0,0.5,0.0,2.0,0.3744676468168953,0.1350614931535953,0.0,0.3918561677430946,0.0,0.0,0.0,1.4475677406305645,0.0,0.1259112684823362,0.7405890845324055,5
561288,0.8570369136857756,0.1175719885109969,-1.5,-1.0,-1.0,0.0,0.0,-5.01837906474446,-0.658683161076804,-3.801784016923932,-1.7312471447788258,-5.8849491923617165,0.0,-1.945257774202184,0.0,0.0,,,1
561326,0.3564066496078519,0.084613882090961,-0.5,-0.5,0.0,1.5,2.0,-0.2438569783417058,0.1350614931535953,-1.577882931182386,0.7367495369393785,0.0,0.0,-0.5358369345489745,0.0,1.8170594925112875,0.0783550064323044,-1.643002821181775,2
561331,-0.5313019822526647,-1.0378395182527564,-0.5,0.0,0.0,0.0,2.0,-0.5667600324637047,-0.658683161076804,0.0,0.7367495369393785,0.0,0.0,0.4641630654510255,0.0,0.0,-0.1448105632705881,-0.2303876652907503,0
561333,0.9515977056591004,0.2291991117677428,-1.5,-1.0,-1.0,0.0,0.0,-5.01837906474446,-0.658683161076804,-3.801784016923932,-1.7312471447788258,-5.8849491923617165,0.0,-1.945257774202184,0.0,0.0,,,1
561339,-0.8136366748123411,-1.1222377710152045,-0.5,0.0,0.0,0.0,0.0,0.0446373380179204,1.1350614931535954,0.0,-0.5691161559187239,0.0,0.0,0.4641630654510255,0.0,0.0,-0.616102195601344,0.0919314075265411,0
561353,-1.7269128445226944,-0.8273801410529529,0.5,1.0,0.5,0.0,0.0,0.0342218975569808,-0.658683161076804,0.0,-0.0833673107571263,0.0,0.0,0.0,1.4475677406305645,0.0,-0.1299817952337405,0.0039362592225602,0
561367,-0.1837582445505929,-0.8024290039733696,-0.5,0.0,-0.5,0.0,0.0,-1.6266241527337997,0.1350614931535953,0.0,0.0269891667947226,0.0,0.0,-0.5358369345489745,2.6303167041658844,0.0,-1.4653897431627216,-0.1590429394264175,0
561386,-1.514379446148451,-0.2173706571356206,0.5,1.0,0.5,0.0,1.0,0.185396843213915,0.4368292053736752,0.0,0.3100019998680502,0.0,0.0,0.0,1.4475677406305645,0.0,0.2897018102324713,0.075480220159309,5
561503,0.044966381854183,-0.1796235475848035,0.5,0.5,0.5,0.75,0.0,-0.2826382628560088,-0.2218539557031286,-0.7323949782604657,0.60981374613042,1.3087681003312956,0.0,-0.5358369345489745,1.4475677406305645,1.0,0.0751017805094012,0.2263183141832649,2
561519,-1.619829188219615,-2.2123093414449237,-0.5,-1.0,0.0,0.0,0.0,-0.2123810522025144,-0.658683161076804,-3.801784016923932,1.744958623227351,4.751242696512155,0.0,-1.945257774202184,0.0,3.10628371950539,1.651326530809034,-5.846818380501243,3
561642,0.2192831407064626,-0.0347747680912913,0.5,0.5,1.0,0.75,1.0,0.8937521594202492,0.1350614931535953,-0.7323949782604657,0.6427584400467276,0.0,0.0,0.0,0.0,1.0,0.9595681111236388,0.1204653871433652,5
561652,-0.0555069303784932,0.5472599549180527,0.0,0.5,0.0,0.0,0.0,-0.4362621157095684,-0.0955123664504794,0.8454879529219202,-0.3378778341536493,1.8945304820059297,0.0,-0.1695975135107168,1.8662394014360388,0.0,-0.4968787552170201,0.3638090854125999,6
561653,1.0229581806753738,0.4509389841865806,0.5,0.5,1.0,0.75,0.0,0.5051541929722428,-0.658683161076804,-0.7323949782604657,0.0269891667947226,0.0,0.0,0.0,0.0,1.0,-0.1239206754633441,-0.3421944656140503,2
561665,0.786122631754474,0.2753642525262495,-1.0,-0.5,-0.5,0.0,0.0,-1.0276658089132589,-0.658683161076804,2.2239010857415447,-1.7312471447788258,3.4424745961808574,0.0,0.4641630654510255,0.0,0.0,-5.009979129451652,0.3402034281907358,6
561687,-0.6076479346569527,0.6135758138503429,0.0,0.0,0.5,1.0,0.0,0.0384035359383385,-0.658683161076804,-1.0,0.852128988992052,0.0,0.0,-0.1695975135107168,0.0,1.2892242269941023,0.6250534354625855,-0.2097636813885902,2
561699,0.0113487748014657,-0.8024290039733696,-1.0,-0.5,-0.5,0.0,0.0,-0.1527511459868734,-0.658683161076804,0.0,0.0269891667947226,0.0,0.0,0.4641630654510255,0.0,0.0,-0.245649032542564,-0.7775170546854232,0
561707,0.5669778928791185,-0.1425108733599631,-0.5,0.0,-1.0,0.0,0.0,-5.01837906474446,0.69823228777992,0.0,-1.7312471447788258,-5.8849491923617165,0.0,-1.945257774202184,4.496556105601924,0.0,-5.009979129451652,0.3293505004865505,4
561710,0.7601633085142522,0.963277148732632,0.0,0.5,0.0,0.0,0.0,-0.0849048050881716,0.69823228777992,0.0,0.0269891667947226,0.0,0.0,-0.1695975135107168,1.8662394014360388,0.0,-0.1897059108904012,0.2927774654656107,5
561798,0.1939463741786511,0.3502240363019069,0.0,0.5,0.5,0.0,0.0,-0.2123810522025144,-0.658683161076804,0.0,0.1285072852083251,0.0,0.0,0.4641630654510255,0.0,0.0,-0.2406322522021921,0.4322987894226579,5
561837,-1.050798738526589,-1.0656153830619794,-0.5,-0.5,0.0,0.0,0.0,-0.4970162361072746,-0.658683161076804,-1.577882931182386,0.3100019998680502,0.0,0.0,-0.5358369345489745,0.0,1.8170594925112875,-0.3304723596700958,-0.2308592881473623,2
561846,1.2110463740872206,1.6068713429722938,0.5,1.0,1.0,0.6000000000000001,1.6,-0.2012206452762132,0.2614030824062447,0.5227586988632229,-0.2042491549703521,1.3087681003312956,0.4054651081081644,0.0,1.4475677406305645,1.0,-0.1192295100672781,0.1461902801362574,5
561864,-0.2646986961331083,-0.5672972791819948,0.0,0.0,0.5,0.0,0.0,0.5194157194010229,-0.0955123664504794,-1.0,0.4687463394429643,0.0,0.0,-0.1695975135107168,0.0,1.2892242269941023,0.625258306992089,-0.1635540816639174,2
561896,0.7027033125973496,0.0171841500464987,-1.0,-0.5,-0.5,0.0,4.0,-0.3626412343037853,0.69823228777992,0.0,0.0269891667947226,0.0,0.0,0.4641630654510255,0.0,0.0,-0.491731087279225,-0.2849629917314397,0
561908,0.4234363861645041,2.9641685055666205,0.0,1.5,1.5,1.2000000000000002,1.6,0.9117492708076484,0.4919769420103195,0.5227586988632229,0.3100019998680502,0.8092012510390698,0.8472978603872036,1.4641630654510254,0.0,0.0,0.6975556639901219,0.1902777185922262,5
561945,1.1116801934606746,0.5740257630792477,-1.0,-0.5,-0.5,3.0,0.0,-1.10502270343148,0.69823228777992,0.0,-0.8521289889920516,0.0,0.0,0.4641630654510255,0.0,0.0,-1.789615668418045,-0.6081885776614381,0
561950,-2.604327855050644,2.202178016648198,2.0,3.0,3.0,0.375,0.5,1.0855954814604978,0.2917543134616932,0.3325148319402958,0.2449467451820483,0.5147143769778465,0.251314428280906,0.7039863915935174,0.0,0.0,0.8591490266366626,0.6250500576931863,5
561992,-1.1494950849147865,-0.658368006199544,-0.5,0.0,0.0,0.0,0.0,-0.2208494491569787,0.1350614931535953,0.0,0.3100019998680502,0.0,0.0,0.4641630654510255,0.0,0.0,-0.0967023058866471,-0.2493866628862149,0
561994,1.1061049023581335,0.5872879779418604,0.0,0.5,0.5,1.0,0.0,0.0404865985677702,-0.658683161076804,0.0,-0.3378778341536493,0.0,0.0,0.4641630654510255,0.0,0.0,-0.3280379943145221,0.1509600723512592,5
562010,-0.2349947941184108,0.0342356026297282,1.0,1.5,0.5,0.0,0.0,-0.2012206452762132,0.2614030824062447,0.0,-0.8521289889920516,0.0,0.0,-0.311497195240441,2.18274896353532,0.0,-1.0458625175770475,0.7204720594027495,5
562032,0.544776638629751,-0.1060116599355281,-0.5,-1.0,0.0,0.0,4.0,-0.0109857932266889,-0.658683161076804,-3.801784016923932,0.9829974942813668,1.8945304820059297,0.0,-1.945257774202184,0.0,3.10628371950539,0.7278883137226053,-5.846818380501243,3
562042,-0.1471024418783731,-0.1984164451611818,-0.5,0.0,0.0,1.5,0.0,0.125509972457016,0.1350614931535953,0.0,-1.2169959899404237,0.0,0.0,0.4641630654510255,0.0,0.0,-0.9021731074957164,-0.0188446928918928,0
562108,0.3123954047562008,0.1500453992945883,1.0,1.5,1.5,0.0,0.0,0.2146626509062495,-0.30176771222008,0.5227586988632229,0.3100019998680502,0.8092012510390698,0.0,0.4641630654510255,0.0,0.0,0.6319853312844906,0.3296073123680276,5
562148,0.2102034873504153,0.3648961975046188,0.5,1.0,1.0,1.5,0.0,0.2061600721540697,0.1350614931535953,1.7466597846047676,-0.2363597157400465,2.703731733044999,0.0,0.4641630654510255,0.0,0.0,0.2905819652451551,0.0380134207874095,6
562161,1.7590245704067542,1.2059435090930102,-0.5,0.0,0.0,0.0,2.0,0.195842411752537,0.1350614931535953,2.2239010857415447,-0.5691161559187239,3.4424745961808574,0.0,0.4641630654510255,0.0,0.0,-0.0246802201847943,0.6195321993933854,6
562192,1.601715574829942,1.0720751208824848,0.0,0.5,0.0,0.0,0.0,-0.2918470802486814,0.9999999999999998,0.0,-0.8521289889920516,0.0,0.0,-0.1695975135107168,1.8662394014360388,0.0,-1.1204404585676184,-0.0706949467455922,0
562209,0.2309843976132686,-0.0347747680912913,-0.5,0.0,0.0,0.0,4.0,0.6500735327869331,0.1350614931535953,1.223901085741545,-0.8521289889920516,1.8945304820059297,0.0,0.4641630654510255,0.0,0.0,-0.4289155462276747,0.303384285707405,6
562238,0.8089597077557817,0.1820481643393343,-1.0,-0.5,-0.5,0.0,0.0,-0.8485618770477372,0.69823228777992,0.0,-1.7312471447788258,0.0,0.0,0.4641630654510255,0.0,0.0,-5.009979129451652,-0.8322700263050694,0
562275,-0.6367381116681852,2.0025102625740003,1.0,2.0,2.0,1.0,1.3333333333333333,0.6866773007874275,0.5278974945717202,0.0,-0.0269891667947223,0.0,0.3364722366212129,0.7954669210998687,0.0,0.0,0.4345897355588241,0.3898551203664361,5
562283,1.1495437385660767,0.3939512500814855,-1.0,-1.0,-0.5,0.0,4.0,-1.1131638141497602,-0.658683161076804,-3.801784016923932,0.3100019998680502,0.0,0.0,-1.945257774202184,0.0,3.10628371950539,-0.9130104301844711,-5.846818380501243,3
562315,0.5109455735858626,0.0511563914573724,-0.5,0.0,0.0,1.5,0.0,0.0909566770942003,-0.658683161076804,0.0,-0.8521289889920516,0.0,0.0,0.4641630654510255,0.0,0.0,-0.8054251318060702,-0.487466923688708,0
562334,0.0405206293116058,0.8133188749341947,0.5,0.5,1.0,0.0,0.0,-0.0379512433783162,0.1350614931535953,0.0,0.1038793384945924,1.0,0.0,0.0,0.0,1.0,0.1705720377123993,0.2918194180078032,5
562338,-0.1298707883550653,-0.160989241751724,0.0,-0.5,0.5,1.0,0.0,0.7436502465521319,-0.0955123664504794,-2.223901085741545,0.95788183388975,1.3087681003312956,0.0,-0.9452577742021836,0.0,2.2892242269941026,1.2782789199050313,-1.149000373080889,2
562362,0.3749397973918489,-0.2752294817283874,-0.5,0.0,0.0,0.0,0.0,-0.3394641784491781,0.1350614931535953,0.0,-0.8521289889920516,0.0,0.0,0.4641630654510255,0.0,0.0,-1.0300774007451097,-0.146804340282549,0
562398,0.7944610377436472,0.5201657237419183,0.5,0.5,1.0,0.75,1.0,0.5158729037914334,-0.2218539557031286,-0.7323949782604657,0.5412403216331251,1.0,0.0,0.0,0.0,1.0,0.8996650525838558,0.2164906251542435,5
562416,-0.2524074552902091,-0.3346452313910828,0.0,0.0,0.5,2.0,0.0,0.0236760977630713,-0.0955123664504794,-1.0,0.222498382100976,1.3087681003312956,0.0,-0.1695975135107168,0.0,1.2892242269941023,0.340210845743392,-0.2306470255922907,2
562417,-0.899691848879138,-0.4798342762580817,0.0,0.5,0.5,0.0,1.3333333333333333,0.2750488725929357,-0.0955123664504794,0.0,0.3918561677430946,0.0,0.0,0.4641630654510255,0.0,0.0,0.4297049406074529,-0.0896721649158899,5
562428,-0.3020911764738057,-0.4584993070321419,0.0,0.5,0.5,1.0,0.0,0.5829525521786225,-0.0955123664504794,1.577882931182386,0.222498382100976,2.4424745961808583,0.0,0.4641630654510255,0.0,0.0,0.8344463378220631,0.4522114795490647,6
562490,0.7412634006477141,0.2905406156119291,0.0,0.5,-0.5,0.0,1.3333333333333333,-1.2554120094935366,0.69823228777992,0.8454879529219202,-0.8521289889920516,0.0,0.0,-0.9452577742021836,3.313807142066604,0.0,-2.024657013831425,0.9054520541513176,0
562516,-1.4813044267548872,-2.8010659939582934,-1.5,-1.0,-1.0,0.0,0.0,-5.01837906474446,-0.658683161076804,-3.801784016923932,-1.7312471447788258,-5.8849491923617165,0.0,-1.945257774202184,0.0,0.0,,,1
562529,1.7248681867039477,1.018346140816755,0.5,1.0,1.0,0.75,1.0,0.8244755270429948,0.4368292053736752,0.0,-0.5691161559187239,0.0,0.0,0.4641630654510255,0.0,0.0,-0.0144375412014829,0.4001775584978852,5
562576,-0.0344880198186815,-0.8781444948462946,0.0,-0.5,0.0,0.0,1.3333333333333333,0.1587019472863331,-0.0955123664504794,-1.0,0.5412403216331251,0.0,0.0,-1.945257774202184,1.8662394014360388,2.2892242269941026,0.1293540724246984,0.0340371628651805,2
562585,0.0322345910367078,-0.3346452313910828,-1.0,-0.5,-0.5,3.0,4.0,-0.4623047574617973,-0.658683161076804,0.0,-0.8521289889920516,0.0,0.0,0.4641630654510255,0.0,0.0,-1.2961153114272936,-0.309786957546188,0
562587,0.2964090032758492,-0.8273801410529529,-1.0,-1.0,-0.5,0.0,0.0,-1.0276658089132589,-0.658683161076804,-3.801784016923932,1.189120155654825,0.0,0.0,-1.945257774202184,0.0,3.10628371950539,-0.2078566976796786,-5.846818380501243,3
562612,-0.0617828281220622,1.0614334032407846,0.5,0.5,1.5,1.2000000000000002,0.8,0.1748201553303297,0.0,-1.2239010857415449,0.2582274885597975,0.8092012510390698,0.4054651081081644,0.0,0.0,1.8170594925112875,0.2233656016993092,0.063521296071335,2
562641,0.8470539769624768,0.084613882090961,-1.0,-0.5,-0.5,0.0,4.0,-0.3934088944951812,-0.658683161076804,0.0,-0.3378778341536493,0.0,0.0,0.4641630654510255,0.0,0.0,-0.8791978664247129,-0.0500005557682094,0
562648,1.571896159354608,0.8722064217150826,0.0,0.5,0.5,1.0,0.0,-0.0946178625527365,0.341316838923196,0.8454879529219202,0.3100019998680502,1.3087681003312956,0.0,0.4641630654510255,0.0,0.0,0.1030629604885665,0.0101202633335332,5
562708,-0.9508055120417732,0.3939512500814855,1.0,1.5,1.5,0.6000000000000001,0.8,0.7798871201494759,0.2614030824062447,0.0,-0.5193725488133742,0.0,0.0,0.4641630654510255,0.0,0.0,0.1938552891165963,-0.0190562813977232,5
562814,-0.4617554627175348,-1.2400338123026975,-1.0,-1.0,-0.5,3.0,0.0,-1.4386037524305282,-0.658683161076804,-3.801784016923932,1.4203584774198996,3.4424745961808574,0.0,-1.945257774202184,0.0,3.10628371950539,0.0696455869534188,-5.846818380501243,3
562832,-0.5185519116073422,0.4226289536358835,1.0,1.0,0.5,1.2000000000000002,0.0,0.851126155624571,-0.30176771222008,0.5227586988632229,0.1285072852083251,2.4424745961808583,0.0,-0.7756602606914664,2.18274896353532,0.8170594925112873,0.974488080049043,0.7585803828145764,5
562843,0.6105647972166517,0.3502240363019069,0.5,1.0,0.5,0.0,0.0,0.6265365916418073,0.4368292053736752,0.6460181545591593,-0.0833673107571263,1.3087681003312956,0.0,0.0,1.4475677406305645,0.0,0.522525448399802,0.3352619935508045,5
562869,-0.4005947329336307,-0.1241858541912811,0.5,1.0,1.0,0.75,2.0,0.3387286848344499,0.4368292053736752,1.223901085741545,-0.4482343117054982,1.8945304820059297,0.0,0.4641630654510255,0.0,0.0,-0.304153163737488,0.7415326109786138,6
562886,-0.5806045885107809,-0.3346452313910828,0.5,1.0,1.0,0.0,0.0,0.5685463603778238,0.69823228777992,0.0,-0.8521289889920516,0.0,0.0,0.4641630654510255,0.0,0.0,-0.4907778219217159,0.2115059058768535,5
562888,0.7287905950126164,-0.1241858541912811,-1.5,-1.0,-1.0,0.0,0.0,-5.01837906474446,-0.658683161076804,-3.801784016923932,-1.7312471447788258,-5.8849491923617165,0.0,-1.945257774202184,0.0,0.0,,,1
562894,0.527941657480414,0.1338683882105274,-0.5,0.0,-0.5,0.0,0.0,-1.540862216906429,0.1350614931535953,0.0,-0.8521289889920516,0.0,0.0,-0.5358369345489745,2.6303167041658844,0.0,-2.148274966085094,0.1469403973484463,0
563012,0.0544556860664169,-0.6123631726854253,-1.0,-1.0,-0.5,0.0,4.0,-0.8366940976961261,-0.658683161076804,-3.801784016923932,1.189120155654825,3.4424745961808574,0.0,-1.945257774202184,0.0,3.10628371950539,0.3577241862956851,-5.846818380501243,3
563021,-0.3712875307231419,-1.0104087041727063,-1.0,-0.5,-0.5,0.0,0.0,0.036315310818796,-0.658683161076804,0.0,-0.8521289889920516,0.0,0.0,0.4641630654510255,0.0,0.0,-0.8503903849462744,-0.5450714563589973,0
563052,0.096027559690099,-0.658368006199544,-1.0,-1.0,-0.5,3.0,0.0,-1.3366892758771278,-0.658683161076804,-3.801784016923932,0.3100019998680502,0.0,0.0,-1.945257774202184,0.0,3.10628371950539,-1.0256325926622294,-5.846818380501243,3
563059,1.006884974023413,2.2211866172761154,1.0,2.0,1.5,2.0,0.6666666666666664,0.9696359280423192,0.341316838923196,0.4390194395059628,0.2582274885597975,0.8092012510390698,0.3364722366212129,0.4641630654510255,1.18274896353532,0.0,1.0172864944999034,1.080606964667347,5
563100,0.1615729023338499,-0.6352457830218333,-0.5,0.0,0.0,0.0,2.0,0.1871467886081523,0.1350614931535953,1.223901085741545,0.1763733206847534,1.8945304820059297,0.0,0.4641630654510255,0.0,0.0,0.6607937188527294,-0.500067104182176,6
563148,0.0301037242983207,0.6652308508706292,0.5,1.5,1.0,0.6000000000000001,0.8,0.4595972385962305,0.0,0.0,-0.0833673107571263,0.0,0.4054651081081644,0.4641630654510255,1.4475677406305645,0.0,0.3454439851988991,0.8170452536075211,5
563162,0.0,0.1011544248762458,0.0,0.5,0.5,0.0,1.3333333333333333,-0.5250387180961157,-0.658683161076804,0.0,-0.3378778341536493,0.0,0.0,0.4641630654510255,0.0,0.0,-0.8347391642327556,0.4414798262606074,0
563165,-0.4414811865953235,-0.5672972791819948,-0.5,0.0,0.0,3.0,0.0,-0.006574273178458,0.1350614931535953,0.0,0.4308838440812761,0.0,0.0,0.4641630654510255,0.0,0.0,0.1772487195301564,-0.72261817276301,0
563201,-0.2594206024614632,-0.160989241751724,0.0,0.5,0.0,0.0,0.0,-0.4145631035827674,-0.658683161076804,1.577882931182386,0.9829974942813668,3.4424745961808574,0.0,-0.1695975135107168,1.8662394014360388,0.0,0.2932322797439377,0.9523521583933844,6
563221,0.4808053581743971,0.5064929114075749,0.5,1.0,1.0,0.0,1.0,0.74093656174449,-0.2218539557031286,0.6460181545591593,-0.3378778341536493,1.0,0.0,0.4641630654510255,0.0,0.0,0.5054846586322076,0.7772858837603507,5
563253,2.1301324086660096,1.6725461358130267,0.0,0.0,0.5,1.0,1.3333333333333333,0.2010170343893152,0.341316838923196,-1.0,-0.0833673107571263,1.3087681003312956,0.0,-0.1695975135107168,0.0,1.2892242269941023,0.2820658384446038,-0.5374517676690044,2
563254,-1.5824367078789177,-0.5013773948113078,-0.5,0.0,0.0,0.0,0.0,-0.5928218544757642,0.1350614931535953,0.0,0.8242531547064528,0.0,0.0,0.4641630654510255,0.0,0.0,-0.0583276949107709,-0.2488324142578787,0
563266,1.2704903631269808,0.7772174909202333,-0.5,0.0,0.0,1.5,0.0,0.5310373048905812,-0.658683161076804,0.0,-0.8521289889920516,0.0,0.0,0.4641630654510255,0.0,0.0,-0.3003600989376054,-0.2265184282438223,0
563315,0.8147261972804595,0.0679485038398385,0.0,0.0,0.5,0.0,1.3333333333333333,0.2734724485513264,0.341316838923196,-1.0,0.3100019998680502,0.0,0.0,-0.1695975135107168,0.0,1.2892242269941023,0.3117637396351209,-0.2740627142361274,2
563335,-0.2031030480554781,-0.9565486648353788,-1.0,-0.5,-0.5,0.0,0.0,-0.9433356464201366,1.491976942010319,0.0,-0.8521289889920516,0.0,0.0,0.4641630654510255,0.0,0.0,-1.6565608064410264,-0.5617861874362512,0
563340,-0.2699925218508799,-0.9301034129840848,-0.5,0.0,-0.5,1.5,0.0,-1.6418065167211409,0.1350614931535953,0.0,-1.7312471447788258,0.0,0.0,-0.5358369345489745,2.6303167041658844,0.0,-5.009979129451652,0.020196548553064,0
563342,0.3608368769321081,-0.3548111444861987,-1.0,-0.5,-0.5,0.0,0.0,-0.6151732553526584,-0.658683161076804,2.2239010857415447,-0.3378778341536493,3.4424745961808574,0.0,0.4641630654510255,0.0,0.0,-0.4280728630939057,-0.4457396322113972,6
563343,-0.0152453915759639,-0.5231327642549591,-0.5,-0.5,0.0,0.0,2.0,0.0731337196642206,0.1350614931535953,-1.577882931182386,0.0269891667947226,0.0,0.0,-0.5358369345489745,0.0,1.8170594925112875,-0.2525887503859631,-1.0422605558556437,2
563375,0.2639979357320658,-0.1241858541912811,0.0,0.0,0.0,1.0,2.6666666666666665,-0.5291191057528215,-0.0955123664504794,0.8454879529219202,0.9061073225814968,1.8945304820059297,0.0,-0.9452577742021836,1.8662394014360388,1.2892242269941023,0.385496770062162,0.4807001574025246,5
563410,0.6372732285417454,0.084613882090961,-0.5,0.0,0.0,0.0,0.0,0.1605081610636437,-0.658683161076804,0.0,-0.3378778341536493,0.0,0.0,0.4641630654510255,0.0,0.0,-0.2683131674796971,-0.3795665555215261,0
563425,1.202389603675061,0.9520966076976962,-0.5,-0.5,0.0,0.0,2.0,0.0384035359383385,-0.658683161076804,-1.577882931182386,0.5412403216331251,0.0,0.0,-0.5358369345489745,0.0,1.8170594925112875,0.2046092237074235,-0.4868139118473594,2
563482,-0.6251373048241939,-0.5231327642549591,-0.5,0.0,0.0,0.0,2.0,0.1605081610636437,-0.658683161076804,0.0,-0.1423686188473956,0.0,0.0,0.4641630654510255,0.0,0.0,-0.0752214506274907,0.2335881135133686,0
563483,0.6833261312070311,0.6395543739241726,1.0,1.0,1.5,0.0,0.8,0.88621403167623,0.2614030824062447,-0.5778829311823854,0.0269891667947226,0.0,0.0,0.0979236444127681,0.0,0.8170594925112873,0.6838373159512271,-0.61367614453542,5
563489,-0.2349947941184108,0.0342356026297282,1.0,1.0,1.0,1.2000000000000002,0.8,0.2623541178980093,-0.30176771222008,0.0,0.1038793384945924,1.0,0.0,-0.311497195240441,1.18274896353532,0.8170594925112873,-0.0350870928241018,0.47808432838484,5
563507,0.7944610377436472,-0.0347747680912913,0.5,1.0,0.5,0.75,0.0,0.2129689852014099,0.4368292053736752,0.6460181545591593,-0.6566197736857983,0.0,0.0,0.0,1.4475677406305645,0.0,-0.2772891852083016,0.7507654021575734,5
563544,0.3047398876733038,0.1338683882105274,0.0,0.5,0.5,0.0,1.3333333333333333,0.3716636561944244,0.69823228777992,0.0,0.222498382100976,0.0,0.0,0.4641630654510255,0.0,0.0,0.2722179061601563,0.0916728686144458,5
563588,0.1103508406522334,0.3794715120532125,-0.5,0.0,-0.5,1.5,2.0,-1.172466561205996,0.1350614931535953,0.0,1.703371310493227,0.0,0.0,-0.5358369345489745,2.6303167041658844,0.0,-0.057504682723275,-0.123215817071677,0
563592,0.3439428987154379,0.1175719885109969,0.0,0.0,0.5,1.0,0.0,0.0929139332691932,-0.658683161076804,0.8454879529219202,0.3918561677430946,3.4424745961808574,0.0,-0.1695975135107168,0.0,1.2892242269941023,0.4812049386311237,0.6701132832730899,6
563598,0.3898024549477128,-0.1060116599355281,-0.5,-0.5,0.0,3.0,2.0,0.3253784758205194,-0.658683161076804,-1.577882931182386,0.0269891667947226,0.0,0.0,-0.5358369345489745,0.0,1.8170594925112875,0.3378646890533501,-2.236979114318084,2
563679,0.012605285086206,-0.7053517390478198,-1.5,-1.0,-1.0,0.0,0.0,-5.01837906474446,-0.658683161076804,-3.801784016923932,-1.7312471447788258,-5.8849491923617165,0.0,-1.945257774202184,0.0,0.0,,,1
563691,-0.3793240929122098,-1.151102915861414,-1.0,-1.0,-0.5,0.0,0.0,-1.0889727247412972,-0.658683161076804,-3.801784016923932,0.5412403216331251,0.0,0.0,-1.945257774202184,0.0,3.10628371950539,-0.6656964159530562,-5.846818380501243,3
563711,-0.2832965332221107,2.1441502417649696,0.5,1.0,1.5,1.2000000000000002,0.8,-0.0132002449729417,0.0,-1.2239010857415449,-0.0380660878912795,1.5479441141749286,0.4054651081081644,0.4641630654510255,0.0,1.0,-0.0034608187109319,0.1354883005573233,5
563731,-1.2928657410484024,-0.1796235475848035,1.0,1.0,1.0,1.2000000000000002,0.8,0.6348700674051698,-0.30176771222008,0.0,0.7367495369393785,1.0,0.0,-0.311497195240441,1.18274896353532,0.8170594925112873,0.9410944183332852,0.5846297700139758,5
563735,-1.9285947588625845,0.0679485038398385,1.0,1.5,0.5,0.6000000000000001,0.8,0.4154448493136884,0.2614030824062447,1.0,0.60981374613042,2.4424745961808583,0.0,-0.311497195240441,2.18274896353532,0.0,0.6691021482488675,1.0861073856187622,6
563736,-1.3609537012814048,-0.7533569369943934,0.0,0.0,0.5,0.0,1.3333333333333333,0.5774704352184807,-0.0955123664504794,0.8454879529219202,0.3918561677430946,2.4424745961808583,0.0,-0.1695975135107168,0.0,1.2892242269941023,0.876359715765117,0.8085096589435241,6
563740,0.2854554722298665,0.9854698193237402,0.0,0.0,0.5,1.0,0.0,0.5321988208712966,-0.0955123664504794,-1.0,-0.2042491549703521,0.0,0.0,-0.1695975135107168,0.0,1.2892242269941023,-0.2024289777019014,-0.1571369613105891,2
563773,0.1775390776965543,0.1500453992945883,0.0,0.0,0.5,0.0,1.3333333333333333,0.5927313668225012,-0.0955123664504794,-1.0,0.6748690008164222,0.0,0.0,-0.1695975135107168,0.0,1.2892242269941023,0.8118112670263345,-0.6992428585436326,2
563787,1.6545192990908444,0.9182112552292012,0.5,0.5,0.5,0.75,0.0,-0.1739497081948526,-0.658683161076804,-0.7323949782604657,-0.0833673107571263,0.0,0.0,-0.5358369345489745,1.4475677406305645,1.0,-0.294053220543037,-0.1398222635732132,5
563831,0.7944610377436472,1.46046847188864,-1.0,0.0,-0.5,1.5,2.0,-5.01837906474446,0.69823228777992,2.2239010857415447,-1.7312471447788258,-5.8849491923617165,1.0986122886681096,0.4641630654510255,4.496556105601924,0.0,-5.009979129451652,1.083623071418565,4
563853,1.05152840338768,1.995533472767274,0.0,1.0,0.5,0.75,1.0,0.0870284722896642,0.4368292053736752,0.0,-0.4872619880436798,0.0,0.5108256237659907,0.4641630654510255,1.8662394014360388,0.0,-0.4896826731260588,0.272337442877816,5
563882,1.7691446958699455,1.0507401516565449,0.0,0.5,0.5,0.0,0.0,0.4020059933952999,-0.0955123664504794,1.577882931182386,0.222498382100976,2.4424745961808583,0.0,0.4641630654510255,0.0,0.0,0.6918106041874819,0.9033984133104472,6
563896,-0.2280772499757377,0.963277148732632,-0.5,0.5,0.5,1.0,1.3333333333333333,0.7624051983662441,1.2614030824062443,0.0,0.3100019998680502,0.0,0.6931471805599453,1.2398233261424922,0.0,0.0,0.8280542199381129,-0.6077848511689521,5
563956,-0.6076479346569527,-0.2752294817283874,-0.5,0.0,0.0,0.0,0.0,-0.0494466250085745,0.1350614931535953,1.223901085741545,-0.3378778341536493,1.8945304820059297,0.0,0.4641630654510255,0.0,0.0,-0.0116244177814396,-0.4019856597268294,6
563974,0.4962469196510954,-0.3548111444861987,-1.0,-1.0,-0.5,0.0,0.0,-0.8852023629859997,-0.658683161076804,-3.801784016923932,0.7367495369393785,0.0,0.0,-1.945257774202184,0.0,3.10628371950539,-0.3706314815779349,-5.846818380501243,3
563995,-1.1336178159554942,-1.3967060397040991,-0.5,0.0,0.0,0.0,2.0,-0.1956953900386035,0.69823228777992,2.2239010857415447,0.3100019998680502,3.4424745961808574,0.0,0.4641630654510255,0.0,0.0,0.424320357489481,0.8697065863768274,6
564052,-0.7372976391487329,-0.5451046085908845,0.0,0.5,0.5,0.0,0.0,0.4442768455473206,0.341316838923196,0.8454879529219202,-0.3378778341536493,1.3087681003312956,0.0,0.4641630654510255,0.0,0.0,0.1307765782843238,0.0858674731113219,6
564100,-0.5570800430937265,0.5606834135017086,1.5,1.5,1.5,1.5,0.0,0.6172179457009993,0.1350614931535953,0.0,0.0888697029176791,2.227521671566561,0.0,-0.1695975135107168,1.0,0.690813957738791,0.8557784362964594,0.9160403254155683,5
564101,1.327110472616439,1.4063885737233457,-1.0,0.0,-0.5,1.5,2.0,-5.01837906474446,-0.658683161076804,0.0,-1.7312471447788258,-5.8849491923617165,1.0986122886681096,0.4641630654510255,4.496556105601924,0.0,-5.009979129451652,1.0024875880246085,4
564112,1.7590245704067542,1.3695851861629027,0.0,0.5,0.5,1.0,0.0,0.3674400964516086,-0.0955123664504794,0.0,-0.2042491549703521,0.0,0.0,0.4641630654510255,0.0,0.0,0.0253516973212241,0.3777321790678762,5
564182,0.2091917657546151,0.1661047583479931,0.0,0.5,0.5,1.0,1.3333333333333333,0.1404236078806186,-0.0955123664504794,0.8454879529219202,-0.6566197736857983,1.3087681003312956,0.0,0.4641630654510255,0.0,0.0,-0.4532273594995343,0.2707930287012915,6
564204,-1.5458152617215477,-0.4164379946042029,1.0,1.5,1.0,0.0,0.0,0.1871467886081523,0.2614030824062447,1.0,-0.3378778341536493,1.8945304820059297,0.0,0.0979236444127681,1.18274896353532,0.0,0.3073067164756043,0.6204108506538328,6
564219,1.6342210528596066,1.3227012139659713,0.5,0.5,1.0,0.75,0.0,0.5894843554653652,0.1350614931535953,-0.7323949782604657,0.1038793384945924,0.0,0.0,0.0,0.0,1.0,0.2185949875246496,-0.2480378164753313,5
564234,0.2084687544629675,-0.0879858281037825,-0.5,0.0,-0.5,1.5,0.0,-1.0969594992736968,-0.658683161076804,0.0,0.0269891667947226,0.0,0.0,-0.5358369345489745,2.6303167041658844,0.0,-1.0256325926622294,-0.6384742582175439,0
564252,-0.4250134860580404,-0.2364889768829301,0.0,0.5,0.5,1.0,0.0,0.358928929090066,-0.0955123664504794,1.577882931182386,-0.6566197736857983,2.4424745961808583,0.0,0.4641630654510255,0.0,0.0,0.0544158275168921,0.2863314730114483,6
564258,-0.6205181157096885,-0.6123631726854253,0.0,-0.5,0.5,2.0,0.0,0.4194350623166895,-0.658683161076804,-1.0,1.0076254409950998,2.4424745961808583,0.0,-0.9452577742021836,0.0,2.2892242269941026,1.2507418145887697,-0.1255267681214934,2
564306,0.3313910640472022,0.1500453992945883,0.5,0.5,0.5,0.75,1.0,0.2671370923558518,0.1350614931535953,-0.7323949782604657,0.5412403216331251,0.0,0.0,-0.5358369345489745,1.4475677406305645,1.0,0.3334573942332111,-0.1985392249806769,2
564312,0.2931943830075027,0.084613882090961,0.5,0.5,1.0,0.75,0.0,0.5850591447931534,-0.2218539557031286,-0.7323949782604657,0.3718825359910068,0.0,0.0,0.0,0.0,1.0,0.4145048077503596,-0.0848185637757415,5
564364,-0.3316413038804305,-1.0656153830619794,-1.0,-0.5,-0.5,0.0,0.0,-0.7263932728181968,0.69823228777992,2.2239010857415447,1.3100019998680503,3.4424745961808574,0.0,0.4641630654510255,0.0,0.0,0.5951153698209278,-0.233386909332315,6
564369,0.0310362930849874,-0.9039711300422292,-1.5,-1.0,-1.0,0.0,0.0,-5.01837906474446,-0.658683161076804,-3.801784016923932,-1.7312471447788258,-5.8849491923617165,0.0,-1.945257774202184,0.0,0.0,,,1
564377,-0.6465416906353081,0.0679485038398385,0.0,0.0,0.0,2.0,0.0,-0.6197155758110998,-0.0955123664504794,-1.0,0.0269891667947226,0.0,0.0,-0.9452577742021836,1.8662394014360388,1.2892242269941023,-0.6309876549810879,0.0605931818753326,0
564430,-0.0815391743602634,0.7031942868616717,1.5,1.5,1.5,0.0,0.6666666666666664,0.5182364352274699,0.341316838923196,0.8454879529219202,0.2042491549703524,0.8092012510390698,0.0,-0.1695975135107168,1.0,0.690813957738791,0.4801451370188037,0.8209032615525034,5
564434,-0.4787109825491547,-1.4963388252848984,-1.5,-1.0,-1.0,0.0,0.0,-5.01837906474446,-0.658683161076804,-3.801784016923932,-1.7312471447788258,-5.8849491923617165,0.0,-1.945257774202184,0.0,0.0,,,1
564495,-1.356875451008663,1.767535066607876,0.5,1.0,1.5,1.2000000000000002,1.6,0.6087813455126837,0.0,-0.5778829311823854,-0.1066395123885741,0.8092012510390698,0.4054651081081644,0.4641630654510255,0.0,1.0,0.437415554334901,0.0824599332434231,5
564498,-0.0490580540583867,-0.983314472996574,-1.5,-1.0,-1.0,0.0,0.0,-5.01837906474446,-0.658683161076804,-3.801784016923932,-1.7312471447788258,-5.8849491923617165,0.0,-1.945257774202184,0.0,0.0,,,1
564517,0.7201373393404776,1.0074416636596677,0.5,1.0,1.0,0.75,0.0,0.6023232351758022,0.69823228777992,0.0,0.3100019998680502,0.0,0.0,0.4641630654510255,0.0,0.0,0.2682975063150886,0.236218250772131,5
564534,1.2196611551488246,0.728145423941257,0.0,0.5,0.5,0.0,1.3333333333333333,0.3430982628437193,-0.658683161076804,0.0,0.3918561677430946,0.0,0.0,0.4641630654510255,0.0,0.0,0.4761944879419879,0.2431271567167525,5
564588,0.6159387111906256,-0.3146618177495106,-0.5,-1.0,0.0,1.5,2.0,-0.3074223555998511,-0.658683161076804,-3.801784016923932,0.3100019998680502,0.0,0.0,-1.945257774202184,0.0,3.10628371950539,-0.2565230821639107,-5.846818380501243,3
564593,0.044966381854183,-0.4164379946042029,-0.5,-0.5,0.0,1.5,0.0,-0.6522165130024442,-0.658683161076804,-1.577882931182386,0.5412403216331251,0.0,0.0,-0.5358369345489745,0.0,1.8170594925112875,-0.2787965503379386,-0.3614933312691687,2
564596,-0.5779753101425147,-0.0523696989290143,0.5,1.0,1.0,0.0,0.0,0.6192406901010498,0.4368292053736752,1.223901085741545,0.1763733206847534,1.8945304820059297,0.0,0.4641630654510255,0.0,0.0,0.4233507873665291,0.8569697500092817,6
564604,-0.0152453915759639,0.3205839652723227,0.0,0.5,0.0,1.0,0.0,0.207867465655135,0.69823228777992,0.0,-0.8521289889920516,0.0,0.0,-0.1695975135107168,1.8662394014360388,0.0,-0.5178603162872742,-0.1459925080024818,0
564606,-0.8846402569883903,-0.9039711300422292,0.0,0.0,0.5,1.0,0.0,0.1992956887355739,0.69823228777992,0.8454879529219202,0.6748690008164222,3.4424745961808574,0.0,-0.1695975135107168,0.0,1.2892242269941023,0.8421297998236338,0.6246867695029079,6
564616,0.3096650779872914,0.084613882090961,-0.5,0.0,-0.5,0.0,2.0,-0.0800899439609849,0.1350614931535953,0.0,0.0269891667947226,0.0,0.0,-0.5358369345489745,2.6303167041658844,0.0,-0.1857361232155176,-0.3437008689333876,0
564620,0.4234363861645041,1.7205513337595983,0.5,1.5,1.0,1.8,2.4,0.1818860114493234,-0.30176771222008,0.5227586988632229,0.1763733206847534,1.0,0.4054651081081644,0.4641630654510255,1.4475677406305645,0.0,0.5178273734270576,0.367489607338582,5
564699,0.188835357087813,0.2600828618709601,0.5,1.0,1.0,0.0,0.0,0.329920955809132,0.1350614931535953,0.0,-0.3378778341536493,0.0,0.0,0.4641630654510255,0.0,0.0,-0.0660566185743795,-0.1138181739100741,5
564713,1.1495437385660767,0.5201657237419183,0.5,1.0,0.0,0.0,0.0,0.0172846759332341,0.69823228777992,1.223901085741545,-0.1423686188473956,0.0,0.0,-0.5358369345489745,2.6303167041658844,0.0,-0.3199846205488674,0.775555115213132,5
564736,0.6531076027838256,0.6135758138503429,1.0,1.5,1.5,0.0,0.8,0.5345980833883642,0.0,1.0,0.3100019998680502,1.5479441141749286,0.0,0.4641630654510255,0.0,0.0,0.8446124363858188,0.9066060294185204,5
564737,-0.0561782882445115,-0.7777566563817965,-1.0,-0.5,-0.5,3.0,4.0,-0.9433356464201366,0.69823228777992,2.2239010857415447,-0.8521289889920516,3.4424745961808574,0.0,0.4641630654510255,0.0,0.0,-1.290899394502222,-1.0962358384961208,6
564792,-0.5832377649951797,-0.7533569369943934,-0.5,-0.5,0.0,0.0,2.0,-0.1820387150016389,0.1350614931535953,-1.577882931182386,0.6427584400467276,0.0,0.0,-0.5358369345489745,0.0,1.8170594925112875,0.0054095038024811,-0.6648972579610473,2
564822,0.044966381854183,-0.8781444948462946,-1.5,-1.0,-1.0,0.0,0.0,-5.01837906474446,-0.658683161076804,-3.801784016923932,-1.7312471447788258,-5.8849491923617165,0.0,-1.945257774202184,0.0,0.0,,,1
564842,-0.6751709574862931,-0.9565486648353788,-0.5,0.0,0.0,0.0,0.0,0.185396843213915,0.1350614931535953,0.0,-0.8521289889920516,0.0,0.0,0.4641630654510255,0.0,0.0,-0.7277088105345179,-0.7504822663595172,0
564854,-0.2436797855732951,-0.8526164401574539,-0.5,-0.5,0.0,0.0,0.0,-0.0921790810977816,0.1350614931535953,-1.577882931182386,-0.1423686188473956,0.0,0.0,-0.5358369345489745,0.0,1.8170594925112875,-0.2278962019398004,-2.1808830093920943,2
564962,0.3963201768067612,0.3056133849682904,0.5,1.0,1.0,0.0,0.0,0.5426612875461472,-0.2218539557031286,0.0,-0.5691161559187239,0.0,0.0,0.4641630654510255,0.0,0.0,-0.0834835741906843,0.6515925419056923,5
565056,-0.389927570457143,-1.3967060397040991,-1.5,-1.0,-1.0,0.0,0.0,-5.01837906474446,-0.658683161076804,-3.801784016923932,-1.7312471447788258,-5.8849491923617165,0.0,-1.945257774202184,0.0,0.0,,,1
565070,0.7070778892261774,0.3939512500814855,-0.5,0.0,0.0,0.0,2.0,-0.2615345163169901,0.69823228777992,0.0,-0.5691161559187239,0.0,0.0,0.4641630654510255,0.0,0.0,-0.8452478074560966,0.1885555542931086,0
565076,0.5709133636083311,-0.4798342762580817,-1.5,-1.0,-1.0,0.0,0.0,-5.01837906474446,-0.658683161076804,-3.801784016923932,-1.7312471447788258,-5.8849491923617165,0.0,-1.945257774202184,0.0,0.0,,,1
565109,-0.0461344695078639,-0.1060116599355281,0.5,1.0,0.5,2.25,0.0,0.427359243645891,0.4368292053736752,0.0,-0.3378778341536493,0.0,0.0,0.0,1.4475677406305645,0.0,-0.0287716337919968,0.0552718144798082,5
565114,-0.2436797855732951,0.6906121893614907,0.5,0.5,0.0,0.75,2.0,-0.6762237894947197,0.4368292053736752,-0.7323949782604657,0.9061073225814968,0.0,0.0,-1.169597513510717,2.6303167041658844,1.0,-0.1241922904122605,0.319144085348882,5
565131,0.5041013369334673,0.4083366568994223,0.0,0.5,0.5,1.0,0.0,0.4955106152664797,0.341316838923196,0.0,-0.3378778341536493,0.0,0.0,0.4641630654510255,0.0,0.0,0.0350157936414286,-0.2662452929689293,5
565212,-0.0171602998082552,0.3939512500814855,0.5,1.0,1.0,0.75,0.0,0.5991130472594391,0.69823228777992,0.6460181545591593,0.0269891667947226,1.0,0.0,0.4641630654510255,0.0,0.0,-0.1330323399102024,0.2140229094019295,5
565240,-0.1795545095386603,-1.151102915861414,-1.5,-1.0,-1.0,0.0,0.0,-5.01837906474446,-0.658683161076804,-3.801784016923932,-1.7312471447788258,-5.8849491923617165,0.0,-1.945257774202184,0.0,0.0,,,1
565251,0.0,0.0,0.0,0.5,0.5,2.0,2.6666666666666665,0.1712648825262825,-0.0955123664504794,0.0,-0.3378778341536493,0.0,0.0,0.4641630654510255,0.0,0.0,-0.3251279927577355,0.414421170914112,5
565265,0.2142446204098905,2.0163980576406777,1.0,1.5,2.0,0.4999999999999998,0.6666666666666664,1.004805653606351,0.1350614931535953,-0.4772413011367771,0.1763733206847534,0.6795775573916313,0.3364722366212129,0.4641630654510255,0.0,0.8170594925112873,0.8897488299777444,0.197638663643607,5
565275,-0.0076063380214796,-0.9565486648353788,-0.5,-0.5,-0.5,1.5,0.0,-1.0577618083242022,0.1350614931535953,-1.577882931182386,-0.3378778341536493,0.0,0.0,-1.945257774202184,2.6303167041658844,1.8170594925112875,-1.2732631500110154,-0.38877011381951,0
565280,-0.0637486027703328,-0.0347747680912913,-0.5,0.0,-0.5,0.0,0.0,-1.0057789055147548,0.1350614931535953,0.0,-0.3378778341536493,0.0,0.0,-0.5358369345489745,2.6303167041658844,0.0,-1.230296186786887,0.686395455108478,0
565294,0.6105647972166517,0.7772174909202333,1.0,1.0,1.5,0.6000000000000001,0.0,0.6501441727399211,0.2614030824062447,-0.5778829311823854,0.4537367038660508,0.0,0.0,0.0979236444127681,0.0,0.8170594925112873,0.7110802595496847,0.0696958541636274,5
565301,0.0394074502006405,0.3648961975046188,1.0,1.5,1.5,0.6000000000000001,0.0,0.9450597275582118,0.0,0.5227586988632229,-0.4253814519207233,0.8092012510390698,0.0,0.4641630654510255,0.0,0.0,0.4161490275591816,0.8097780460978925,5
565348,0.3581800668429663,-0.4373685033222146,-1.0,-1.0,-0.5,0.0,0.0,-0.6474960614157483,-0.658683161076804,-3.801784016923932,1.7852254783682713,0.0,0.0,-1.945257774202184,0.0,3.10628371950539,0.4609940899093866,-5.846818380501243,3
565365,0.7287905950126164,0.1661047583479931,-1.0,-0.5,-0.5,0.0,0.0,-0.3934088944951812,0.69823228777992,0.0,1.055491476471528,0.0,0.0,0.4641630654510255,0.0,0.0,0.2353302351117633,-1.188192730861368,0
565377,-0.2113277578501914,-0.4373685033222146,0.5,0.5,1.0,0.75,0.0,0.5229437011265249,0.1350614931535953,-0.7323949782604657,0.6427584400467276,1.0,0.0,0.0,0.0,1.0,0.7975793211585307,0.1701528844266166,5
565387,-0.9572994030547236,-1.0104087041727063,-0.5,0.0,-0.5,0.0,0.0,-0.656963558822875,0.1350614931535953,1.223901085741545,-0.8521289889920516,0.0,0.0,-0.5358369345489745,2.6303167041658844,0.0,-1.4209006410967389,0.5505297122579489,0
565419,0.5313214438731182,-0.0347747680912913,0.0,0.5,-0.5,1.0,1.3333333333333333,-0.0132002449729417,0.341316838923196,0.0,-0.8521289889920516,0.0,0.0,-0.9452577742021836,3.313807142066604,0.0,-0.9266076350664688,-0.7928770833011288,0
565459,0.4937852737776073,0.3939512500814855,0.0,0.5,0.5,1.0,2.6666666666666665,-0.2265427032794958,-0.0955123664504794,0.0,-0.4872619880436798,0.0,0.0,0.4641630654510255,0.0,0.0,-0.7869676464777907,0.511420674086859,5
565460,-0.2177511905783598,0.3939512500814855,0.0,0.0,0.5,1.0,0.0,0.5539687517148455,0.341316838923196,-1.0,0.5412403216331251,0.0,0.0,-0.1695975135107168,0.0,1.2892242269941023,0.3827152742666214,-0.4755685171104397,2
565464,-0.6751709574862931,-0.3957040193861091,-0.5,0.0,0.0,0.0,0.0,-0.4547815074426213,-0.658683161076804,0.0,-0.3378778341536493,0.0,0.0,0.4641630654510255,0.0,0.0,-0.754154766685177,-0.2213943723471954,0
565467,-0.2967009531759736,-0.5013773948113078,0.0,0.0,0.5,1.0,0.0,0.1641090144261154,-0.658683161076804,-1.0,0.5412403216331251,0.0,0.0,-0.1695975135107168,0.0,1.2892242269941023,0.3594093581366666,-0.5473929195999128,2
565487,-0.4617554627175348,-1.6365860878501548,-1.5,-1.0,-1.0,0.0,0.0,-5.01837906474446,-0.658683161076804,-3.801784016923932,-1.7312471447788258,-5.8849491923617165,0.0,-1.945257774202184,0.0,0.0,,,1
565508,0.4346137497596027,-0.3957040193861091,-1.5,-1.0,-1.0,0.0,0.0,-5.01837906474446,-0.658683161076804,-3.801784016923932,-1.7312471447788258,-5.8849491923617165,0.0,-1.945257774202184,0.0,0.0,,,1
565510,-0.2877534419935543,0.1011544248762458,0.0,0.5,0.5,2.0,1.3333333333333333,0.1084104326608551,0.341316838923196,0.0,0.3100019998680502,0.0,0.0,0.4641630654510255,0.0,0.0,-0.1361577835345976,0.009390868382667,5
565511,0.7302287142923268,1.2553449461862392,-1.0,0.0,-0.5,3.0,2.0,-5.01837906474446,-0.658683161076804,0.0,-1.7312471447788258,-5.8849491923617165,1.0986122886681096,0.4641630654510255,4.496556105601924,0.0,-5.009979129451652,-0.6985691548836467,4
565514,1.036348163852713,0.6779579877571728,0.5,1.0,0.5,0.0,1.0,-0.6428019077458929,0.4368292053736752,1.7466597846047676,-0.6566197736857983,1.3087681003312956,0.0,0.0,1.4475677406305645,0.0,-0.6857572467703229,0.2682478135974434,6
565565,1.5656202616110393,2.355797116781432,0.5,0.5,1.0,1.2000000000000002,0.8,0.2095714063863997,-0.658683161076804,-1.9562960640020104,0.4308838440812761,0.0,0.4054651081081644,-0.5358369345489745,1.4475677406305645,1.8170594925112875,0.3515504772119569,-0.6188646162968469,2
565573,0.0301037242983207,1.1656108419263886,1.5,2.0,2.0,0.0,0.0,1.0008217293785768,0.69823228777992,0.0,-0.0833673107571263,0.0,0.0,0.4641630654510255,0.0,0.0,0.6767609046327763,0.6372552774649669,5
565582,-0.5727284017079248,-0.658368006199544,-0.5,0.0,0.0,1.5,0.0,-0.5414801842274632,0.1350614931535953,0.0,0.7367495369393785,0.0,0.0,0.4641630654510255,0.0,0.0,-0.1844178952774869,0.3781827655657455,0
565601,-0.0845216724807807,-1.0656153830619794,-1.5,-1.0,-1.0,0.0,0.0,-5.01837906474446,-0.658683161076804,-3.801784016923932,-1.7312471447788258,-5.8849491923617165,0.0,-1.945257774202184,0.0,0.0,,,1
565718,1.2110463740872206,0.9295642475225216,0.5,0.5,1.0,0.0,0.0,0.1514381229522628,0.4368292053736752,-0.7323949782604657,-0.0548650010803214,1.0,0.0,0.0,0.0,1.0,0.1257428887616061,-0.158121906888111,5
565755,-0.1316214806736528,-0.658368006199544,-1.0,-0.5,-0.5,3.0,0.0,0.1216076941696255,-0.658683161076804,0.0,-1.7312471447788258,0.0,0.0,0.4641630654510255,0.0,0.0,-5.009979129451652,-1.3008124819463591,0
565764,-0.6484151899792853,-1.1803503916127198,-1.0,-0.5,-0.5,0.0,0.0,-0.3968979197887864,0.69823228777992,0.0,0.5412403216331251,0.0,0.0,0.4641630654510255,0.0,0.0,-0.0932295723176157,-1.980874991852932,0
565768,-1.3732449421243034,0.1175719885109969,1.0,1.0,1.0,0.6000000000000001,0.0,0.6847425160005512,0.4919769420103195,0.0,-0.4482343117054982,1.0,0.0,-0.311497195240441,1.18274896353532,0.8170594925112873,0.2456768345550307,0.8475680995670961,5
565791,-0.7065274856678728,-0.5672972791819948,0.0,0.5,0.5,1.0,0.0,0.2687254027308957,-0.0955123664504794,0.0,0.6748690008164222,0.0,0.0,0.4641630654510255,0.0,0.0,0.7499687142649519,-0.1676072312441592,5
565826,-0.247414965106435,-0.9039711300422292,-1.0,-1.0,-0.5,0.0,0.0,-1.163734893384068,-0.658683161076804,-3.801784016923932,1.4203584774198996,3.4424745961808574,0.0,-1.945257774202184,0.0,3.10628371950539,0.2985027103372221,-5.846818380501243,3
565827,0.3470670458945997,1.235716797952375,-0.5,0.5,0.0,1.0,1.3333333333333333,-0.3626412343037853,0.69823228777992,1.577882931182386,-1.7312471447788258,0.0,0.6931471805599453,0.4641630654510255,2.6303167041658844,0.0,-5.009979129451652,1.130257293295561,0
565841,-0.9225111419685876,-0.658368006199544,0.0,0.0,0.5,1.0,0.0,-0.4510449230288068,-0.658683161076804,-1.0,0.3100019998680502,0.0,0.0,-0.1695975135107168,0.0,1.2892242269941023,-0.2126410575248123,-0.0468009425113333,2
565902,0.3123954047562008,-0.1984164451611818,-0.5,0.0,0.0,0.0,0.0,-0.2585623848245567,-0.658683161076804,0.0,0.0269891667947226,0.0,0.0,0.4641630654510255,0.0,0.0,-0.082914523944089,-1.237217466465682,0
565910,0.2904343557024124,-0.3146618177495106,-0.5,0.0,-0.5,0.0,0.0,-1.756511269602935,-0.658683161076804,0.0,-0.8521289889920516,0.0,0.0,-0.5358369345489745,2.6303167041658844,0.0,-2.325736016291453,0.0231701004634663,0
565912,0.1802841743997524,-0.4164379946042029,-0.5,-0.5,-0.5,1.5,0.0,-0.9366747547804596,-0.658683161076804,-1.577882931182386,0.3100019998680502,3.4424745961808574,0.0,-1.945257774202184,2.6303167041658844,1.8170594925112875,-0.2140141028973567,-0.3564908628217035,2
565915,0.9228113832360428,1.0074416636596677,-1.0,-0.5,-0.5,0.0,0.0,-1.0969594992736968,-0.658683161076804,2.2239010857415447,-0.8521289889920516,3.4424745961808574,0.0,0.4641630654510255,0.0,0.0,-1.3056703416542244,-0.119906049804045,6
565935,0.0615395398714175,-0.0523696989290143,0.0,0.5,0.5,1.0,1.3333333333333333,-0.4510449230288068,0.341316838923196,0.8454879529219202,0.3100019998680502,1.3087681003312956,0.0,0.4641630654510255,0.0,0.0,-0.2372130333406808,0.6730285198164949,5
565949,0.588905050563506,0.3056133849682904,0.5,0.5,1.0,0.75,1.0,0.4955106152664797,0.4368292053736752,-0.7323949782604657,0.6906244755231556,0.0,0.0,0.0,0.0,1.0,0.6336063435635361,0.351265776167561,5
566002,-0.3672828453434808,-1.4963388252848984,-1.5,-1.0,-1.0,0.0,0.0,-5.01837906474446,-0.658683161076804,-3.801784016923932,-1.7312471447788258,-5.8849491923617165,0.0,-1.945257774202184,0.0,0.0,,,1
566008,0.5023861487621162,0.5872879779418604,1.0,1.5,1.5,0.0,0.8,0.6818319832120642,0.2614030824062447,0.0,0.4982430038580476,0.0,0.0,0.4641630654510255,0.0,0.0,0.6964474255764288,0.4158922148592566,5
566032,1.257451457691521,0.5472599549180527,0.5,1.0,0.5,0.0,0.0,-0.1659376186237856,0.9288061473839948,1.7466597846047676,-0.2042491549703521,3.4424745961808574,0.0,0.0,1.4475677406305645,0.0,0.0445470459371229,0.8301871002220151,6
566044,0.7477518169616649,1.6399528926021596,-1.0,0.0,-0.5,1.5,2.0,-5.01837906474446,1.491976942010319,3.801784016923932,-1.7312471447788258,-5.8849491923617165,1.0986122886681096,0.4641630654510255,4.496556105601924,0.0,-5.009979129451652,1.083623071418565,4
566059,-0.1298707883550653,2.18941409592449,0.5,1.5,1.5,0.6000000000000001,1.6,0.5619279949862473,0.69823228777992,1.8454879529219212,1.055491476471528,1.5479441141749286,0.4054651081081644,0.8735839051042346,0.0,0.0,0.7466581627857239,0.8548553033605272,5
566061,-0.1545389239780106,-0.3957040193861091,0.0,0.5,0.5,0.0,0.0,-0.2438569783417058,0.341316838923196,0.0,-0.4872619880436798,0.0,0.0,0.4641630654510255,0.0,0.0,-0.7958168345996091,0.2587346965066424,0
566096,1.0133317223479803,0.6266032978723975,0.5,0.5,0.5,0.0,0.0,0.5298741855577837,-0.658683161076804,-0.7323949782604657,-0.4872619880436798,0.0,0.0,-0.5358369345489745,1.4475677406305645,1.0,-0.4262038924568046,-0.0783831835109718,5
566097,0.2268142214466653,-0.6123631726854253,-1.5,-1.0,-1.0,0.0,0.0,-5.01837906474446,-0.658683161076804,-3.801784016923932,-1.7312471447788258,-5.8849491923617165,0.0,-1.945257774202184,0.0,0.0,,,1
566152,-1.7420284865122029,0.2135937313624968,0.5,1.0,0.0,0.75,0.0,-0.3011576545890609,-0.2218539557031286,1.223901085741545,0.4308838440812761,0.0,0.0,-0.5358369345489745,2.6303167041658844,0.0,-0.0932295723176157,0.8910317919712964,5
566173,-0.2859693361545277,-0.3346452313910828,-0.5,-0.5,0.0,0.0,0.0,0.1992956887355739,-0.658683161076804,-1.577882931182386,1.055491476471528,0.0,0.0,-0.5358369345489745,0.0,1.8170594925112875,0.3454439851988991,-0.224994374986209,2
566174,-0.9060011884215078,-0.4584993070321419,0.0,0.5,0.5,0.0,0.0,-0.1527511459868734,0.341316838923196,0.0,0.3918561677430946,0.0,0.0,0.4641630654510255,0.0,0.0,-0.0572305622664296,0.0481246213179503,0
566196,-0.3458122078877629,0.1338683882105274,0.0,0.0,0.5,1.0,0.0,0.0909566770942003,-0.0955123664504794,-1.0,0.4687463394429643,2.4424745961808583,0.0,-0.1695975135107168,0.0,1.2892242269941023,1.033732151236756,-0.886699438257881,2
566275,-1.4334567155544502,-1.0656153830619794,-0.5,-0.5,0.0,1.5,0.0,0.4545213292431272,0.69823228777992,-1.577882931182386,0.8242531547064528,0.0,0.0,-0.5358369345489745,0.0,1.8170594925112875,0.6627370712642883,-0.8715686567769027,2
566279,1.430125638416447,0.9295642475225216,-1.0,-0.5,-0.5,0.0,0.0,-1.7221147221532236,-0.658683161076804,0.0,-0.3378778341536493,0.0,0.0,0.4641630654510255,0.0,0.0,-1.823779607103218,-0.5373841912170959,0
566312,-0.4221232051705569,-0.7533569369943934,-0.5,-0.5,0.0,1.5,0.0,-0.1501384356625912,0.1350614931535953,-1.577882931182386,0.3100019998680502,1.8945304820059297,0.0,-0.5358369345489745,0.0,1.8170594925112875,0.3082780745890154,-1.001103541318783,2
566336,-0.6044449090577276,0.6135758138503429,1.5,2.0,2.0,0.4999999999999998,0.0,0.7161118999737273,-0.3569154488567242,1.9103977631226812,-0.9624854665439004,2.957188973158704,0.0,0.4641630654510255,0.0,0.0,0.1386725977104004,1.079633057385738,6
566338,-0.70555933235232,-1.462625924074788,-1.0,-0.5,-0.5,3.0,0.0,-0.5169367479377983,-0.658683161076804,0.0,-0.8521289889920516,0.0,0.0,0.4641630654510255,0.0,0.0,-1.3056703416542244,-0.7480783174000406,0
566366,0.2492177349283896,0.7528177715328302,0.0,0.0,0.5,0.0,0.0,0.0404865985677702,-0.658683161076804,-1.0,0.1285072852083251,0.0,0.0,-0.1695975135107168,0.0,1.2892242269941023,0.0071100875982182,-0.0814166136985508,2
566424,-0.1820755563968706,-0.5672972791819948,-0.5,-0.5,0.0,0.0,0.0,0.050825359008231,-0.658683161076804,-1.577882931182386,0.3100019998680502,0.0,0.0,-0.5358369345489745,0.0,1.8170594925112875,0.1215200517963093,-0.4599681140598434,2
566432,-0.4308081966254428,0.084613882090961,0.5,0.5,1.0,0.0,0.0,0.3924696121650622,0.1350614931535953,0.6460181545591593,-0.3378778341536493,1.8945304820059297,0.0,0.0,0.0,1.0,-0.0660566185743795,0.8765084635072482,6
566455,0.268897462186495,0.8605538768015021,0.5,1.0,1.0,0.75,0.0,0.5686241764885333,0.4368292053736752,0.6460181545591593,-0.1423686188473956,1.0,0.0,0.4641630654510255,0.0,0.0,0.6662214388305067,0.8377146508218857,5
566456,0.2268142214466653,-0.658368006199544,-1.5,-1.0,-1.0,0.0,0.0,-5.01837906474446,-0.658683161076804,-3.801784016923932,-1.7312471447788258,-5.8849491923617165,0.0,-1.945257774202184,0.0,0.0,,,1
566489,-0.1323222410746952,-0.0173189290703666,0.0,0.5,0.0,0.0,0.0,0.4480433585358788,0.69823228777992,0.0,0.3100019998680502,0.0,0.0,-0.1695975135107168,1.8662394014360388,0.0,0.6131724209334387,-0.2599009748791943,5
566533,-0.9703588531690246,0.2753642525262495,-1.0,0.0,0.0,1.5,2.0,-0.2095770615800434,-0.658683161076804,0.0,1.521876595833502,0.0,1.0986122886681096,1.8735839051042344,0.0,0.0,0.6681496594462011,0.9945729425412354,5
566547,-1.4131584693232118,-0.8781444948462946,-0.5,0.0,0.0,1.5,0.0,0.0467050652015033,-0.658683161076804,0.0,-0.1423686188473956,0.0,0.0,0.4641630654510255,0.0,0.0,0.0031020551287653,-1.1617249378774426,0
566592,0.0194108731358868,-0.983314472996574,-1.5,-1.0,-1.0,0.0,0.0,-5.01837906474446,-0.658683161076804,-3.801784016923932,-1.7312471447788258,-5.8849491923617165,0.0,-1.945257774202184,0.0,0.0,,,1
566614,0.4618875195274774,0.2600828618709601,-0.5,-0.5,0.0,0.0,0.0,-0.4737170999272641,0.1350614931535953,-1.577882931182386,0.7367495369393785,0.0,0.0,-0.5358369345489745,0.0,1.8170594925112875,0.0204686652634908,-0.5830485034787252,2
566625,-0.8076465267618362,0.2135937313624968,0.5,0.0,1.0,1.5,1.0,0.5763697186616068,-0.658683161076804,-1.577882931182386,0.3100019998680502,0.0,0.0,-0.5358369345489745,0.0,1.8170594925112875,0.5939376864447673,-0.5388044221701922,2
566626,0.4079921391650103,-0.3146618177495106,-1.0,-0.5,-0.5,0.0,0.0,-0.2438569783417058,-0.658683161076804,0.0,-0.8521289889920516,0.0,0.0,0.4641630654510255,0.0,0.0,-1.0809486371223944,-2.842854128545107,0
566650,-0.9638171249137728,-1.0378395182527564,-0.5,0.0,0.0,0.0,0.0,-0.6151732553526584,0.69823228777992,0.0,-0.3378778341536493,0.0,0.0,0.4641630654510255,0.0,0.0,-1.059684656730505,-0.7028859793993385,0
566682,0.8002747163008975,0.0342356026297282,0.0,0.5,0.0,0.0,0.0,0.1605081610636437,-0.0955123664504794,0.0,-1.7312471447788258,0.0,0.0,-0.1695975135107168,1.8662394014360388,0.0,-5.009979129451652,0.3610028790600635,0
566702,-0.3074978083914555,0.1175719885109969,0.0,0.0,0.5,0.0,1.3333333333333333,0.7489887210172101,-0.0955123664504794,-1.0,-0.2042491549703521,1.3087681003312956,0.0,-0.1695975135107168,0.0,1.2892242269941023,0.396680569100027,-0.3955382430121709,2
566726,-0.5139842008683698,-0.8024290039733696,-0.5,0.0,0.0,0.0,0.0,-0.5291191057528215,0.69823228777992,0.0,0.0269891667947226,0.0,0.0,0.4641630654510255,0.0,0.0,-0.5561787772068475,0.0024931309362313,0
566735,-1.619829188219615,-0.3548111444861987,0.5,1.0,1.0,0.75,1.0,-0.1194019552965795,0.4368292053736752,0.0,-0.3378778341536493,0.0,0.0,0.4641630654510255,0.0,0.0,-0.478523303435361,0.7678838374043205,5
566749,-0.7721237983712724,-1.9057373490655,-1.5,-1.0,-1.0,0.0,0.0,-5.01837906474446,-0.658683161076804,-3.801784016923932,-1.7312471447788258,-5.8849491923617165,0.0,-1.945257774202184,0.0,0.0,,,1
566762,-0.7721237983712724,-0.0701059560259865,1.0,1.0,1.5,0.6000000000000001,1.6,0.7272354728022116,-0.30176771222008,-0.5778829311823854,0.4982430038580476,0.0,0.0,0.0979236444127681,0.0,0.8170594925112873,0.794857953086856,-0.06104334906202,5
566770,-0.4778593511670246,-0.9301034129840848,-0.5,-0.5,-0.5,1.5,0.0,-0.4775558236714001,0.1350614931535953,0.0,0.3100019998680502,0.0,0.0,-1.945257774202184,2.6303167041658844,1.8170594925112875,-0.3144024008580462,-0.1078142769037957,0
566787,-0.3793240929122098,-0.658368006199544,0.0,0.5,0.0,0.0,1.3333333333333333,-0.1143864737947603,0.341316838923196,0.8454879529219202,-0.1423686188473956,0.0,0.0,-0.1695975135107168,1.8662394014360388,0.0,-0.3916183351486538,0.5332313996840393,0
566815,-1.208457419522107,-0.5672972791819948,0.5,0.5,1.0,0.0,0.0,0.6778672195122807,0.1350614931535953,-0.7323949782604657,0.8658404674405767,0.0,0.0,0.0,0.0,1.0,0.8015397903106112,0.1165109919967552,5
566861,0.0505079689189982,0.4649590448526473,1.0,1.0,1.0,0.0,0.0,0.7113677009250103,0.2614030824062447,-0.5778829311823854,0.4308838440812761,1.8945304820059297,0.0,-0.311497195240441,1.18274896353532,0.8170594925112873,1.3521381517420477,0.3526772157844277,5
566875,0.4880281302815064,0.3648961975046188,1.0,1.5,1.0,0.0,0.0,0.6140641114345313,0.4919769420103195,1.0,-0.3378778341536493,0.0,0.0,0.0979236444127681,1.18274896353532,0.0,0.2295549789319831,0.7296245973086106,5
566881,-0.9378885299188376,-0.2752294817283874,1.0,1.5,1.0,1.2000000000000002,0.0,0.0569682664431991,0.4919769420103195,0.5227586988632229,0.3100019998680502,1.0,0.0,0.0979236444127681,1.18274896353532,0.0,0.1721488153937217,0.9946598548300544,5
566953,1.885503696704113,1.9744698586429783,-0.5,0.5,0.0,2.0,1.3333333333333333,-0.752644567480189,-0.0955123664504794,0.0,0.3100019998680502,0.0,0.6931471805599453,0.4641630654510255,2.6303167041658844,0.0,-0.5416978654824055,1.1855367474708476,5
566964,0.5211627285889953,0.0342356026297282,0.0,0.0,0.5,1.0,2.6666666666666665,-0.4510449230288068,-0.0955123664504794,-1.0,0.852128988992052,0.0,0.0,-0.1695975135107168,0.0,1.2892242269941023,-0.329416418515367,-0.2075344842308041,2
566992,0.898134227894934,0.6779579877571728,1.0,1.5,1.5,1.2000000000000002,0.8,0.6981936313729585,0.69823228777992,0.5227586988632229,0.0269891667947226,0.8092012510390698,0.0,0.4641630654510255,0.0,0.0,0.6271607186069021,0.3068133438468124,5
566996,0.7287905950126164,-0.0173189290703666,-1.0,-0.5,-1.0,0.0,0.0,-5.01837906474446,0.69823228777992,0.0,-1.7312471447788258,-5.8849491923617165,0.0,-1.945257774202184,4.496556105601924,0.0,-5.009979129451652,-0.7666619921353384,4
566998,0.623969217170513,0.5872879779418604,-0.5,0.0,0.0,1.5,0.0,0.0487677306243735,-0.658683161076804,1.223901085741545,-1.7312471447788258,1.8945304820059297,0.0,0.4641630654510255,0.0,0.0,-5.009979129451652,0.0319943989913999,0
566999,0.7472535486982206,2.240032980358649,0.0,1.0,0.0,0.75,1.0,-0.4930880313027384,-0.658683161076804,0.0,0.0269891667947226,0.0,0.5108256237659907,-0.1695975135107168,3.313807142066604,0.0,-0.526433998153649,0.6462063066181345,5
567052,0.5543254638531789,-0.1060116599355281,-1.0,-1.0,-0.5,0.0,4.0,-1.129685880855539,-0.658683161076804,-3.801784016923932,0.9061073225814968,0.0,0.0,-1.945257774202184,0.0,3.10628371950539,-0.5020649251425136,-5.846818380501243,3
567061,-0.3955071407598782,-1.0656153830619794,-1.0,-0.5,-0.5,0.0,0.0,-0.6617375002305357,0.69823228777992,0.0,0.3100019998680502,0.0,0.0,0.4641630654510255,0.0,0.0,-0.4665508444978963,-1.1052938746678511,0
567114,-0.2371620637142467,-1.2400338123026975,-1.5,-1.0,-1.0,0.0,0.0,-5.01837906474446,-0.658683161076804,-3.801784016923932,-1.7312471447788258,-5.8849491923617165,0.0,-1.945257774202184,0.0,0.0,,,1
567172,-0.7969149097403911,-0.8781444948462946,-0.5,0.0,0.0,0.0,0.0,-0.8545590440335901,0.69823228777992,0.0,0.3100019998680502,0.0,0.0,0.4641630654510255,0.0,0.0,-0.5561787772068475,-0.8040500707460184,0
567195,0.4412865586609458,0.3205839652723227,-0.5,-0.5,0.0,0.0,0.0,-0.6909634960489951,-0.658683161076804,-1.577882931182386,0.1763733206847534,0.0,0.0,-0.5358369345489745,0.0,1.8170594925112875,-0.4528393417577023,-0.8322700263050694,2
567211,-1.0303446482015892,-0.5013773948113078,-0.5,0.0,0.0,0.0,0.0,-0.1397678628496181,0.1350614931535953,0.0,-0.5691161559187239,0.0,0.0,0.4641630654510255,0.0,0.0,-0.3552979594889651,-0.337383757225088,0
567219,0.1146253967791014,0.5337543951599557,0.0,0.5,0.5,0.0,0.0,0.0968148587759089,0.341316838923196,0.0,-0.3378778341536493,0.0,0.0,0.4641630654510255,0.0,0.0,-0.2485321455802367,-0.467514716113748,5
567243,0.585009288498354,0.0342356026297282,-1.0,-0.5,-0.5,0.0,0.0,-0.5291191057528215,0.69823228777992,0.0,1.189120155654825,0.0,0.0,0.4641630654510255,0.0,0.0,0.2048346301199492,-1.133331558925306,0
567245,0.549557468470446,-0.4373685033222146,-1.5,-1.0,-1.0,0.0,0.0,-5.01837906474446,-0.658683161076804,-3.801784016923932,-1.7312471447788258,-5.8849491923617165,0.0,-1.945257774202184,0.0,0.0,,,1
567256,-1.164053176369689,0.9182112552292012,1.0,1.5,1.0,0.0,0.0,0.7490515368711975,0.2614030824062447,2.2239010857415447,-0.2363597157400465,2.703731733044999,0.0,0.0979236444127681,1.18274896353532,0.0,0.7703713801423165,1.0758307860047578,6
567342,0.1285983697932925,-0.6123631726854253,-1.0,-1.0,-0.5,0.0,0.0,-0.9568175085094904,-0.658683161076804,-3.801784016923932,0.0269891667947226,0.0,0.0,-1.945257774202184,0.0,3.10628371950539,-0.909628960909515,-5.846818380501243,3
567390,-0.0344880198186815,-0.9565486648353788,-1.5,-1.0,-1.0,0.0,0.0,-5.01837906474446,-0.658683161076804,-3.801784016923932,-1.7312471447788258,-5.8849491923617165,0.0,-1.945257774202184,0.0,0.0,,,1
567431,-0.2145365703100133,-0.6123631726854253,-1.0,-0.5,-0.5,0.0,0.0,-1.4507276796498856,-0.658683161076804,0.0,0.0269891667947226,0.0,0.0,0.4641630654510255,0.0,0.0,-1.319069554483768,-2.306381697538634,0
567432,0.4589591145550679,0.5337543951599557,1.0,1.5,1.5,0.0,1.6,1.1277714669315966,0.4919769420103195,0.0,0.6621221658463508,0.0,0.0,0.4641630654510255,0.0,0.0,1.3660601614202224,0.6121103085961301,5
567448,0.6326281519191191,0.3939512500814855,-0.5,0.0,-0.5,0.0,0.0,-1.540862216906429,-0.658683161076804,0.0,-0.3378778341536493,0.0,0.0,-0.5358369345489745,2.6303167041658844,0.0,-1.6732697519821795,-0.17681169035272,0
567458,0.0857254588016988,-0.5672972791819948,-1.0,-0.5,-0.5,0.0,0.0,-1.2457822086274737,0.69823228777992,0.0,-0.8521289889920516,0.0,0.0,0.4641630654510255,0.0,0.0,-1.905448913712952,-0.6205204410760757,0
567478,-0.1720127690626392,-0.0347747680912913,0.5,1.0,0.5,0.0,1.0,0.6337698612696195,0.4368292053736752,0.6460181545591593,0.3100019998680502,1.3087681003312956,0.0,0.0,1.4475677406305645,0.0,0.6649303936689365,1.186423871102475,5
567518,0.8825020728124537,0.6524299330683321,0.0,0.0,0.5,0.0,0.0,0.2703107247497532,-0.0955123664504794,-1.0,0.4687463394429643,1.3087681003312956,0.0,-0.1695975135107168,0.0,1.2892242269941023,0.7658704705922221,-0.9167095981953112,2
567547,0.1699681112438908,-0.3346452313910828,-0.5,0.0,-0.5,0.0,0.0,-0.9170023031282084,0.69823228777992,1.223901085741545,0.3100019998680502,3.4424745961808574,0.0,-0.5358369345489745,2.6303167041658844,0.0,-0.1977143273805633,0.6367436228764508,6
567548,0.11569243028275,0.1011544248762458,-1.0,-0.5,-0.5,0.0,0.0,-1.190206130204569,0.69823228777992,0.0,0.0269891667947226,0.0,0.0,0.4641630654510255,0.0,0.0,-1.1028854022606345,-0.7235422656503063,0
567558,0.6609721641806873,-0.1796235475848035,-0.5,-0.5,0.0,0.0,2.0,-0.4074525263263,-0.658683161076804,-1.577882931182386,0.1763733206847534,0.0,0.0,-0.5358369345489745,0.0,1.8170594925112875,-0.3611358013519422,-0.1580136154715607,2
567563,0.5820818488815722,0.0,0.0,0.5,-0.5,1.0,0.0,-0.656963558822875,0.69823228777992,0.0,-1.7312471447788258,0.0,0.0,-0.9452577742021836,3.313807142066604,0.0,-5.009979129451652,-0.0479518018696362,0
567589,1.036771593873411,0.2753642525262495,-1.0,-1.0,-0.5,0.0,0.0,-1.1213843515923745,-0.658683161076804,-3.801784016923932,0.3100019998680502,0.0,0.0,-1.945257774202184,0.0,3.10628371950539,-0.8469577656261809,-5.846818380501243,3
567643,-0.3624891117628728,-0.3146618177495106,0.0,0.0,0.5,0.0,1.3333333333333333,0.0711299175201806,-0.0955123664504794,0.8454879529219202,0.222498382100976,2.4424745961808583,0.0,-0.1695975135107168,0.0,1.2892242269941023,0.2457122467093019,-0.2339785560176255,6
567651,2.820124312355592,1.8361878128829168,0.5,1.0,1.0,0.75,0.0,0.759751342929985,0.1350614931535953,0.0,-0.3378778341536493,0.0,0.0,0.4641630654510255,0.0,0.0,0.225191748887476,0.4057984671713822,5
567682,0.0626389377483067,-0.0879858281037825,0.0,0.5,0.0,0.0,1.3333333333333333,-0.0776927918335968,-0.0955123664504794,0.0,-0.3378778341536493,0.0,0.0,-0.1695975135107168,1.8662394014360388,0.0,-0.5016486010912433,0.5300811664596315,0
567778,-2.0567608353074105,-1.0937450900539751,0.5,0.5,1.0,0.0,0.0,0.5829525521786225,-0.2218539557031286,-0.7323949782604657,0.5930148329413781,0.0,0.0,0.0,0.0,1.0,0.8985057719175118,0.0205918650098093,2
567824,0.1103508406522334,-0.8024290039733696,-1.5,-1.0,-1.0,0.0,0.0,-5.01837906474446,-0.658683161076804,-3.801784016923932,-1.7312471447788258,-5.8849491923617165,0.0,-1.945257774202184,0.0,0.0,,,1
567849,-0.1237569192767911,0.3056133849682904,0.5,1.0,1.0,0.0,0.0,0.7038933040947049,0.1350614931535953,0.0,-0.2363597157400465,0.0,0.0,0.4641630654510255,0.0,0.0,0.2093274386241963,0.6516973220712954,5
567885,0.7382607334686243,0.084613882090961,0.0,0.0,0.5,0.0,1.3333333333333333,0.0630667133623977,0.69823228777992,-1.0,-0.0833673107571263,0.0,0.0,-0.1695975135107168,0.0,1.2892242269941023,-0.0561351628497367,0.0847928777521719,2
567906,-0.2220464217247383,0.6779579877571728,0.0,0.5,0.0,1.0,0.0,0.1103276084696746,-0.0955123664504794,0.0,0.0269891667947226,0.0,0.0,-0.1695975135107168,1.8662394014360388,0.0,-0.0287716337919968,-0.1163512293910282,5
567943,-0.7239364364326764,-1.5305744279146267,-1.5,-1.0,-1.0,0.0,0.0,-5.01837906474446,-0.658683161076804,-3.801784016923932,-1.7312471447788258,-5.8849491923617165,0.0,-1.945257774202184,0.0,0.0,,,1
567950,-0.4005947329336307,1.235716797952375,0.0,1.0,0.5,0.75,2.0,-0.4852861384835237,0.1350614931535953,1.7466597846047676,-0.5691161559187239,1.8945304820059297,0.5108256237659907,0.4641630654510255,1.8662394014360388,0.0,-0.8006043405225641,1.2382096768551527,6
567961,0.6646304089619844,0.1500453992945883,0.0,0.5,0.0,0.0,0.0,-0.0311285469557203,0.341316838923196,0.8454879529219202,-0.1423686188473956,1.8945304820059297,0.0,-0.1695975135107168,1.8662394014360388,0.0,-0.1221126231049508,0.7680520554230283,6
568004,-1.3150076849769006,-0.8781444948462946,0.0,0.5,0.5,0.0,0.0,-0.0176466848663658,0.341316838923196,0.0,-0.0833673107571263,0.0,0.0,0.4641630654510255,0.0,0.0,-0.2917432094562844,0.1441107522693531,0
568013,-0.3102073088611108,0.4788906502885904,0.0,0.5,0.5,1.0,0.0,-0.2012206452762132,-0.0955123664504794,0.8454879529219202,-0.6566197736857983,1.3087681003312956,0.0,0.4641630654510255,0.0,0.0,-0.664379439894162,0.0601740581159751,6
568060,0.3548534556187039,-0.0347747680912913,0.5,0.0,1.0,2.25,1.0,0.2703107247497532,-0.658683161076804,-1.577882931182386,0.5412403216331251,1.0,0.0,-0.5358369345489745,0.0,1.8170594925112875,0.3750117965878002,-0.183044528502523,2
568064,0.7700304295227128,0.2600828618709601,-0.5,0.0,0.0,0.0,2.0,-0.2151944050814924,0.69823228777992,0.0,1.3100019998680503,0.0,0.0,0.4641630654510255,0.0,0.0,0.1997073380873228,-0.1124107427948721,5
568078,1.2348739009470775,0.8252226888668068,-0.5,0.0,-0.5,0.0,0.0,-0.5250387180961157,0.1350614931535953,0.0,0.7367495369393785,0.0,0.0,-0.5358369345489745,2.6303167041658844,0.0,-0.0727506788028536,0.3371850456918341,0
568086,0.3687835443878995,-0.1984164451611818,-1.0,-0.5,-0.5,3.0,0.0,-0.1371950412950404,-0.658683161076804,0.0,-0.8521289889920516,0.0,0.0,0.4641630654510255,0.0,0.0,-0.993174825326501,-0.882866177358754,0
568093,-0.5570800430937265,-0.4584993070321419,0.0,0.5,0.5,0.0,0.0,0.2095714063863997,-0.0955123664504794,0.0,-0.0833673107571263,0.0,0.0,0.4641630654510255,0.0,0.0,-0.0277202496837168,-0.1151867372611731,5
568101,0.2442635414416244,-0.1060116599355281,0.5,1.0,0.5,0.0,0.0,0.3688503033154463,0.1350614931535953,0.0,-0.6566197736857983,0.0,0.0,0.0,1.4475677406305645,0.0,-0.3784273028343325,0.7886831093449926,5
568105,0.3641523104380834,0.2446949798295298,0.5,0.5,1.0,0.75,0.0,0.8823390955652595,-0.2218539557031286,-0.7323949782604657,0.7367495369393785,0.0,0.0,0.0,0.0,1.0,1.0048309406385845,-0.4294789133852155,2
568121,-0.436621875182693,-0.2557742709686207,-0.5,0.0,0.0,1.5,0.0,0.3531061906362369,0.69823228777992,2.2239010857415447,-1.2169959899404237,3.4424745961808574,0.0,0.4641630654510255,0.0,0.0,-1.5736696709925673,-0.1730121757730919,6
568155,0.3555192765124995,-0.4798342762580817,-1.0,-1.0,-0.5,0.0,0.0,-0.5624937023138106,-0.658683161076804,-3.801784016923932,1.6158676927261533,3.4424745961808574,0.0,-1.945257774202184,0.0,3.10628371950539,0.9125886639153212,-5.846818380501243,3
568167,-0.2899860974898281,-0.0173189290703666,0.5,0.5,1.0,0.75,0.0,0.370258153942826,-0.2218539557031286,0.0,0.4872619880436801,1.0,0.0,0.0,0.0,1.0,0.6486218217647547,0.7540910611498508,5
568182,-0.3292904402501106,-1.0104087041727063,-0.5,-0.5,0.0,0.0,0.0,-0.0198787349251427,0.1350614931535953,-1.577882931182386,0.3100019998680502,0.0,0.0,-0.5358369345489745,0.0,1.8170594925112875,0.163431826815289,-1.1238045009796185,2
568258,-0.3238171625337165,-0.9301034129840848,-0.5,-1.0,0.0,0.0,2.0,0.2734724485513264,-0.658683161076804,-3.801784016923932,1.6603739927181496,3.4424745961808574,0.0,-1.945257774202184,0.0,3.10628371950539,1.5813061176344227,-5.846818380501243,3
568325,-0.4787109825491547,-1.1803503916127198,-1.0,-0.5,-0.5,0.0,0.0,-0.9568175085094904,0.69823228777992,0.0,-0.8521289889920516,0.0,0.0,0.4641630654510255,0.0,0.0,-1.6676552461113974,-0.7178247868830787,0
568371,0.0161904239971344,-0.7292238865448002,-1.0,-0.5,-0.5,0.0,0.0,-1.514110814362828,-0.658683161076804,0.0,0.0269891667947226,0.0,0.0,0.4641630654510255,0.0,0.0,-1.3717572467343149,-2.195744635551016,0
568385,0.4633499133634132,0.4509389841865806,0.5,1.0,1.0,0.0,0.0,0.0194205412200212,0.4368292053736752,0.6460181545591593,0.0269891667947226,1.0,0.0,0.4641630654510255,0.0,0.0,-0.0772495603538779,0.4484063842143224,5
568416,-1.431756306412214,-0.9565486648353788,-0.5,0.0,0.0,0.0,0.0,-0.5414801842274632,0.1350614931535953,2.2239010857415447,0.0269891667947226,3.4424745961808574,0.0,0.4641630654510255,0.0,0.0,-0.2195336360154206,0.5638312327779493,6
568463,-0.6251373048241939,-0.7533569369943934,-0.5,0.0,0.0,1.5,0.0,-0.1118898841031928,-0.658683161076804,0.0,0.4308838440812761,0.0,0.0,0.4641630654510255,0.0,0.0,0.0609178360526226,-0.8741972432137,0
568486,-1.3609537012814048,0.1175719885109969,0.5,1.0,1.0,0.75,1.0,0.125509972457016,0.1350614931535953,0.0,0.8242531547064528,0.0,0.0,0.4641630654510255,0.0,0.0,0.3616299290744275,0.3844489130029623,5
568513,-0.1176640240616086,-0.3346452313910828,-0.5,-1.0,0.0,0.0,0.0,-0.638133760600969,-0.658683161076804,-3.801784016923932,0.9829974942813668,0.0,0.0,-1.945257774202184,0.0,3.10628371950539,0.0272953221020833,-5.846818380501243,3
568536,0.0996192236307875,-0.8273801410529529,-1.5,-1.0,-1.0,0.0,0.0,-5.01837906474446,-0.658683161076804,-3.801784016923932,-1.7312471447788258,-5.8849491923617165,0.0,-1.945257774202184,0.0,0.0,,,1
568602,-1.340655455050166,0.5606834135017086,-0.5,0.5,0.5,2.0,1.3333333333333333,-0.6061614218076303,-0.0955123664504794,0.0,-0.3378778341536493,0.0,0.6931471805599453,1.2398233261424922,0.0,0.0,-0.9077574680417732,0.1144914966237992,0
568605,0.1939463741786511,0.0171841500464987,-0.5,0.0,0.5,2.0,2.6666666666666665,-0.0243606518992428,-0.658683161076804,-1.0,1.189120155654825,1.3087681003312956,0.6931471805599453,0.4641630654510255,0.0,1.8170594925112875,0.7140061789553304,-1.2179807417942337,2
568641,-0.7838859421108113,-1.4963388252848984,-1.0,-0.5,-0.5,3.0,0.0,-1.050136431354479,0.69823228777992,0.0,0.3100019998680502,0.0,0.0,0.4641630654510255,0.0,0.0,-0.7879103899086184,-3.1804381608500174,0
568696,-0.633482240521008,-0.6817349135302966,0.0,0.5,0.0,0.0,0.0,-0.2887662782627249,0.341316838923196,0.0,0.6427584400467276,0.0,0.0,-0.1695975135107168,1.8662394014360388,0.0,0.1497408005226425,-0.243908217294003,0
568713,-0.9378885299188376,-0.3548111444861987,0.5,0.5,1.0,0.0,1.0,0.7858609723099008,-0.2218539557031286,-0.7323949782604657,-0.2363597157400465,0.0,0.0,0.0,0.0,1.0,0.1236051245917977,0.1739401642978733,5
568716,-0.5964625261226147,0.4368293378606515,1.0,1.5,1.0,0.6000000000000001,0.8,0.3688503033154463,0.69823228777992,1.0,0.3718825359910068,1.8945304820059297,0.0,0.0979236444127681,1.18274896353532,0.0,0.0872234667059229,0.3961325542630093,5
568773,0.2737835098716158,2.240032980358649,1.0,2.0,2.0,0.4999999999999998,0.6666666666666664,0.7327426715213872,-0.0955123664504794,0.4390194395059628,-0.5691161559187239,0.6795775573916313,0.3364722366212129,0.7954669210998687,0.0,0.0,0.0995742100515829,0.6683355093635635,5
568790,-0.0152453915759639,-0.3346452313910828,0.0,0.5,0.5,0.0,0.0,0.3387286848344499,0.341316838923196,0.0,0.0269891667947226,0.0,0.0,0.4641630654510255,0.0,0.0,0.1594330401467874,0.0073327497632595,5
568917,0.8499959640744652,0.1500453992945883,-1.5,-1.0,-1.0,0.0,0.0,-5.01837906474446,-0.658683161076804,-3.801784016923932,-1.7312471447788258,-5.8849491923617165,0.0,-1.945257774202184,0.0,0.0,,,1
568931,-0.3102073088611108,2.1830043609829586,1.0,2.0,1.0,0.4999999999999998,0.6666666666666664,0.1273886764782729,0.341316838923196,0.8454879529219202,-0.3378778341536493,0.0,0.3364722366212129,0.0979236444127681,2.18274896353532,0.0,-0.5721194260637886,0.3579272337985643,5
568970,-0.4512398771539826,-0.9565486648353788,-0.5,0.0,-1.0,0.0,2.0,-5.01837906474446,0.1350614931535953,0.0,-1.7312471447788258,-5.8849491923617165,0.0,-1.945257774202184,4.496556105601924,0.0,-5.009979129451652,-0.7323926744061177,4
568984,-0.1072674448328335,-0.7777566563817965,-1.0,-1.0,-0.5,0.0,0.0,-0.9568175085094904,-0.658683161076804,-3.801784016923932,1.055491476471528,3.4424745961808574,0.0,-1.945257774202184,0.0,3.10628371950539,0.249561369569438,-5.846818380501243,3
569031,-0.003255871147178,-0.2948576299622514,-0.5,0.0,0.0,1.5,0.0,0.1045629446768353,-0.658683161076804,0.0,1.055491476471528,0.0,0.0,0.4641630654510255,0.0,0.0,1.029628579056456,0.6586219238858402,5
569082,-1.0910239949432168,-1.209990462642304,0.0,0.5,0.0,0.0,1.3333333333333333,-0.4698957854209191,0.341316838923196,0.8454879529219202,0.9061073225814968,1.8945304820059297,0.0,-0.1695975135107168,1.8662394014360388,0.0,0.2572657564617686,0.4297909679619398,6
569107,0.268897462186495,-0.6123631726854253,-1.5,-1.0,-1.0,0.0,0.0,-5.01837906474446,-0.658683161076804,-3.801784016923932,-1.7312471447788258,-5.8849491923617165,0.0,-1.945257774202184,0.0,0.0,,,1
569150,-0.1257925380823218,0.1661047583479931,1.0,1.5,1.0,0.0,0.8,-0.0634513530188094,0.69823228777992,1.0,-0.2363597157400465,0.0,0.0,0.0979236444127681,1.18274896353532,0.0,-0.321828631208543,0.3690612914902879,5
569170,-0.7087885645390104,-0.2948576299622514,1.0,0.5,1.5,0.0,0.0,0.8407841564655991,0.4919769420103195,-1.2239010857415449,0.4537367038660508,0.8092012510390698,0.0,-0.311497195240441,0.0,1.5078734502500786,1.3665111260788336,0.0009037635504783,2
569180,0.0360637205401621,-0.0523696989290143,0.0,0.0,0.0,0.0,0.0,0.5584810911211757,0.69823228777992,-1.0,0.3100019998680502,0.0,0.0,-0.9452577742021836,1.8662394014360388,1.2892242269941023,0.4334372672081953,0.3019014369282843,2
569203,0.730947337491854,0.0342356026297282,-1.0,-0.5,-0.5,0.0,0.0,-1.4507276796498856,-0.658683161076804,0.0,-0.3378778341536493,0.0,0.0,0.4641630654510255,0.0,0.0,-1.598524937374849,-0.55567170953355,0
569236,0.3313910640472022,0.8605538768015021,0.5,0.5,1.0,0.0,0.0,0.1748201553303297,0.4368292053736752,0.0,0.6906244755231556,1.0,0.0,0.0,0.0,1.0,0.4092689764062484,0.0789649129681554,5
569239,2.109423928278916,1.704665278645134,0.0,0.5,0.5,1.0,1.3333333333333333,0.416777020981638,0.341316838923196,2.2239010857415447,-0.3378778341536493,3.4424745961808574,0.0,0.4641630654510255,0.0,0.0,0.4794377016264484,0.7400904812455559,6
569243,1.238656814439826,0.7031942868616717,-0.5,0.0,0.0,1.5,0.0,-0.7420457056626178,0.1350614931535953,0.0,0.9061073225814968,0.0,0.0,0.4641630654510255,0.0,0.0,0.000585218657427,0.046089784446339,0
569300,1.05152840338768,2.0094650782032173,0.5,0.5,1.0,0.0,2.0,0.5719524167781955,-0.658683161076804,0.0,-0.3378778341536493,1.0,0.0,0.0,0.0,1.0,0.2680472433981076,0.2615203321081198,5
569335,-0.6297685387740102,-1.151102915861414,-1.0,-1.0,-0.5,0.0,0.0,-0.4326065854446759,-0.658683161076804,-3.801784016923932,0.0269891667947226,3.4424745961808574,0.0,-1.945257774202184,0.0,3.10628371950539,0.0036043280131403,-5.846818380501243,3
569342,1.0452190638453085,0.5337543951599557,0.0,0.5,-0.5,0.0,1.3333333333333333,-0.7579944165917915,0.341316838923196,0.0,-0.3378778341536493,0.0,0.0,-0.9452577742021836,3.313807142066604,0.0,-1.0256325926622294,0.4141554489672156,0
569364,-0.2074848197189481,-0.1425108733599631,0.0,0.0,0.5,0.0,1.3333333333333333,-0.1069187876520562,-0.0955123664504794,0.0,-0.2042491549703521,2.4424745961808583,0.0,-0.1695975135107168,0.0,1.2892242269941023,0.0198803838199232,-0.555223079663698,2
569458,1.3551369462189646,1.145164842730202,-1.0,-0.5,-0.5,0.0,0.0,-0.9041379554706426,0.69823228777992,0.0,0.9061073225814968,0.0,0.0,0.4641630654510255,0.0,0.0,-0.2795514635170902,-1.922966616687256,0
569466,-0.899691848879138,-0.1984164451611818,0.0,0.5,0.5,0.0,0.0,-0.1244474698007082,-0.0955123664504794,0.0,-0.2042491549703521,0.0,0.0,0.4641630654510255,0.0,0.0,-0.3871933827570567,-0.2936145084154725,0
569472,-0.1670026748704246,-0.4164379946042029,-0.5,0.0,0.0,0.0,2.0,0.2860020237305984,-0.658683161076804,0.0,-1.2169959899404237,0.0,0.0,0.4641630654510255,0.0,0.0,-1.0809486371223944,-0.4637563137183506,0
569530,-0.5200770960835523,-0.6123631726854253,0.0,0.5,0.5,0.0,0.0,0.5216870816957812,0.341316838923196,0.0,0.222498382100976,0.0,0.0,0.4641630654510255,0.0,0.0,0.6194121419123991,0.3229912076149492,5
569534,-0.7809380954367425,-0.2173706571356206,1.0,1.5,0.0,0.6000000000000001,0.8,-0.0471349681280216,0.2614030824062447,0.5227586988632229,-0.8521289889920516,0.0,0.0,-0.7756602606914664,3.048988364971359,0.0,-0.9662236302411809,0.7431153896924683,0
569572,-0.436621875182693,0.4368293378606515,0.5,0.5,1.0,1.5,1.0,0.3952053236736468,0.1350614931535953,-0.7323949782604657,0.3100019998680502,0.0,0.0,0.0,0.0,1.0,0.4239096882062234,-0.1470929404890901,5
569643,0.0587880641648109,-0.8781444948462946,-1.5,-1.0,-1.0,0.0,0.0,-5.01837906474446,-0.658683161076804,-3.801784016923932,-1.7312471447788258,-5.8849491923617165,0.0,-1.945257774202184,0.0,0.0,,,1
569733,1.885503696704113,1.145164842730202,0.5,1.0,1.0,0.0,0.0,0.7113677009250103,0.1350614931535953,0.6460181545591593,-0.5691161559187239,1.0,0.0,0.4641630654510255,0.0,0.0,-0.4765134826468863,0.046379555469727,5
569754,-0.8136366748123411,0.1175719885109969,1.0,1.5,0.5,0.6000000000000001,0.0,0.2687254027308957,0.2614030824062447,0.0,-0.2042491549703521,0.0,0.0,-0.311497195240441,2.18274896353532,0.0,-0.0183288507700082,-0.4841751078567932,5
569779,0.2737835098716158,-0.0347747680912913,-0.5,0.0,0.0,0.0,0.0,0.5596840564976959,-0.658683161076804,0.0,0.9829974942813668,0.0,0.0,0.4641630654510255,0.0,0.0,0.8675767259062337,-0.3509878773211314,5
569788,0.9655030075400264,0.5472599549180527,-0.5,-0.5,0.0,0.0,0.0,-0.3626412343037853,-0.658683161076804,-1.577882931182386,0.1763733206847534,1.8945304820059297,0.0,-0.5358369345489745,0.0,1.8170594925112875,0.1737220155843223,-1.025780298520098,2
569792,0.1049931376047629,0.0679485038398385,0.5,1.0,1.0,0.0,0.0,0.3897249895283401,0.1350614931535953,1.223901085741545,0.1038793384945924,1.8945304820059297,0.0,0.4641630654510255,0.0,0.0,0.5477501303680562,-0.140341820222312,6
569817,0.957773719311622,0.0342356026297282,0.0,0.0,0.5,0.0,1.3333333333333333,-0.3074223555998511,0.341316838923196,-1.0,0.7957508450296478,1.3087681003312956,0.0,-0.1695975135107168,0.0,1.2892242269941023,0.3146551348173353,-1.6289782276528968,2
569829,0.9544508423584548,0.8013505413698264,1.0,1.5,1.5,1.2000000000000002,0.8,1.0975058947077054,0.69823228777992,0.0,-0.5193725488133742,0.0,0.0,0.4641630654510255,0.0,0.0,0.3230644948281451,0.4226067966681461,5
569832,-0.4077419345842769,-0.658368006199544,-1.0,-0.5,-0.5,0.0,0.0,-1.0732227632892712,0.69823228777992,0.0,0.9061073225814968,0.0,0.0,0.4641630654510255,0.0,0.0,-0.419701883921074,-0.3957242331096427,0
569863,0.5614535425048608,0.5740257630792477,1.5,2.0,1.5,0.4999999999999998,0.0,0.7382141089577804,0.1350614931535953,0.0,-0.5193725488133742,0.0,0.0,0.1617063421381263,1.0,0.0,0.1099882383957618,0.8812159349848272,5
569883,-1.1684439751780336,0.8013505413698264,0.5,0.5,1.0,0.0,1.0,0.5784928127729547,-0.2218539557031286,0.0,0.0269891667947226,1.0,0.0,0.0,0.0,1.0,0.343220110107424,-0.0775057983717972,5
569920,0.6319635767145821,0.0342356026297282,-0.5,-0.5,0.0,1.5,0.0,-0.4510449230288068,-0.658683161076804,-1.577882931182386,0.3100019998680502,1.8945304820059297,0.0,-0.5358369345489745,0.0,1.8170594925112875,0.3777979621309107,-0.7516324919499211,2
569923,1.5656202616110393,0.6135758138503429,-1.0,-0.5,-1.0,0.0,0.0,-5.01837906474446,-0.658683161076804,0.0,-1.7312471447788258,-5.8849491923617165,0.0,-1.945257774202184,4.496556105601924,0.0,-5.009979129451652,-0.3254809515988586,4
570021,0.1273876831660417,0.2753642525262495,0.0,0.5,0.5,0.0,0.0,-0.0021857299012968,0.69823228777992,0.8454879529219202,-0.4872619880436798,1.3087681003312956,0.0,0.4641630654510255,0.0,0.0,-0.3452608092703681,0.5211805303485505,6
570076,0.1568144876632918,1.1348704085285175,-0.5,0.5,0.5,2.0,2.6666666666666665,0.293739437186803,-0.658683161076804,0.0,0.9061073225814968,0.0,0.6931471805599453,1.2398233261424922,0.0,0.0,0.6778725522646679,-0.7274808675199768,5
570144,0.8269181743416688,0.4649590448526473,0.5,1.0,0.5,0.0,0.0,-0.5009628400646635,0.69823228777992,0.0,-0.6566197736857983,0.0,0.0,0.0,1.4475677406305645,0.0,-1.1358497079708638,0.0786613905035615,0
570162,0.5902665509854124,0.5740257630792477,0.5,0.5,1.0,2.25,1.0,0.2983480087729462,0.1350614931535953,0.0,0.7367495369393785,1.0,0.0,0.0,0.0,1.0,0.2284304387664129,-0.1829887757323261,5
570215,-0.2384636960285709,-0.4164379946042029,0.0,0.5,0.0,1.0,0.0,0.125509972457016,-0.0955123664504794,0.0,-0.3378778341536493,0.0,0.0,-0.1695975135107168,1.8662394014360388,0.0,-0.5189262468377925,1.183229494826681,0
570219,0.8197565629712652,0.4649590448526473,0.5,1.0,0.5,0.0,0.0,-0.5796901849871293,0.4368292053736752,0.0,-0.0833673107571263,0.0,0.0,0.0,1.4475677406305645,0.0,-0.6322426556613611,0.3001565803490466,5
570224,1.9512202522668176,1.1348704085285175,-0.5,0.0,0.0,0.0,0.0,-0.0564198929834767,0.1350614931535953,0.0,-0.1423686188473956,0.0,0.0,0.4641630654510255,0.0,0.0,-0.3272284347519699,-0.3992657720715686,0
570226,-0.3169991994072114,0.084613882090961,0.5,1.0,1.0,0.0,0.0,0.340187730055233,0.4368292053736752,0.0,0.2449467451820483,0.0,0.0,0.4641630654510255,0.0,0.0,0.3336913701715066,0.0909048692591641,5
570242,-0.4808418492875418,-1.5305744279146267,-1.5,-1.0,-1.0,0.0,0.0,-5.01837906474446,-0.658683161076804,-3.801784016923932,-1.7312471447788258,-5.8849491923617165,0.0,-1.945257774202184,0.0,0.0,,,1
570279,-0.1237569192767911,-1.0656153830619794,-1.0,-0.5,-0.5,0.0,0.0,-1.3366892758771278,-0.658683161076804,0.0,0.7367495369393785,0.0,0.0,0.4641630654510255,0.0,0.0,-0.7452269048922645,-1.987045171963395,0
570291,-0.327724924755711,-0.1425108733599631,-0.5,0.0,0.0,0.0,2.0,0.2812158043508296,0.1350614931535953,0.0,0.3100019998680502,0.0,0.0,0.4641630654510255,0.0,0.0,-0.0070868555017287,-0.6007140031750804,0
570329,-0.4439158370292121,-1.5305744279146267,-1.5,-1.0,-1.0,0.0,0.0,-5.01837906474446,-0.658683161076804,-3.801784016923932,-1.7312471447788258,-5.8849491923617165,0.0,-1.945257774202184,0.0,0.0,,,1
570330,0.904531219885692,-0.0347747680912913,0.0,0.0,-0.5,0.0,0.0,-0.7964257605994532,-0.0955123664504794,-1.0,1.8621156500681413,0.0,0.0,-1.945257774202184,3.313807142066604,1.2892242269941023,0.3824652927467697,-0.3025598965303179,2
570346,-1.0168382925164503,-0.4373685033222146,1.0,1.0,1.5,0.6000000000000001,0.0,0.6720569500972019,0.0,1.0,0.1478710110079485,2.227521671566561,0.0,0.0979236444127681,0.0,0.8170594925112873,1.417740932293888,0.8898058178401883,5
570369,-0.4733949737513234,0.2291991117677428,0.5,0.5,0.5,0.0,1.0,0.7543560068254478,0.1350614931535953,-0.7323949782604657,-0.2042491549703521,0.0,0.0,-0.5358369345489745,1.4475677406305645,1.0,0.3252023077482223,-0.1684070238444847,5
570418,0.0714097072435058,1.3509508803298231,0.5,1.0,0.5,0.0,0.0,0.2623541178980093,0.1350614931535953,0.0,0.0269891667947226,0.0,0.0,0.0,1.4475677406305645,0.0,0.0814135455563565,0.6218790478782145,5
570436,1.532302963514382,1.2455526811947004,-0.5,0.0,0.0,0.0,0.0,-0.2615345163169901,0.1350614931535953,0.0,-1.2169959899404237,0.0,0.0,0.4641630654510255,0.0,0.0,-1.2545218013931816,-1.1662678995009896,0
570439,-0.3569127266061206,-0.3957040193861091,0.0,0.5,0.5,0.0,1.3333333333333333,0.3195275397461404,-0.0955123664504794,0.0,-0.0833673107571263,0.0,0.0,0.4641630654510255,0.0,0.0,-0.0208208127929372,-0.0713501119885109,5
570600,0.1103508406522334,-0.0701059560259865,-1.0,-0.5,-0.5,0.0,0.0,-0.2585623848245567,0.69823228777992,2.2239010857415447,1.3100019998680503,0.0,0.0,0.4641630654510255,0.0,0.0,0.5013333552756157,0.4926206152799864,0
570601,-0.0037990970921994,-0.7292238865448002,-0.5,0.0,-0.5,1.5,0.0,-0.5624937023138106,0.69823228777992,0.0,1.055491476471528,0.0,0.0,-0.5358369345489745,2.6303167041658844,0.0,0.0956282688433991,-0.7483811450743341,0
570625,0.5779753101425147,-0.0523696989290143,-1.0,-0.5,-0.5,0.0,0.0,-1.380470468996392,-0.658683161076804,3.801784016923932,-0.8521289889920516,5.8849491923617165,0.0,0.4641630654510255,0.0,0.0,-1.260712804009117,0.1387367217256648,6
570626,0.8304881799927095,0.5201657237419183,0.5,1.0,1.0,0.0,0.0,0.3883493183583352,0.4368292053736752,0.0,-0.702744835102021,0.0,0.0,0.4641630654510255,0.0,0.0,-0.7692948373155415,0.3793543312181277,5
570631,1.011492180792128,0.4927349096618701,-1.0,-0.5,-0.5,3.0,0.0,-0.5928218544757642,-0.658683161076804,0.0,-1.7312471447788258,0.0,0.0,0.4641630654510255,0.0,0.0,-5.009979129451652,-0.6894955659880295,0
570639,1.074058226172515,0.9408591679901256,0.0,0.5,0.0,0.0,1.3333333333333333,0.4033595654204611,-0.658683161076804,0.0,-0.3378778341536493,0.0,0.0,-0.1695975135107168,1.8662394014360388,0.0,-0.2031051237199449,0.574165387965119,5
570654,-0.2067537733149653,-0.9565486648353788,-1.0,-0.5,-0.5,0.0,0.0,-0.6909634960489951,-0.658683161076804,0.0,-0.8521289889920516,0.0,0.0,0.4641630654510255,0.0,0.0,-1.4488797325495033,-0.5365061841677469,0
570666,0.044966381854183,-0.5013773948113078,0.0,0.0,0.5,0.0,1.3333333333333333,0.2607537405803148,0.341316838923196,-1.0,0.3100019998680502,0.0,0.0,-0.1695975135107168,0.0,1.2892242269941023,0.3002724771000425,-0.1669285437591916,2
570683,-0.1298707883550653,0.1661047583479931,0.5,1.0,1.0,0.0,2.0,0.6768902144233269,0.69823228777992,0.6460181545591593,-0.0548650010803214,1.0,0.0,0.4641630654510255,0.0,0.0,0.2874781849422543,0.9506210809356868,5
570692,-0.9186875081701394,-1.0656153830619794,-0.5,0.0,0.0,0.0,0.0,-0.7110263106475204,-0.658683161076804,0.0,-0.1423686188473956,0.0,0.0,0.4641630654510255,0.0,0.0,-0.9152739393323924,-0.2676725182195223,0
570693,-0.2074848197189481,0.6135758138503429,0.0,0.0,0.0,0.0,0.0,-0.0333966463183919,-0.0955123664504794,-1.0,0.9829974942813668,0.0,0.0,-0.9452577742021836,1.8662394014360388,1.2892242269941023,0.1622346103684036,-0.2569652820035791,2
570697,0.6920867213259574,0.1978772796996186,-1.0,-0.5,-0.5,0.0,0.0,-1.3260904140595566,-0.658683161076804,0.0,0.0269891667947226,0.0,0.0,0.4641630654510255,0.0,0.0,-1.2155740268072217,-0.5889861774891312,0
570713,0.2409530517349827,0.5872879779418604,-0.5,0.0,-0.5,0.0,0.0,-0.7742508386015071,1.1350614931535954,2.2239010857415447,-0.8521289889920516,0.0,0.0,-0.5358369345489745,2.6303167041658844,0.0,-1.5174182171542403,0.7901772841775687,0
570746,0.3123954047562008,-0.3548111444861987,0.0,0.0,0.0,2.0,1.3333333333333333,0.3488893399656456,0.341316838923196,-1.0,1.055491476471528,1.8945304820059297,0.0,-0.9452577742021836,1.8662394014360388,1.2892242269941023,1.2526009864405596,-0.1261524257064845,2
570750,-0.1921956818600621,1.8135399001219947,-0.5,0.5,-0.5,1.0,1.3333333333333333,-5.01837906474446,-0.0955123664504794,0.0,-1.7312471447788258,-5.8849491923617165,0.6931471805599453,-0.5358369345489745,4.496556105601924,0.0,-5.009979129451652,-1.083419199943248,4
570782,-0.5570800430937265,0.1978772796996186,1.0,1.0,1.5,0.6000000000000001,0.0,0.6778672195122807,-0.30176771222008,0.0,0.407611642449828,1.5479441141749286,0.0,0.0979236444127681,0.0,0.8170594925112873,1.5823908314309318,0.7462796657412945,5
570821,-0.6863062742965885,-0.6352457830218333,0.0,0.5,0.5,1.0,0.0,-0.0611010072704138,0.341316838923196,0.0,-0.0833673107571263,0.0,0.0,0.4641630654510255,0.0,0.0,-0.3049362103329157,0.343523990110037,0
570829,-0.3238171625337165,-0.3146618177495106,0.0,0.5,0.5,1.0,0.0,0.790999148900813,0.341316838923196,1.577882931182386,0.1285072852083251,2.4424745961808583,0.0,0.4641630654510255,0.0,0.0,0.956201870980948,0.3083440992240679,6
570837,-0.9638171249137728,-0.1425108733599631,1.0,1.5,1.0,0.0,0.0,0.6650769277339049,0.0,0.5227586988632229,-0.0548650010803214,1.0,0.0,0.0979236444127681,1.18274896353532,0.0,0.467914088755473,0.551812228814258,5
570862,0.4114358187962695,-0.2557742709686207,-1.0,-1.0,-0.5,0.0,0.0,-0.9366747547804596,-0.658683161076804,-3.801784016923932,1.3100019998680503,3.4424745961808574,0.0,-1.945257774202184,0.0,3.10628371950539,0.4209181635344846,-5.846818380501243,3
570928,-0.2567874259770644,-0.658368006199544,-0.5,0.0,0.0,0.0,0.0,-0.2322746873196033,0.1350614931535953,1.223901085741545,-0.1423686188473956,1.8945304820059297,0.0,0.4641630654510255,0.0,0.0,-0.0065109160920101,0.6528741666094429,6
570930,0.9527870696715384,0.5064929114075749,-1.0,-1.0,-0.5,3.0,4.0,-1.3693100620700909,-0.658683161076804,-3.801784016923932,1.3100019998680503,0.0,0.0,-1.945257774202184,0.0,3.10628371950539,-0.4542955292440273,-5.846818380501243,3
570945,-0.0152453915759639,-0.0173189290703666,-0.5,0.0,0.0,0.0,0.0,-0.3169076160410869,-0.658683161076804,0.0,-0.1423686188473956,0.0,0.0,0.4641630654510255,0.0,0.0,-0.3477565084969551,0.0999475058812055,0
570961,-0.23326288056001,-0.5013773948113078,0.0,-0.5,0.5,0.0,0.0,0.4033595654204611,-0.0955123664504794,-1.0,0.852128988992052,2.4424745961808583,0.0,-0.9452577742021836,0.0,2.2892242269941026,0.9963751864801438,0.4926206152799864,2
570988,0.1997695833735494,-0.589715259924501,-1.0,-0.5,-0.5,0.0,0.0,-0.6061614218076303,-0.658683161076804,0.0,0.0269891667947226,0.0,0.0,0.4641630654510255,0.0,0.0,-0.6197937093067062,-0.770028288434856,0
571001,0.730947337491854,0.1338683882105274,-1.0,-1.0,-0.5,0.0,0.0,0.1216076941696255,-0.658683161076804,-3.801784016923932,0.5412403216331251,3.4424745961808574,0.0,-1.945257774202184,0.0,3.10628371950539,0.8149813839267512,-5.846818380501243,3
571015,1.8281413544578515,0.9520966076976962,1.0,1.5,1.5,0.6000000000000001,0.8,0.759751342929985,0.0,0.0,0.2582274885597975,0.0,0.0,0.4641630654510255,0.0,0.0,0.7364212352137978,0.076155257870872,5
571084,0.6234349782693877,0.3648961975046188,0.5,0.0,1.0,0.75,0.0,0.5574341261769648,-0.2218539557031286,-0.7323949782604657,0.1038793384945924,1.0,0.0,-0.5358369345489745,0.0,1.8170594925112875,0.651191757686096,0.6509426174428242,2
571200,0.3595089686733146,0.3794715120532125,1.0,1.0,1.5,1.2000000000000002,0.0,0.329920955809132,0.4919769420103195,-0.5778829311823854,-0.0380660878912795,0.0,0.0,0.0979236444127681,0.0,0.8170594925112873,0.0558142569385857,0.4274174978431876,5
571208,0.686938667827714,1.2844638578702687,-1.0,0.0,0.0,1.5,2.0,-0.1659376186237856,1.491976942010319,3.801784016923932,1.703371310493227,3.4424745961808574,1.0986122886681096,1.8735839051042344,0.0,0.0,1.2915695870866433,-0.0954385846456463,6
571233,0.7266312303534289,0.0342356026297282,-1.0,-0.5,-0.5,3.0,0.0,-0.7059656443572273,0.69823228777992,0.0,1.055491476471528,0.0,0.0,0.4641630654510255,0.0,0.0,-0.0230086504457724,-0.785117321715087,0
571243,0.2672657880125675,1.6563096498885643,-0.5,0.5,0.0,2.0,2.6666666666666665,0.1992956887355739,0.69823228777992,0.0,0.0269891667947226,0.0,0.6931471805599453,0.4641630654510255,2.6303167041658844,0.0,-0.0094721521530605,-0.1408616935225601,5
571251,0.4105755246581591,-0.2948576299622514,-1.0,-0.5,-0.5,3.0,0.0,-0.7852653536731521,-0.658683161076804,0.0,-1.7312471447788258,0.0,0.0,0.4641630654510255,0.0,0.0,-5.009979129451652,-0.5673671885661595,0
571300,0.2835154641577846,1.9172976776409685,0.0,1.0,1.0,1.5,2.0,0.3445497677753842,0.4368292053736752,0.0,0.1763733206847534,0.0,0.5108256237659907,1.0,0.0,0.0,0.2065228466117141,0.2135187015226151,5
571348,-0.3793240929122098,-0.4584993070321419,0.0,-0.5,0.5,1.0,0.0,0.4519718616265066,-0.658683161076804,-2.223901085741545,0.5412403216331251,1.3087681003312956,0.0,-0.9452577742021836,0.0,2.2892242269941026,0.8509135723610592,-0.8420892273178879,2
571363,0.3276081505544524,0.1978772796996186,0.0,0.0,0.5,0.0,1.3333333333333333,0.1045629446768353,0.341316838923196,0.0,0.3918561677430946,1.3087681003312956,0.0,-0.1695975135107168,0.0,1.2892242269941023,0.2137913232681067,0.1480529922516703,5
571429,-0.3624891117628728,-0.1241858541912811,-0.5,0.0,0.0,0.0,2.0,0.5334398723407602,0.69823228777992,0.0,-0.8521289889920516,0.0,0.0,0.4641630654510255,0.0,0.0,-0.4743093875812798,-0.0418726995895482,0
571454,-0.8549144214603044,-0.7777566563817965,0.0,0.5,0.5,0.0,0.0,0.422084745017392,-0.658683161076804,0.8454879529219202,0.0269891667947226,1.3087681003312956,0.0,0.4641630654510255,0.0,0.0,0.7768215446699059,0.562976001009215,6
571523,-0.4898195122786246,-0.4584993070321419,0.0,0.5,0.0,0.0,2.6666666666666665,-0.4970162361072746,-0.658683161076804,0.0,0.0269891667947226,0.0,0.0,-0.1695975135107168,1.8662394014360388,0.0,-0.4047936801619308,0.1589803760694793,0
571525,-0.3513537949525781,-0.1984164451611818,0.5,0.5,1.0,1.5,0.0,0.3952053236736468,0.1350614931535953,0.0,-0.1423686188473956,1.0,0.0,0.0,0.0,1.0,0.2788662295990204,-0.1045432796249616,5
571553,0.2409530517349827,0.6652308508706292,1.0,1.0,1.5,0.6000000000000001,0.0,0.685710463728436,0.0,0.0,0.5828276343672492,1.5479441141749286,0.0,0.0979236444127681,0.0,0.8170594925112873,1.1579509229414808,0.7511123528534148,5
571560,1.319905281341646,0.5337543951599557,0.0,0.5,0.0,2.0,0.0,-0.0849048050881716,0.341316838923196,0.0,0.4308838440812761,0.0,0.0,-0.1695975135107168,1.8662394014360388,0.0,0.2679786624488843,-0.0287627714529428,5
571561,-0.5109455735858626,-1.151102915861414,-1.0,-1.0,-0.5,0.0,4.0,-1.0425794443368617,-0.658683161076804,-3.801784016923932,0.7367495369393785,3.4424745961808574,0.0,-1.945257774202184,0.0,3.10628371950539,-0.1755197994582803,-5.846818380501243,3
571566,-0.4221232051705569,0.9964830697690392,1.5,2.0,2.0,0.4999999999999998,0.0,0.8487937073135189,0.341316838923196,1.223901085741545,-0.4872619880436798,1.8945304820059297,0.0,0.4641630654510255,0.0,0.0,0.4399088411805196,1.0453468315838217,5
571580,-0.0152453915759639,-0.4798342762580817,-0.5,0.0,-0.5,0.0,0.0,-0.8308223080491643,0.1350614931535953,2.2239010857415447,0.7367495369393785,5.8849491923617165,0.0,-0.5358369345489745,2.6303167041658844,0.0,0.4356137430547679,0.1120964880310711,6
571610,1.1392971108371754,0.6779579877571728,-1.0,-0.5,-0.5,0.0,0.0,-1.6730174331382357,0.69823228777992,0.0,0.3100019998680502,0.0,0.0,0.4641630654510255,0.0,0.0,-1.3056703416542244,-0.1804280795507157,0
571637,-0.3292904402501106,-0.2948576299622514,0.0,0.0,0.0,0.0,0.0,-0.5840447083969388,0.341316838923196,-1.0,1.1240649009688228,0.0,0.0,-0.9452577742021836,1.8662394014360388,1.2892242269941023,0.0407502524035325,0.1925709354032447,2
571639,-0.5044516825729113,-0.5231327642549591,-0.5,0.0,-0.5,0.0,0.0,-1.514110814362828,0.69823228777992,0.0,-0.3378778341536493,0.0,0.0,-0.5358369345489745,2.6303167041658844,0.0,-1.6510794523107517,-0.0609370422959291,0
571643,-0.0091315224976897,-0.0173189290703666,0.0,0.5,0.5,1.0,1.3333333333333333,-0.0970637232090711,0.341316838923196,0.0,-0.6566197736857983,0.0,0.0,0.4641630654510255,0.0,0.0,-0.8655232391164868,0.1172798144940563,0
571757,-0.347888277339113,-1.3967060397040991,-1.5,-1.0,-1.0,0.0,0.0,-5.01837906474446,-0.658683161076804,-3.801784016923932,-1.7312471447788258,-5.8849491923617165,0.0,-1.945257774202184,0.0,0.0,,,1
571819,0.2303178270618515,0.0342356026297282,0.0,0.5,0.5,1.0,0.0,-0.1219209359602892,-0.0955123664504794,0.0,-0.8521289889920516,0.0,0.0,0.4641630654510255,0.0,0.0,-0.8350756785254849,0.1643326538742857,0
571864,-0.9250648120180158,-0.5013773948113078,0.0,0.5,0.5,1.0,0.0,-0.1685998590832503,-0.658683161076804,0.8454879529219202,0.222498382100976,1.3087681003312956,0.0,0.4641630654510255,0.0,0.0,-0.1528802119823833,0.1243082129545084,6
571876,-0.3458122078877629,-0.5451046085908845,0.0,0.0,0.5,1.0,1.3333333333333333,0.224753770373741,-0.0955123664504794,0.8454879529219202,0.1285072852083251,2.4424745961808583,0.0,-0.1695975135107168,0.0,1.2892242269941023,0.4285769614089534,0.1439663632957331,6
571888,-0.093499335471865,1.4154943686347117,0.5,1.5,1.5,2.4000000000000004,0.8,0.9860507017922386,-0.30176771222008,0.0,0.7724786433981999,0.0,0.4054651081081644,0.8735839051042346,0.0,0.0,1.1468411588042031,0.167207057379869,5
571913,-0.3863860394463917,-0.8024290039733696,-0.5,-0.5,0.0,1.5,4.0,0.6409415651698158,-0.658683161076804,-1.577882931182386,0.5412403216331251,1.8945304820059297,0.0,-0.5358369345489745,0.0,1.8170594925112875,1.0511624354048648,-1.806912816063851,2
571940,-0.8889277116073305,-1.151102915861414,-0.5,-1.0,0.0,1.5,2.0,0.3194229554396885,-0.658683161076804,-3.801784016923932,0.9829974942813668,0.0,0.0,-1.945257774202184,0.0,3.10628371950539,0.5579710178520051,-5.846818380501243,3
572106,-1.0695100105924904,-0.3957040193861091,-1.0,-1.0,-0.5,0.0,0.0,-0.1501384356625912,-0.658683161076804,-3.801784016923932,1.4203584774198996,0.0,0.0,-1.945257774202184,0.0,3.10628371950539,0.6568905974484651,-5.846818380501243,3
572133,-0.8050854921242805,-1.6006803839406132,-1.0,-1.0,-0.5,3.0,0.0,-1.305284458088918,-0.658683161076804,-3.801784016923932,0.9061073225814968,0.0,0.0,-1.945257774202184,0.0,3.10628371950539,-0.6124302310451738,-5.846818380501243,3
572154,-0.3473937549320742,-1.1222377710152045,-1.0,-1.0,-0.5,0.0,0.0,-1.275008204445934,-0.658683161076804,-3.801784016923932,-0.8521289889920516,0.0,0.0,-1.945257774202184,0.0,3.10628371950539,-1.9294994525232,-5.846818380501243,3
572176,-0.6344118805387788,-1.151102915861414,-1.0,-0.5,-0.5,0.0,0.0,-1.1992179637495972,-0.658683161076804,0.0,-0.3378778341536493,0.0,0.0,0.4641630654510255,0.0,0.0,-1.390248680883211,-1.74702980555556,0
572214,-0.2017359584074273,-1.209990462642304,-1.5,-1.0,-1.0,0.0,0.0,-5.01837906474446,-0.658683161076804,-3.801784016923932,-1.7312471447788258,-5.8849491923617165,0.0,-1.945257774202184,0.0,0.0,,,1
572290,1.685640346880504,1.46046847188864,1.5,2.0,2.0,0.0,0.6666666666666664,0.7400300544978695,-0.3569154488567242,0.4390194395059628,-0.0269891667947223,0.6795775573916313,0.0,0.4641630654510255,0.0,0.0,0.4138965960421092,0.6561156924787847,5
572396,-0.992782702929376,0.2291991117677428,0.0,0.5,0.0,2.0,0.0,0.3979321817314487,-0.0955123664504794,0.0,-0.3378778341536493,0.0,0.0,-0.1695975135107168,1.8662394014360388,0.0,-0.0727506788028536,-0.2541002537599341,0
572397,-0.5615369518651702,-1.865219659305709,-1.5,-1.0,-1.0,0.0,0.0,-5.01837906474446,-0.658683161076804,-3.801784016923932,-1.7312471447788258,-5.8849491923617165,0.0,-1.945257774202184,0.0,0.0,,,1
572428,0.6583545112184155,0.9295642475225216,-0.5,0.0,0.0,0.0,2.0,-0.3727728001125515,-0.658683161076804,0.0,0.1763733206847534,0.0,0.0,0.4641630654510255,0.0,0.0,-0.3402137553207593,-0.3962538116143429,0
572479,0.3060181009083252,0.2753642525262495,0.5,1.0,1.0,0.0,0.0,-0.2526493892991873,-0.2218539557031286,0.0,-0.0548650010803214,0.0,0.0,0.4641630654510255,0.0,0.0,-0.5051953489090945,0.1591521103948504,5
572489,-0.5261909651618265,0.9067995908805876,0.0,0.5,0.0,1.5,1.0,-0.8366940976961261,0.69823228777992,1.7466597846047676,0.9061073225814968,3.4424745961808574,0.5108256237659907,-0.9452577742021836,3.313807142066604,1.2892242269941023,0.2565688843563178,1.1413410419200447,6
572502,0.9276416206798794,0.6395543739241726,0.0,0.0,0.5,0.0,0.0,0.2363760015946733,0.341316838923196,-1.0,-0.3378778341536493,1.3087681003312956,0.0,-0.1695975135107168,0.0,1.2892242269941023,-0.0920758487792927,-0.1277708350441259,2
572529,1.3679824872716382,0.6906121893614907,-0.5,0.0,0.0,0.0,0.0,-0.5624937023138106,-0.658683161076804,0.0,-0.5691161559187239,0.0,0.0,0.4641630654510255,0.0,0.0,-1.1153792121063957,-0.7966691173228398,0
572538,-0.3963201768067612,-0.1796235475848035,0.0,0.5,0.5,0.0,1.3333333333333333,0.2129689852014099,0.341316838923196,0.0,0.5412403216331251,0.0,0.0,0.4641630654510255,0.0,0.0,0.3616748671934482,-0.244651030110986,5
572554,-1.697062104658019,0.6004710149305419,2.5,2.0,2.0,0.375,0.5,0.8278083711896292,0.2917543134616932,-0.3539818454408412,0.1285072852083251,0.6795775573916313,0.0,-0.5358369345489745,1.4475677406305645,1.0,0.6981091196692815,0.4578269920555725,5
572578,-0.0229174433043562,-0.0523696989290143,-0.5,0.0,0.0,1.5,2.0,-0.32650087038226,0.1350614931535953,0.0,0.7367495369393785,0.0,0.0,0.4641630654510255,0.0,0.0,0.0093046699372243,-0.8504363447965183,0
572591,-0.0267659328131899,-0.1984164451611818,-0.5,0.0,0.0,0.0,0.0,0.5252055857762165,0.69823228777992,2.2239010857415447,0.3100019998680502,3.4424745961808574,0.0,0.4641630654510255,0.0,0.0,1.032970267893606,-0.0843416718561923,6
572609,-0.2502215138285469,-0.0523696989290143,0.0,0.0,0.5,1.0,0.0,-0.2887662782627249,-0.0955123664504794,-1.0,-0.0833673107571263,1.3087681003312956,0.0,-0.1695975135107168,0.0,1.2892242269941023,-0.2735350467114802,-0.2746956836090685,2
572632,0.142162029197963,0.5872879779418604,0.0,0.5,0.5,0.0,1.3333333333333333,0.1641090144261154,0.341316838923196,0.0,-0.2042491549703521,0.0,0.0,0.4641630654510255,0.0,0.0,-0.14307134752189,-0.1195850945650705,5
572669,-0.4324673067072326,-0.8273801410529529,-0.5,-0.5,0.0,0.0,2.0,0.0194205412200212,-0.658683161076804,-1.577882931182386,0.5412403216331251,1.8945304820059297,0.0,-0.5358369345489745,0.0,1.8170594925112875,0.4309666448433129,-1.3546079632618453,2
572728,-0.4077419345842769,0.7405160565023101,1.0,1.0,1.0,0.6000000000000001,0.8,0.5483738409827771,0.4919769420103195,0.0,-0.1423686188473956,1.0,0.0,-0.311497195240441,1.18274896353532,0.8170594925112873,0.4951829895428556,0.3166648449359489,5
572744,1.1495437385660767,0.9408591679901256,0.5,0.5,1.0,0.0,2.0,0.8613977298547796,-0.658683161076804,-0.7323949782604657,0.2449467451820483,0.0,0.0,0.0,0.0,1.0,0.4931190322093516,0.3002894667013825,5
572826,0.3656973972805474,0.3354537328232688,-0.5,-0.5,0.0,1.5,0.0,0.1587019472863331,-0.658683161076804,-1.577882931182386,0.1763733206847534,0.0,0.0,-0.5358369345489745,0.0,1.8170594925112875,0.1336961096988825,-0.8118682638758165,2
572870,0.2492177349283896,-0.589715259924501,-1.5,-1.0,-1.0,0.0,0.0,-5.01837906474446,-0.658683161076804,-3.801784016923932,-1.7312471447788258,-5.8849491923617165,0.0,-1.945257774202184,0.0,0.0,,,1
572898,-0.7258390367361002,-0.8024290039733696,-0.5,-0.5,0.0,0.0,2.0,0.2622421903726536,-0.658683161076804,-1.577882931182386,-0.1423686188473956,0.0,0.0,-0.5358369345489745,0.0,1.8170594925112875,0.1410445665276745,-2.568833013932218,2
572908,-1.4064436136370662,0.9182112552292012,1.0,1.5,1.0,0.0,0.0,0.6140641114345313,0.4919769420103195,0.0,-0.0548650010803214,0.0,0.0,0.0979236444127681,1.18274896353532,0.0,0.2978460931607297,0.8146077960475745,5
572932,1.032532744096677,0.3354537328232688,-1.5,-1.0,-1.0,0.0,0.0,-5.01837906474446,-0.658683161076804,-3.801784016923932,-1.7312471447788258,-5.8849491923617165,0.0,-1.945257774202184,0.0,0.0,,,1
572992,-0.3513537949525781,0.4226289536358835,0.5,1.0,1.0,0.75,0.0,0.5027536260936183,0.69823228777992,1.223901085741545,-0.2363597157400465,1.8945304820059297,0.0,0.4641630654510255,0.0,0.0,0.5586591095454674,0.8709974196973271,6
573010,1.3784918505588917,1.6068713429722938,0.0,1.0,0.5,1.5,1.0,0.2347254655047748,0.4368292053736752,1.7466597846047676,0.1763733206847534,1.8945304820059297,0.5108256237659907,0.4641630654510255,1.8662394014360388,0.0,0.6716070013343857,1.2509508499213164,5
573011,-0.3444295085470803,-0.3957040193861091,0.5,0.0,1.0,0.0,0.0,0.4979318767155203,0.1350614931535953,0.6460181545591593,0.7367495369393785,4.12205215357249,0.0,-0.5358369345489745,0.0,1.8170594925112875,1.3487017515923574,0.6978069919733781,6
573040,-0.4541779708155759,-0.3957040193861091,0.0,0.5,0.5,0.0,0.0,0.1459488631182283,-0.0955123664504794,0.0,-0.4872619880436798,0.0,0.0,0.4641630654510255,0.0,0.0,-0.5686725870526086,0.4485978402957515,0
573086,-0.8166393419914324,1.6563096498885643,0.0,0.5,1.0,1.5,2.0,0.8286252383446995,0.1350614931535953,-1.577882931182386,0.6906244755231556,0.0,0.5108256237659907,0.4641630654510255,0.0,1.2892242269941023,1.005608974848886,-0.4350195952678917,2
573122,-1.8038113146342647,-0.2752294817283874,0.5,1.0,1.0,0.0,0.0,0.1122404320027687,-0.2218539557031286,0.0,-0.1423686188473956,0.0,0.0,0.4641630654510255,0.0,0.0,-0.2803071994900609,0.1337440716028565,5
573147,0.6346203868037256,0.4509389841865806,0.5,0.5,1.0,0.0,0.0,0.4087522136159723,0.69823228777992,-0.7323949782604657,0.1038793384945924,0.0,0.0,0.0,0.0,1.0,0.1244787358379565,-0.1117130252789348,5
573153,0.3548534556187039,1.9815134121012072,0.5,1.5,1.0,0.6000000000000001,0.8,0.1311335644403132,0.4919769420103195,0.0,-0.2363597157400465,0.0,0.4054651081081644,0.4641630654510255,1.4475677406305645,0.0,-0.1916993603321273,0.7107902099972488,5
573189,0.5820818488815722,0.9520966076976962,0.5,1.0,1.0,0.0,0.0,0.4481331378823706,0.69823228777992,0.0,0.1763733206847534,0.0,0.0,0.4641630654510255,0.0,0.0,0.1257428887616061,0.8179113790725804,5
573191,-0.8530729726552201,1.195929196523542,0.0,1.0,1.0,3.0,2.0,0.6837734550490422,0.9288061473839948,2.2239010857415447,1.055491476471528,1.8945304820059297,0.5108256237659907,1.0,0.0,0.0,1.1298948127004098,1.0111163089331274,6
573237,-0.5218217693214898,-1.1222377710152045,-1.0,-0.5,-0.5,0.0,0.0,-0.6665386437303178,0.69823228777992,0.0,-0.3378778341536493,0.0,0.0,0.4641630654510255,0.0,0.0,-0.9501443546762588,-0.7343057569994756,0
573244,0.9677052114345694,0.5064929114075749,0.5,0.5,1.0,0.0,0.0,0.6808595671728478,0.1350614931535953,-0.7323949782604657,0.3718825359910068,1.0,0.0,0.0,0.0,1.0,1.0015136280091497,0.6607103689171973,5
573249,0.3439428987154379,-0.0347747680912913,0.0,0.5,0.5,0.0,1.3333333333333333,0.2380233108279882,-0.658683161076804,0.0,0.95788183388975,0.0,0.0,0.4641630654510255,0.0,0.0,0.8131091751888525,0.3323662149331202,5
573291,0.7993070904456361,0.4927349096618701,1.0,1.5,1.0,1.2000000000000002,0.0,0.0257958432947767,-0.30176771222008,0.0,0.0269891667947226,0.0,0.0,0.0979236444127681,1.18274896353532,0.0,-0.0550414911930923,0.3667992548504363,5
573365,0.2055737624391109,-0.4164379946042029,-1.0,-0.5,-1.0,3.0,0.0,-5.01837906474446,-0.658683161076804,0.0,-1.7312471447788258,-5.8849491923617165,0.0,-1.945257774202184,4.496556105601924,0.0,-5.009979129451652,-0.1665675269500974,4
573373,0.4735530932451652,-0.1796235475848035,-0.5,0.0,-0.5,1.5,0.0,-1.414867016446103,0.1350614931535953,0.0,-0.3378778341536493,0.0,0.0,-0.5358369345489745,2.6303167041658844,0.0,-1.5688037725215254,-0.6708028524298307,0
573378,-1.071491134293055,0.084613882090961,1.0,1.5,1.5,0.0,0.0,0.4352095961256225,-0.30176771222008,1.0,-0.1066395123885741,1.5479441141749286,0.0,0.4641630654510255,0.0,0.0,0.1399111589564694,1.00440216831846,5
573379,-0.5109455735858626,0.0,1.0,1.0,1.5,0.6000000000000001,0.8,0.6531660471245939,0.2614030824062447,1.0,-0.4253814519207233,2.227521671566561,0.0,0.0979236444127681,0.0,0.8170594925112873,0.3659009873194168,1.1934700757582155,6
573420,0.2996178157356711,1.0074416636596677,1.0,1.5,1.0,1.2000000000000002,0.8,0.3029315109427162,0.0,0.5227586988632229,-0.0548650010803214,1.0,0.0,0.0979236444127681,1.18274896353532,0.0,0.5372251701163279,0.6162182504745671,5
573423,0.0056834519327694,-0.9301034129840848,-1.5,-1.0,-1.0,0.0,0.0,-5.01837906474446,-0.658683161076804,-3.801784016923932,-1.7312471447788258,-5.8849491923617165,0.0,-1.945257774202184,0.0,0.0,,,1
573427,-0.0519864590307947,-0.0173189290703666,0.5,0.5,0.5,0.75,2.0,0.1459488631182283,0.69823228777992,0.0,0.7367495369393785,0.0,0.0,-0.5358369345489745,1.4475677406305645,1.0,0.369849894830914,0.2398121592266468,5
573493,-0.0190772748604111,-0.0879858281037825,0.0,0.5,0.5,2.0,1.3333333333333333,-0.5710480743108943,0.341316838923196,0.0,-0.0833673107571263,0.0,0.0,0.4641630654510255,0.0,0.0,-0.5235285127915998,0.0762210866165808,0
573518,0.1358452096877974,-0.7292238865448002,-0.5,0.0,-0.5,0.0,0.0,-0.9041379554706426,-0.658683161076804,0.0,-0.8521289889920516,0.0,0.0,-0.5358369345489745,2.6303167041658844,0.0,-1.6243044004212368,0.3326586723044019,0
573564,-0.6863062742965885,-0.3751629211508731,1.0,1.5,0.5,0.0,0.0,-0.1820387150016389,-0.30176771222008,0.0,0.222498382100976,0.0,0.0,-0.311497195240441,2.18274896353532,0.0,-0.1054610036509345,0.2148625941284052,5
573584,1.3505809525789785,0.7772174909202333,-1.0,-0.5,-0.5,3.0,4.0,-1.2950710190444592,-0.658683161076804,0.0,0.0269891667947226,0.0,0.0,0.4641630654510255,0.0,0.0,-1.2252555014827091,-1.3706994377509123,0
573588,-0.3793240929122098,0.5337543951599557,0.5,1.0,1.0,0.0,1.0,0.4087522136159723,0.1350614931535953,0.0,-0.5691161559187239,0.0,0.0,0.4641630654510255,0.0,0.0,-0.2178731578244178,0.6086307063300298,5
573621,1.0889208837283773,1.1348704085285175,0.5,1.0,1.0,0.75,0.0,0.2347254655047748,-0.2218539557031286,0.6460181545591593,-0.3378778341536493,1.0,0.0,0.4641630654510255,0.0,0.0,0.0732878156120369,0.0425791547843706,5
573648,0.1245595341394708,1.4870197192823456,0.5,1.5,1.0,0.6000000000000001,0.8,-0.0087771460788253,0.0,1.0,-0.8521289889920516,2.4424745961808583,0.4054651081081644,0.4641630654510255,1.4475677406305645,0.0,-0.7162712285368784,0.8510254244200002,6
573670,-0.6863062742965885,1.9532033815505103,1.5,1.5,2.5,0.8571428571428571,0.5714285714285712,0.873150228838549,0.22612978235164,-0.8454879529219202,0.3100019998680502,0.0,0.2876820724517809,0.1617063421381263,0.0,1.2892242269941023,0.6729468813388715,0.5071715343473125,5
573698,-0.2091917657546151,1.3227012139659713,-0.5,0.5,0.0,2.0,2.6666666666666665,-0.8366940976961261,0.341316838923196,0.0,1.055491476471528,0.0,0.6931471805599453,0.4641630654510255,2.6303167041658844,0.0,-0.2041883306366797,0.0779308532781929,5
573704,-1.423278594786403,0.3939512500814855,1.0,1.5,1.5,1.2000000000000002,0.0,0.7309109351381303,0.0,0.0,-0.0380660878912795,0.0,0.0,0.4641630654510255,0.0,0.0,0.2849161847801601,0.6511271624682611,5
573719,-0.7546253591591585,-1.5305744279146267,-1.0,-0.5,-1.0,0.0,0.0,-5.01837906474446,-0.658683161076804,0.0,-1.7312471447788258,-5.8849491923617165,0.0,-1.945257774202184,4.496556105601924,0.0,-5.009979129451652,-0.6383791686842106,4
573720,-0.699761469053222,-0.1425108733599631,0.0,0.5,0.5,0.0,0.0,0.0257958432947767,-0.0955123664504794,0.0,0.0269891667947226,0.0,0.0,0.4641630654510255,0.0,0.0,-0.3136085968943486,0.5849108171311121,5
573792,-0.5481996385258432,-1.1803503916127198,-1.0,-0.5,-0.5,0.0,0.0,-0.5209779950345411,1.491976942010319,0.0,-0.8521289889920516,0.0,0.0,0.4641630654510255,0.0,0.0,-1.3089959484443487,-0.6443140063167841,0
573807,0.85645123281867,0.3205839652723227,-0.5,0.0,0.0,0.0,0.0,0.2413082990217914,0.1350614931535953,0.0,-0.3378778341536493,0.0,0.0,0.4641630654510255,0.0,0.0,-0.2017534903746762,-0.2661838282906824,0
573841,-0.1628383653110772,-0.5672972791819948,-0.5,-0.5,0.0,0.0,0.0,-0.2826382628560088,-0.658683161076804,-1.577882931182386,0.4308838440812761,1.8945304820059297,0.0,-0.5358369345489745,0.0,1.8170594925112875,0.6633190164823007,-0.216103833930641,2
573922,0.1067808350011911,-0.4164379946042029,-0.5,0.0,0.0,1.5,2.0,-0.6334913334055133,-0.658683161076804,1.223901085741545,0.7367495369393785,1.8945304820059297,0.0,0.4641630654510255,0.0,0.0,-0.0054927254735743,-0.685748231909887,6
573926,-0.142162029197963,-1.1222377710152045,-1.5,-1.0,-1.0,0.0,0.0,-5.01837906474446,-0.658683161076804,-3.801784016923932,-1.7312471447788258,-5.8849491923617165,0.0,-1.945257774202184,0.0,0.0,,,1
573931,1.086452395195639,0.5064929114075749,0.0,0.5,0.5,0.0,2.6666666666666665,0.3459987765666413,0.69823228777992,0.8454879529219202,-0.3378778341536493,1.3087681003312956,0.0,0.4641630654510255,0.0,0.0,-0.0226956792436373,0.4859078724806165,5
573939,-0.2766320705678855,-0.5451046085908845,0.5,0.0,1.0,0.0,0.0,0.2347254655047748,0.1350614931535953,-1.577882931182386,0.7367495369393785,1.0,0.0,-0.5358369345489745,0.0,1.8170594925112875,0.8380726926724502,-0.0333349114604135,2
573946,0.4966568624603961,0.1661047583479931,-0.5,0.0,0.0,3.0,0.0,-0.3592909380231978,0.1350614931535953,0.0,-0.3378778341536493,0.0,0.0,0.4641630654510255,0.0,0.0,-0.6630649604738433,-0.2732690636961525,0
573988,-0.3680830603664354,-0.0879858281037825,0.0,0.5,0.5,0.0,0.0,-0.2980426846663403,-0.658683161076804,0.0,0.852128988992052,0.0,0.0,0.4641630654510255,0.0,0.0,0.1432032135039151,0.0995232648271991,5
574003,0.2276490403637519,1.3880635545546636,0.0,1.0,0.5,1.5,1.0,0.1273886764782729,0.1350614931535953,0.0,-0.1423686188473956,0.0,0.5108256237659907,0.4641630654510255,1.8662394014360388,0.0,-0.3223908266184946,0.7766345420676483,5
574071,-0.4077419345842769,0.1175719885109969,0.5,1.0,1.0,0.0,0.0,0.3730668178916485,0.1350614931535953,0.0,-0.1423686188473956,0.0,0.0,0.4641630654510255,0.0,0.0,0.1915618327151151,0.2423554860296884,5
574104,-0.1795545095386603,-0.1241858541912811,0.5,1.0,1.0,0.75,0.0,0.1477825926873703,0.1350614931535953,0.0,-0.2363597157400465,0.0,0.0,0.4641630654510255,0.0,0.0,-0.2257960861903077,-0.1242560111641453,5
574116,-0.5976006724053323,-1.6006803839406132,-1.0,-1.0,-0.5,0.0,4.0,-0.329723047939766,-0.658683161076804,-3.801784016923932,0.9061073225814968,3.4424745961808574,0.0,-1.945257774202184,0.0,3.10628371950539,0.6027748391505872,-5.846818380501243,3
574134,-0.1837582445505929,-0.7053517390478198,-0.5,0.0,-0.5,0.0,0.0,-1.65726747168621,0.1350614931535953,0.0,0.0269891667947226,0.0,0.0,-0.5358369345489745,2.6303167041658844,0.0,-1.4909160988193455,-0.1562936264976206,0
574150,-0.5079121361048262,-0.658368006199544,0.0,0.5,0.0,1.0,2.6666666666666665,-0.1501384356625912,0.341316838923196,0.8454879529219202,-0.1423686188473956,1.8945304820059297,0.0,-0.1695975135107168,1.8662394014360388,0.0,-0.3510981423696455,0.3514803225508885,6
574206,-0.8184433819773189,-0.7053517390478198,-0.5,-0.5,0.0,0.0,0.0,0.2044492118617907,-0.658683161076804,-1.577882931182386,-0.1423686188473956,0.0,0.0,-0.5358369345489745,0.0,1.8170594925112875,-0.1765607269370291,-0.8442893974657703,2
574279,0.6557329945603305,0.1978772796996186,0.0,0.0,0.5,1.0,1.3333333333333333,0.218039803340864,0.69823228777992,-1.0,0.1285072852083251,0.0,0.0,-0.1695975135107168,0.0,1.2892242269941023,-0.1567923195996634,-0.6493460199272796,2
574362,0.2569750827169939,-0.6352457830218333,-1.5,-1.0,-1.0,0.0,0.0,-5.01837906474446,-0.658683161076804,-3.801784016923932,-1.7312471447788258,-5.8849491923617165,0.0,-1.945257774202184,0.0,0.0,,,1
574409,0.7322401269800148,1.4515466329356972,-0.5,0.5,0.5,1.0,1.3333333333333333,-0.2675104165746464,-0.658683161076804,0.0,-1.366380143830454,0.0,0.6931471805599453,1.2398233261424922,0.0,0.0,-1.71990161808404,-0.196882956558792,0
574419,0.2770334233372471,-0.1796235475848035,-0.5,0.0,0.0,0.0,0.0,-0.3427364093751474,0.1350614931535953,0.0,-1.2169959899404237,0.0,0.0,0.4641630654510255,0.0,0.0,-1.7963151184728785,-0.5626210133073181,0
574440,0.0412623612970791,-0.3146618177495106,-0.5,0.0,0.0,0.0,0.0,0.2734724485513264,0.69823228777992,0.0,0.0269891667947226,0.0,0.0,0.4641630654510255,0.0,0.0,0.0253516973212241,0.1529553083766089,0
574465,0.0181233941281466,0.2905406156119291,0.0,0.5,0.5,0.0,0.0,0.8003385253205313,-0.0955123664504794,0.8454879529219202,-0.6566197736857983,1.3087681003312956,0.0,0.4641630654510255,0.0,0.0,-0.4243399459403786,-0.3061979797077385,6
574467,-2.1307747618054784,-0.5451046085908845,0.5,1.0,0.5,0.0,1.0,0.6160944319946661,0.4368292053736752,0.0,-0.0833673107571263,0.0,0.0,0.0,1.4475677406305645,0.0,0.1941566965051976,0.2518377087489637,5
574489,-0.2699925218508799,-0.3146618177495106,-0.5,0.0,0.0,0.0,0.0,0.1992956887355739,0.69823228777992,0.0,-0.3378778341536493,0.0,0.0,0.4641630654510255,0.0,0.0,-0.2363608566419878,-0.0172364969529574,0
574493,-0.8934048433287758,-0.4584993070321419,0.0,0.5,0.5,1.0,0.0,0.0751327678248068,0.69823228777992,0.8454879529219202,0.1285072852083251,1.3087681003312956,0.0,0.4641630654510255,0.0,0.0,0.1953800564964197,-0.6643873598632125,6
574513,1.1134188888647316,0.9520966076976962,0.5,1.0,0.0,0.0,1.0,-0.1044441943771978,0.1350614931535953,0.0,0.3100019998680502,0.0,0.0,-0.5358369345489745,2.6303167041658844,0.0,-0.0605271818829305,0.5321183280256712,5
574603,0.467729884050267,0.2291991117677428,0.5,0.5,1.0,0.75,1.0,0.479600514019741,-0.2218539557031286,0.0,0.3100019998680502,1.0,0.0,0.0,0.0,1.0,0.6002523089017386,0.1720449493043215,5
574625,0.1049931376047629,0.5337543951599557,0.5,1.0,0.5,0.0,0.0,0.3869713975206568,0.1350614931535953,0.0,0.60981374613042,0.0,0.0,0.0,1.4475677406305645,0.0,0.5125094323966679,0.3339430783204022,5
574680,1.826785052587128,1.2455526811947004,-0.5,-0.5,0.0,1.5,0.0,0.3992923085876588,0.1350614931535953,-1.577882931182386,0.3100019998680502,0.0,0.0,-0.5358369345489745,0.0,1.8170594925112875,0.4087093414391781,-0.469821430548519,2
574794,0.2770334233372471,-0.1425108733599631,-0.5,0.0,-0.5,0.0,2.0,-0.9300661059658892,0.1350614931535953,1.223901085741545,-1.7312471447788258,3.4424745961808574,0.0,-0.5358369345489745,2.6303167041658844,0.0,-5.009979129451652,-0.1879875287756508,0
574840,-0.7372976391487329,-0.589715259924501,0.0,0.5,0.0,1.0,0.0,0.3882529372117393,0.69823228777992,0.0,0.1763733206847534,0.0,0.0,-0.1695975135107168,1.8662394014360388,0.0,0.4309259805213026,0.1179460896290824,5
574885,0.4564452044207094,0.1338683882105274,-1.0,-0.5,-0.5,3.0,0.0,-1.305284458088918,-0.658683161076804,0.0,0.0269891667947226,0.0,0.0,0.4641630654510255,0.0,0.0,-1.1983103710872367,-1.5202546254140732,0
574909,0.3501857072988972,-0.0523696989290143,0.0,0.5,0.5,0.0,1.3333333333333333,0.6066589302734565,0.69823228777992,0.0,-0.6566197736857983,0.0,0.0,0.4641630654510255,0.0,0.0,-0.325612145706459,-0.0719959910237886,5
574987,-0.0696590149249183,-0.6352457830218333,-1.0,-0.5,-0.5,3.0,0.0,-1.2457822086274737,0.69823228777992,0.0,1.189120155654825,0.0,0.0,0.4641630654510255,0.0,0.0,-0.388959976544656,-2.6702394471023987,0
575051,0.89355080028439,0.9182112552292012,0.5,1.0,0.5,0.0,1.0,0.2010170343893152,0.1350614931535953,1.223901085741545,-0.2042491549703521,2.4424745961808583,0.0,0.0,1.4475677406305645,0.0,0.915694700230139,0.2390646759689567,6
575055,-0.5384822060047242,-0.0879858281037825,0.5,1.0,1.0,0.0,1.0,0.7076717786079321,0.1350614931535953,1.223901085741545,-0.0548650010803214,1.8945304820059297,0.0,0.4641630654510255,0.0,0.0,0.8372206935810771,1.0909792918528125,6
575092,0.6762271371407303,-0.1241858541912811,-1.0,-1.0,-0.5,0.0,0.0,-0.7742508386015071,-0.658683161076804,-3.801784016923932,0.7367495369393785,3.4424745961808574,0.0,-1.945257774202184,0.0,3.10628371950539,0.2014458157834188,-5.846818380501243,3
575131,-0.1095725421238259,0.8837977981322299,0.0,0.5,0.5,0.0,0.0,0.3165342918222923,0.341316838923196,0.0,-0.6566197736857983,0.0,0.0,0.4641630654510255,0.0,0.0,-0.4178553110945417,-0.883651734219358,0
575208,-0.5660050729975353,-1.0656153830619794,-1.0,-0.5,-0.5,0.0,0.0,-0.2980426846663403,-0.658683161076804,2.2239010857415447,-0.3378778341536493,3.4424745961808574,0.0,0.4641630654510255,0.0,0.0,-0.1662211103855396,-0.4001426719192748,6
575233,0.904531219885692,0.3794715120532125,0.0,-0.5,0.5,0.0,1.3333333333333333,0.1006978076036124,-0.658683161076804,-2.223901085741545,0.95788183388975,0.0,0.0,-0.9452577742021836,0.0,2.2892242269941026,0.6175131795225638,-1.965596959708412,2
575253,0.5194639458546031,-0.3146618177495106,0.0,0.5,0.0,1.0,0.0,-0.1712705377199262,0.341316838923196,0.0,-0.5691161559187239,0.0,0.0,-0.1695975135107168,1.8662394014360388,0.0,-0.8135350217593769,-0.0484754334990906,0
575299,0.1442626529950561,-0.2173706571356206,0.0,0.5,0.5,1.0,0.0,0.485755387292567,0.341316838923196,1.577882931182386,-0.6566197736857983,2.4424745961808583,0.0,0.4641630654510255,0.0,0.0,0.2237312160956316,0.4146978766154001,6
575419,0.4114358187962695,-0.0173189290703666,1.0,1.0,0.5,0.0,1.6,0.4494146566152751,0.0,0.5227586988632229,0.852128988992052,1.3087681003312956,0.0,-0.7756602606914664,2.18274896353532,0.8170594925112873,1.0098802734953976,0.877834063121662,5
575433,1.2871152322195962,0.6004710149305419,0.0,0.0,0.5,0.0,0.0,0.835131822062608,0.341316838923196,-1.0,-0.0833673107571263,0.0,0.0,-0.1695975135107168,0.0,1.2892242269941023,0.5718371107966276,0.1200512313827046,2
575459,0.3313910640472022,0.084613882090961,0.5,1.0,1.0,0.75,0.0,0.479600514019741,0.1350614931535953,1.223901085741545,0.2449467451820483,1.8945304820059297,0.0,0.4641630654510255,0.0,0.0,0.8494326070681257,0.447884980396607,6
575500,-0.1921956818600621,-0.5451046085908845,-0.5,0.0,0.0,0.0,0.0,0.1730443940735816,-0.658683161076804,0.0,-0.8521289889920516,0.0,0.0,0.4641630654510255,0.0,0.0,-0.7378738382480837,0.2148695880295139,0
575528,-0.4829752756262309,-0.5672972791819948,-0.5,0.0,0.0,0.0,0.0,0.5729815075618246,-0.658683161076804,0.0,0.3100019998680502,0.0,0.0,0.4641630654510255,0.0,0.0,0.5517973738805084,-0.2972528028692432,0
575554,-0.6947038181364555,1.8660281607378957,-0.5,0.5,-0.5,2.0,1.3333333333333333,-5.01837906474446,0.9999999999999998,0.0,-1.7312471447788258,-5.8849491923617165,0.6931471805599453,-0.5358369345489745,4.496556105601924,0.0,-5.009979129451652,0.0197834667816292,4
575561,-0.4778593511670246,-0.3346452313910828,0.0,0.5,0.5,0.0,0.0,0.1676945449619792,0.69823228777992,0.0,-0.3378778341536493,0.0,0.0,0.4641630654510255,0.0,0.0,-0.26682839670559,-0.0625911290378333,0
575576,0.7352529813299861,0.8370626750721992,0.0,0.5,0.5,1.0,0.0,0.5741639624164553,-0.0955123664504794,0.0,-0.3378778341536493,0.0,0.0,0.4641630654510255,0.0,0.0,0.2399874677715046,-0.5194143570991745,5
575677,0.0833992276722917,0.4927349096618701,1.0,1.0,1.5,0.6000000000000001,0.0,0.799493755787792,-0.30176771222008,-0.5778829311823854,0.407611642449828,0.8092012510390698,0.0,0.0979236444127681,0.0,0.8170594925112873,0.8645066707526189,-0.295368111768012,5
575692,-0.8031671367117821,-1.9470124225188288,-1.5,-1.0,-1.0,0.0,0.0,-5.01837906474446,-0.658683161076804,-3.801784016923932,-1.7312471447788258,-5.8849491923617165,0.0,-1.945257774202184,0.0,0.0,,,1
575711,1.0827432176273992,0.8252226888668068,0.0,0.0,0.5,0.0,0.0,0.0528779748941063,0.341316838923196,-1.0,1.230707468388949,0.0,0.0,-0.1695975135107168,0.0,1.2892242269941023,0.6279161430416396,0.0891561035473016,2
575733,1.527033040805398,0.7405160565023101,-1.5,-1.0,-1.0,0.0,0.0,-5.01837906474446,-0.658683161076804,-3.801784016923932,-1.7312471447788258,-5.8849491923617165,0.0,-1.945257774202184,0.0,0.0,,,1
575756,0.7239283273612136,1.4245627679790984,0.0,0.5,0.5,0.75,1.0,0.2112719082843872,-0.658683161076804,-0.7323949782604657,0.0269891667947226,0.0,0.5108256237659907,-0.1695975135107168,1.8662394014360388,1.2892242269941023,-0.3280379943145221,1.1677259028757183,5
575774,0.5807140573519755,0.2291991117677428,0.0,0.5,0.5,0.0,0.0,0.119848595697766,-0.0955123664504794,0.0,0.3100019998680502,0.0,0.0,0.4641630654510255,0.0,0.0,0.193091646212803,0.3875962248561244,5
575809,1.6419165695831226,1.1858692605047223,0.0,0.0,0.5,0.0,0.0,0.260641600250827,-0.658683161076804,-1.0,0.3100019998680502,0.0,0.0,-0.1695975135107168,0.0,1.2892242269941023,0.1439376757486045,0.2454852214487389,2
575823,0.8436857278714233,0.5606834135017086,-1.0,-0.5,-0.5,3.0,0.0,-0.9705185974517686,-0.658683161076804,2.2239010857415447,-1.7312471447788258,3.4424745961808574,0.0,0.4641630654510255,0.0,0.0,-5.009979129451652,0.3060657891757702,6
575868,0.2075042813394017,-0.5451046085908845,-0.5,0.0,-0.5,0.0,2.0,-1.1131638141497602,0.69823228777992,0.0,-0.8521289889920516,0.0,0.0,-0.5358369345489745,2.6303167041658844,0.0,-1.9078167737939864,-0.0956197294162319,0
575908,-1.3634051540010357,1.018346140816755,0.0,1.0,0.5,0.75,1.0,0.0528779748941063,0.1350614931535953,0.6460181545591593,-0.3378778341536493,1.8945304820059297,0.5108256237659907,0.4641630654510255,1.8662394014360388,0.0,0.0056097890975071,0.6753877971272197,5
575923,-0.9508055120417732,-1.462625924074788,-0.5,-0.5,0.0,0.0,0.0,-0.2615345163169901,-0.658683161076804,0.0,1.366380143830454,1.8945304820059297,0.0,-0.5358369345489745,0.0,1.8170594925112875,0.7508237984608249,-1.6786245489972544,2
575964,0.2081794675149543,-0.1984164451611818,-1.5,-1.0,-1.0,0.0,0.0,-5.01837906474446,-0.658683161076804,-3.801784016923932,-1.7312471447788258,-5.8849491923617165,0.0,-1.945257774202184,0.0,0.0,,,1
575971,-0.0306227795262138,0.6266032978723975,1.0,1.5,1.5,0.0,2.4,0.7970136935983487,0.4919769420103195,0.0,0.3100019998680502,0.0,0.0,0.4641630654510255,0.0,0.0,0.6681304037584903,0.464935655764035,5
576040,-0.2436797855732951,-0.1241858541912811,-0.5,0.0,0.0,0.0,2.0,-0.4074525263263,-0.658683161076804,0.0,-0.3378778341536493,0.0,0.0,0.4641630654510255,0.0,0.0,-0.8656111711039943,-0.0632788570717893,0
576103,1.2871152322195962,2.227486627646236,-0.5,0.0,0.5,1.0,2.6666666666666665,-0.2705143356366513,-0.0955123664504794,-2.223901085741545,1.189120155654825,4.337005078186787,0.6931471805599453,0.4641630654510255,0.0,1.8170594925112875,1.0908447549691616,-1.9106244270711183,2
576136,0.8889555138569827,0.5064929114075749,0.0,0.0,0.5,1.0,1.3333333333333333,0.3842087773263074,-0.0955123664504794,-1.0,0.5412403216331251,1.3087681003312956,0.0,-0.1695975135107168,0.0,1.2892242269941023,0.9970225737546256,-0.7010010754156275,2
576159,-0.1386415578502644,-0.5231327642549591,-0.5,-0.5,0.0,0.0,0.0,-0.3074223555998511,0.1350614931535953,-1.577882931182386,0.6427584400467276,0.0,0.0,-0.5358369345489745,0.0,1.8170594925112875,0.0845480125059167,-3.0862329554674037,2
576169,0.5943448012581543,0.6135758138503429,1.0,1.5,1.0,0.0,0.8,0.5472344244407065,0.4919769420103195,0.0,-0.2363597157400465,0.0,0.0,0.0979236444127681,1.18274896353532,0.0,0.0375304568617601,0.2888875034273206,5
576231,0.50524387619024,0.1978772796996186,-0.5,-0.5,0.0,0.0,2.0,0.3828240631207255,-0.658683161076804,-1.577882931182386,-0.1423686188473956,0.0,0.0,-0.5358369345489745,0.0,1.8170594925112875,0.0285799797113623,-1.8992917712007928,2
576272,-0.1545389239780106,0.0511563914573724,0.5,1.0,0.5,0.75,0.0,0.6591774762217456,0.1350614931535953,0.0,-0.4872619880436798,0.0,0.0,0.0,1.4475677406305645,0.0,-0.0846230776296541,0.230270107606559,5
576357,-0.0578577940088147,-0.7292238865448002,-0.5,-0.5,0.0,0.0,0.0,-0.6617375002305357,0.1350614931535953,-1.577882931182386,0.5412403216331251,3.4424745961808574,0.0,-0.5358369345489745,0.0,1.8170594925112875,0.2025772618107465,-1.7857751733783618,2
576366,1.074058226172515,0.4509389841865806,0.0,0.5,0.0,0.0,0.0,-0.9568175085094904,0.341316838923196,0.0,0.4308838440812761,0.0,0.0,-0.1695975135107168,1.8662394014360388,0.0,-0.607564332574132,-0.0938100104561539,0
576369,0.2228733525887787,-0.3548111444861987,-1.0,-0.5,-0.5,0.0,0.0,-0.9300661059658892,-0.658683161076804,0.0,-0.3378778341536493,0.0,0.0,0.4641630654510255,0.0,0.0,-1.1677352192577883,-2.275499278595741,0
576370,-0.0344880198186815,0.0342356026297282,-0.5,0.5,0.5,1.0,1.3333333333333333,0.8121355065163913,-0.0955123664504794,0.0,1.1016165378877505,0.0,0.6931471805599453,1.2398233261424922,0.0,0.0,1.3068367447017124,1.1986064355164954,5
576373,-0.2967009531759736,-0.3346452313910828,0.5,0.0,1.0,0.75,0.0,0.2781929001380224,0.1350614931535953,-0.7323949782604657,0.7812558369313752,1.0,0.0,-0.5358369345489745,0.0,1.8170594925112875,0.4272155086123211,0.08735501722046,2
576541,0.4851425452220668,-0.2364889768829301,0.0,0.5,0.0,1.0,0.0,-0.1143864737947603,0.69823228777992,1.577882931182386,-0.8521289889920516,0.0,0.0,-0.1695975135107168,1.8662394014360388,0.0,-0.9744052907902246,0.3206590692817854,0
576612,-1.0168382925164503,0.4226289536358835,1.0,1.5,1.0,0.0,0.0,0.5181538234910976,-0.30176771222008,1.0,0.2449467451820483,1.8945304820059297,0.0,0.0979236444127681,1.18274896353532,0.0,0.5442572289707243,0.8827356515009976,5
576663,0.8233409783420634,0.3354537328232688,-1.0,-0.5,-0.5,0.0,0.0,-0.2918470802486814,-0.658683161076804,0.0,-1.7312471447788258,0.0,0.0,0.4641630654510255,0.0,0.0,-5.009979129451652,-3.555244035333456,0
576668,1.4113670873260926,0.9520966076976962,-1.5,-1.0,-1.0,0.0,0.0,-5.01837906474446,-0.658683161076804,-3.801784016923932,-1.7312471447788258,-5.8849491923617165,0.0,-1.945257774202184,0.0,0.0,,,1
576677,-0.5964625261226147,1.9815134121012072,0.5,1.5,1.5,1.2000000000000002,0.8,0.578569715745519,0.0,0.0,-0.3378778341536493,0.0,0.4054651081081644,0.8735839051042346,0.0,0.0,-0.0224871102282097,-0.7095161383459273,5
576691,-0.8016765137007411,0.4788906502885904,1.0,1.0,1.0,0.0,0.8,0.4286727254464961,0.2614030824062447,-0.5778829311823854,0.2449467451820483,1.0,0.0,-0.311497195240441,1.18274896353532,0.8170594925112873,1.138302475569425,0.3532363810659709,5
576712,0.2737835098716158,-0.6352457830218333,-1.0,-1.0,-0.5,0.0,0.0,-0.73157851013244,-0.658683161076804,-3.801784016923932,1.521876595833502,0.0,0.0,-1.945257774202184,0.0,3.10628371950539,0.2367665643391102,-5.846818380501243,3
576765,-0.2699925218508799,1.235716797952375,-1.0,0.0,-0.5,1.5,2.0,-5.01837906474446,-0.658683161076804,0.0,-1.7312471447788258,-5.8849491923617165,1.0986122886681096,0.4641630654510255,4.496556105601924,0.0,-5.009979129451652,0.2003676068604348,4
576785,-0.5648869884699578,-1.6365860878501548,-1.5,-1.0,-1.0,0.0,0.0,-5.01837906474446,-0.658683161076804,-3.801784016923932,-1.7312471447788258,-5.8849491923617165,0.0,-1.945257774202184,0.0,0.0,,,1
576833,0.0779594769776433,-0.0701059560259865,0.5,1.0,0.5,0.75,0.0,0.1006978076036124,-0.658683161076804,0.0,-0.6566197736857983,0.0,0.0,0.0,1.4475677406305645,0.0,-1.0016827564426103,0.5204965155106602,0
576846,0.2709931287581351,-0.4584993070321419,-1.0,-1.0,-0.5,0.0,0.0,-0.1244474698007082,-0.658683161076804,-3.801784016923932,0.0269891667947226,3.4424745961808574,0.0,-1.945257774202184,0.0,3.10628371950539,0.2579619288963139,-5.846818380501243,3
576849,0.9208756040652278,2.554352680048621,0.5,0.5,1.5,1.2000000000000002,0.8,0.9717053480046668,0.0,-1.9562960640020104,0.6230944895081695,0.0,0.4054651081081644,0.0,0.0,1.8170594925112875,0.9060613340978524,-0.0864200884868126,2
576879,-0.5305709358486819,-1.1803503916127198,-1.0,-0.5,-0.5,0.0,0.0,-0.763378450274648,0.69823228777992,0.0,-0.8521289889920516,0.0,0.0,0.4641630654510255,0.0,0.0,-1.50847115512633,-0.8764819220638078,0
576922,0.9242618342871752,0.1978772796996186,-1.5,-1.0,-1.0,0.0,0.0,-5.01837906474446,-0.658683161076804,-3.801784016923932,-1.7312471447788258,-5.8849491923617165,0.0,-1.945257774202184,0.0,0.0,,,1
576945,-0.6390673935933896,-1.332697148215006,-1.0,-0.5,-0.5,0.0,0.0,-0.9500496134530128,0.69823228777992,0.0,-0.8521289889920516,0.0,0.0,0.4641630654510255,0.0,0.0,-1.6620858371601823,-0.3285568291924011,0
576962,0.7915470465839834,0.3056133849682904,0.0,-0.5,0.0,1.0,0.0,-0.6061614218076303,-0.658683161076804,-2.223901085741545,0.9061073225814968,0.0,0.0,-1.945257774202184,1.8662394014360388,2.2892242269941026,-0.1125485033816408,0.4926206152799864,2
576966,1.380237381130255,0.8013505413698264,-0.5,0.0,0.0,0.0,0.0,-0.0946178625527365,-0.658683161076804,0.0,0.0269891667947226,0.0,0.0,0.4641630654510255,0.0,0.0,-0.1977143273805633,-0.5321128646375082,0
576985,0.0056834519327694,-0.1984164451611818,0.5,0.5,1.0,0.75,0.0,0.7650507214326334,-0.2218539557031286,-0.7323949782604657,1.366380143830454,0.0,0.0,0.0,0.0,1.0,1.3481242292796918,0.0392860429727262,2
577007,1.1872838510046817,0.4226289536358835,0.0,-0.5,0.5,1.0,0.0,0.0194205412200212,0.341316838923196,-2.223901085741545,0.6748690008164222,0.0,0.0,-0.9452577742021836,0.0,2.2892242269941026,0.3315045182547741,-0.9152613570601422,2
577044,0.5878150982657808,0.8013505413698264,0.0,0.5,0.0,0.0,1.3333333333333333,0.2843369473430812,-0.0955123664504794,0.8454879529219202,-1.7312471447788258,0.0,0.0,-0.1695975135107168,1.8662394014360388,0.0,-5.009979129451652,-0.0387598648850876,0
577046,-0.574975179001099,-1.3013753161468835,-1.0,-0.5,-0.5,0.0,0.0,-1.5684908692996635,-0.658683161076804,0.0,0.0269891667947226,0.0,0.0,0.4641630654510255,0.0,0.0,-1.4169942212625797,-1.9600270567382891,0
577074,-1.3126220872866037,-0.8781444948462946,0.5,0.5,1.0,0.75,0.0,0.4519718616265066,0.1350614931535953,-0.7323949782604657,0.0269891667947226,1.0,0.0,0.0,0.0,1.0,0.3445233552518908,-0.6741477632925658,2
577089,-1.1422605445110343,-1.0378395182527564,0.0,0.5,0.0,0.0,0.0,-0.1739497081948526,0.341316838923196,0.0,-0.3378778341536493,0.0,0.0,-0.1695975135107168,1.8662394014360388,0.0,-0.4215533875220197,0.2604535800715056,0
577115,0.5779753101425147,0.6779579877571728,0.5,0.5,1.0,0.75,1.0,0.7649890871112757,-0.658683161076804,-0.7323949782604657,0.1763733206847534,0.0,0.0,0.0,0.0,1.0,0.5207248265506234,0.1114729985489453,5
577145,1.855719702821646,1.5477585779611254,1.5,1.0,1.5,0.4999999999999998,0.0,0.4154448493136884,0.341316838923196,0.4390194395059628,0.407611642449828,2.856712214506226,0.0,-0.5358369345489745,1.0,1.2892242269941023,0.76234945192284,0.4074686139414682,5
577180,0.3219186297891719,0.1978772796996186,1.0,1.5,1.5,0.6000000000000001,0.0,0.8383663688541109,0.2614030824062447,0.0,0.0269891667947226,0.0,0.0,0.4641630654510255,0.0,0.0,0.1261637614219085,0.1354345670235462,5
577208,1.7283135364039692,0.9182112552292012,-0.5,-0.5,0.0,0.0,0.0,-0.4510449230288068,-0.658683161076804,-1.577882931182386,0.0269891667947226,0.0,0.0,-0.5358369345489745,0.0,1.8170594925112875,-0.8947965731756141,-1.4561509974982425,2
577215,0.4362047892043532,-0.1060116599355281,-1.0,-0.5,-0.5,0.0,0.0,-0.3830276740076228,-0.658683161076804,0.0,-0.3378778341536493,0.0,0.0,0.4641630654510255,0.0,0.0,-0.7162712285368784,-1.0045436525343323,0
577216,1.1878672233907446,0.5064929114075749,0.5,0.0,1.0,0.75,2.0,0.8495904907340862,0.1350614931535953,-1.577882931182386,0.0269891667947226,0.0,0.0,-0.5358369345489745,0.0,1.8170594925112875,0.4923353975055006,-0.3503499777246599,2
577225,0.096027559690099,0.3502240363019069,-0.5,0.0,0.0,0.0,0.0,0.0731337196642206,1.1350614931535954,1.223901085741545,-0.3378778341536493,1.8945304820059297,0.0,0.4641630654510255,0.0,0.0,-0.1054610036509345,-0.2607067060391169,6
577255,-0.6097864986882443,-0.2364889768829301,0.0,0.0,0.5,1.0,1.3333333333333333,0.0487677306243735,-0.0955123664504794,0.8454879529219202,-0.3378778341536493,3.4424745961808574,0.0,-0.1695975135107168,0.0,1.2892242269941023,0.0017440981766075,0.4298833778841501,6
577287,0.2475678720940918,1.521931942765189,0.5,1.5,1.5,0.6000000000000001,1.6,0.54151411459228,0.0,0.0,0.2582274885597975,0.0,0.4054651081081644,0.8735839051042346,0.0,0.0,0.2141434895982589,0.5822825871904654,5
577356,0.2286026388905004,-0.3146618177495106,-1.0,-0.5,-0.5,3.0,0.0,-1.889329166485857,-0.658683161076804,0.0,-0.8521289889920516,0.0,0.0,0.4641630654510255,0.0,0.0,-2.4350339852475917,-0.553740828849672,0
577381,0.2015854277331339,-0.6817349135302966,-1.5,-1.0,-1.0,0.0,0.0,-5.01837906474446,-0.658683161076804,-3.801784016923932,-1.7312471447788258,-5.8849491923617165,0.0,-1.945257774202184,0.0,0.0,,,1
577386,1.3872023987363475,0.8722064217150826,-0.5,0.0,-0.5,0.0,0.0,-1.2268466161428315,0.1350614931535953,1.223901085741545,0.0269891667947226,3.4424745961808574,0.0,-0.5358369345489745,2.6303167041658844,0.0,-0.6539327234717891,0.2180319430456348,6
577410,-1.1278792739247545,0.0511563914573724,1.0,0.5,1.5,0.0,0.8,0.2750488725929357,0.2614030824062447,-1.2239010857415449,0.2042491549703524,0.8092012510390698,0.0,-0.311497195240441,0.0,1.5078734502500786,0.2581010795463013,-0.6109647782204753,2
577534,-0.1795545095386603,-0.5013773948113078,-1.0,-0.5,-0.5,3.0,0.0,-0.5540253053593464,0.69823228777992,2.2239010857415447,-1.7312471447788258,3.4424745961808574,0.0,0.4641630654510255,0.0,0.0,-5.009979129451652,-0.4592279030075299,6
577539,-0.1820755563968706,-0.7292238865448002,-0.5,0.0,0.0,0.0,0.0,0.603390585690899,0.69823228777992,0.0,-0.3378778341536493,0.0,0.0,0.4641630654510255,0.0,0.0,0.0964456062704932,-1.0315197782140766,0
577541,-0.2766320705678855,2.0778343828326795,0.0,1.0,0.5,1.5,2.0,-0.3559539102774862,0.1350614931535953,0.0,-0.1423686188473956,0.0,0.5108256237659907,0.4641630654510255,1.8662394014360388,0.0,-0.5886710694975155,-0.3972136156282815,5
577598,-0.5991193362117582,-0.2752294817283874,0.5,1.5,1.0,1.2000000000000002,0.8,0.2543216604571728,0.2614030824062447,1.0,0.0269891667947226,0.0,0.4054651081081644,0.4641630654510255,1.4475677406305645,0.0,0.0015930497746253,1.263751987459203,5
577617,-0.360628370667163,0.7031942868616717,1.0,1.5,0.5,0.6000000000000001,0.0,0.3254823235723821,0.2614030824062447,0.0,-0.3378778341536493,0.0,0.0,-0.311497195240441,2.18274896353532,0.0,-0.0823459403234135,0.0856315037773306,5
577625,-1.064566847887558,-0.3751629211508731,-0.5,0.0,-0.5,0.0,0.0,-0.1194019552965795,0.1350614931535953,0.0,-0.8521289889920516,0.0,0.0,-0.5358369345489745,2.6303167041658844,0.0,-0.978532610634546,-0.0102326576653887,0
577626,0.9874031273530453,0.8013505413698264,0.5,1.0,1.0,0.75,2.0,0.7067287472789838,0.1350614931535953,0.0,-0.1423686188473956,0.0,0.0,0.4641630654510255,0.0,0.0,0.0298139166357322,0.0215837416615528,5
577638,1.1495437385660767,0.7893169849572652,1.0,1.5,1.5,0.6000000000000001,0.8,0.8301995563455007,0.2614030824062447,0.0,0.0269891667947226,0.0,0.0,0.4641630654510255,0.0,0.0,0.6045541606583896,0.4393752547415974,5
577643,0.6266380038686127,-0.1425108733599631,-1.5,-1.0,-1.0,0.0,0.0,-5.01837906474446,-0.658683161076804,-3.801784016923932,-1.7312471447788258,-5.8849491923617165,0.0,-1.945257774202184,0.0,0.0,,,1
577667,-0.8465119115795414,-1.7863486988832475,-1.0,-0.5,-1.0,0.0,0.0,-5.01837906474446,-0.658683161076804,0.0,-1.7312471447788258,-5.8849491923617165,0.0,-1.945257774202184,4.496556105601924,0.0,-5.009979129451652,-1.1607420563522048,4
577682,-0.4036542982266811,-1.0378395182527564,-1.0,-0.5,-0.5,0.0,0.0,-1.5273803548170757,0.69823228777992,0.0,-1.7312471447788258,0.0,0.0,0.4641630654510255,0.0,0.0,-5.009979129451652,-0.7451852500552322,0
577851,-0.5446598721057023,1.235716797952375,-0.5,0.5,0.5,1.0,1.3333333333333333,-0.4737170999272641,-0.658683161076804,0.0,1.4889319019171945,0.0,0.6931471805599453,1.2398233261424922,0.0,0.0,0.3377344585163203,0.4963193945532005,5
577901,0.6186195829651456,0.5472599549180527,-1.0,0.0,0.0,1.5,2.0,0.4194350623166895,1.491976942010319,3.801784016923932,1.6158676927261533,3.4424745961808574,1.0986122886681096,1.8735839051042344,0.0,0.0,1.7229582527302991,1.083623071418565,6
577915,-0.4512398771539826,0.2291991117677428,0.5,1.0,1.0,0.75,0.0,0.5752675623181134,0.69823228777992,0.0,0.4308838440812761,0.0,0.0,0.4641630654510255,0.0,0.0,0.8821538382059765,0.2698689705062319,5
577921,-1.638824847510617,-1.9890737349467675,-0.5,-0.5,0.0,0.0,0.0,-0.101976847359489,-0.658683161076804,-1.577882931182386,0.6427584400467276,0.0,0.0,-0.5358369345489745,0.0,1.8170594925112875,0.5938305250680673,-2.441846203046695,2
577930,-0.0229174433043562,-0.2557742709686207,0.5,0.5,1.0,0.0,1.0,0.5675118351989864,-0.2218539557031286,-0.7323949782604657,-0.2363597157400465,0.0,0.0,0.0,0.0,1.0,0.1714594163161347,-0.479458362444796,2
577944,-0.2511580164673824,-0.8526164401574539,-1.0,-1.0,-0.5,0.0,4.0,-1.3917806845113108,-0.658683161076804,-3.801784016923932,0.7367495369393785,3.4424745961808574,0.0,-1.945257774202184,0.0,3.10628371950539,-0.3842004643940309,-5.846818380501243,3
577984,1.2004601334001264,0.1338683882105274,0.0,0.5,0.5,0.0,0.0,0.4339062727343475,-0.0955123664504794,0.0,0.222498382100976,0.0,0.0,0.4641630654510255,0.0,0.0,0.0506728349645566,0.142642926223226,5
578058,0.0523513289323201,-0.7533569369943934,-1.0,-0.5,-0.5,0.0,0.0,-0.8485618770477372,0.69823228777992,0.0,-0.8521289889920516,0.0,0.0,0.4641630654510255,0.0,0.0,-1.5785699577239165,-0.7778753078019369,0
578088,-0.6863062742965885,-0.1796235475848035,0.0,0.5,0.0,0.0,1.3333333333333333,0.3135303727602875,-0.658683161076804,0.0,-0.3378778341536493,0.0,0.0,-0.1695975135107168,1.8662394014360388,0.0,-0.1422653350087875,-0.1149087309243246,0
578120,-0.5323259530007749,-0.4584993070321419,0.0,0.0,0.5,0.0,0.0,0.1367198726668031,0.341316838923196,-1.0,0.0269891667947226,0.0,0.0,-0.1695975135107168,0.0,1.2892242269941023,0.0613799404926248,0.0672297286789292,2
578164,-1.2493931494619812,-0.1241858541912811,-0.5,0.0,0.0,0.0,0.0,-0.5972449533698806,0.1350614931535953,0.0,-0.8521289889920516,0.0,0.0,0.4641630654510255,0.0,0.0,-1.5310590705809537,-0.3388281386719622,0
578396,-1.0412241751052849,-1.2400338123026975,0.0,-0.5,0.5,1.0,0.0,0.4746440385249632,-0.0955123664504794,-2.223901085741545,0.5412403216331251,0.0,0.0,-0.9452577742021836,0.0,2.2892242269941026,0.6547344785232397,-0.2685595847740459,2
578459,-0.9072657503926238,-1.0937450900539751,0.0,0.5,-0.5,0.0,0.0,-1.0350896314257456,0.341316838923196,0.0,-0.3378778341536493,0.0,0.0,-0.9452577742021836,3.313807142066604,0.0,-1.2545218013931816,0.2569657438039681,0
578488,-0.9378885299188376,-0.4584993070321419,-0.5,0.0,0.0,1.5,0.0,-0.1118898841031928,0.69823228777992,0.0,-0.5691161559187239,0.0,0.0,0.4641630654510255,0.0,0.0,-0.5561787772068475,-1.5189722388164162,0
578503,-0.093499335471865,-0.4164379946042029,0.0,0.0,0.5,0.0,1.3333333333333333,-0.0243606518992428,0.341316838923196,-1.0,0.3918561677430946,0.0,0.0,-0.1695975135107168,0.0,1.2892242269941023,0.2304967374140352,-0.9598707455891607,2
578511,-1.0525139266979389,-0.8273801410529529,-1.0,-0.5,-0.5,0.0,0.0,-1.3693100620700909,-0.658683161076804,2.2239010857415447,-0.3378778341536493,3.4424745961808574,0.0,0.4641630654510255,0.0,0.0,-1.0527391460374853,0.2837742115373552,6
578549,-0.5079121361048262,0.7405160565023101,0.5,1.0,1.0,0.0,2.0,0.3674400964516086,0.1350614931535953,0.0,0.6427584400467276,0.0,0.0,0.4641630654510255,0.0,0.0,0.5872838009667962,0.3033968946409369,5
578607,-0.1753607007107251,0.7650513326678573,1.5,1.5,1.0,0.4999999999999998,0.0,0.7436502465521319,0.341316838923196,-0.4772413011367771,-0.5691161559187239,1.0,0.0,-0.5358369345489745,1.8662394014360388,0.690813957738791,0.389983331305643,0.3150370280188035,5
578824,-1.277217382434204,-0.160989241751724,1.0,1.5,1.5,0.0,0.0,0.4181070897731531,0.0,0.0,-0.1791334945787352,0.0,0.0,0.4641630654510255,0.0,0.0,0.2010682564566065,0.5776556092931728,5
578866,0.0587880641648109,-0.8781444948462946,-1.5,-1.0,-1.0,0.0,0.0,-5.01837906474446,-0.658683161076804,-3.801784016923932,-1.7312471447788258,-5.8849491923617165,0.0,-1.945257774202184,0.0,0.0,,,1
578872,0.2770334233372471,-0.1425108733599631,-0.5,0.0,0.0,1.5,0.0,0.1694816048141706,0.1350614931535953,0.0,-0.3378778341536493,0.0,0.0,0.4641630654510255,0.0,0.0,-0.2609209046438022,-1.2384847271021495,0
578886,1.686269826672102,0.8605538768015021,-0.5,-0.5,-0.5,0.0,0.0,-0.6665386437303178,0.1350614931535953,0.0,-0.3378778341536493,0.0,0.0,-1.945257774202184,2.6303167041658844,1.8170594925112875,-0.9501443546762588,-0.1512080816114117,0
578892,-0.3863860394463917,0.5064929114075749,0.5,1.0,1.0,0.75,0.0,0.1676945449619792,0.1350614931535953,0.0,-0.5691161559187239,0.0,0.0,0.4641630654510255,0.0,0.0,-0.4825605066110255,0.6381456771157784,5
578929,0.6202261658095657,-0.0347747680912913,0.0,0.5,0.0,1.0,0.0,-0.1929462900323835,0.341316838923196,0.8454879529219202,-0.5691161559187239,1.8945304820059297,0.0,-0.1695975135107168,1.8662394014360388,0.0,-0.526433998153649,0.3985099785814505,6
578938,0.5006693026029081,-0.0173189290703666,1.0,1.0,1.0,0.0,0.8,0.644067715603926,0.69823228777992,-0.5778829311823854,0.3718825359910068,0.0,0.0,-0.311497195240441,1.18274896353532,0.8170594925112873,0.6628923044180265,0.6140090772985233,5
578947,-0.7372976391487329,-0.4798342762580817,0.5,0.5,1.0,0.75,2.0,0.16590368689258,-0.2218539557031286,-0.7323949782604657,0.6906244755231556,0.0,0.0,0.0,0.0,1.0,0.5612249642690303,-0.0231049560523329,2
578993,-0.6151442017357147,-0.8781444948462946,-0.5,0.0,0.0,0.0,0.0,-0.4623047574617973,-0.658683161076804,0.0,-1.2169959899404237,0.0,0.0,0.4641630654510255,0.0,0.0,-2.171011025475024,0.0732454951166257,0
579021,0.4618875195274774,-0.3548111444861987,-1.0,-0.5,-0.5,0.0,0.0,-1.1131638141497602,0.69823228777992,0.0,-0.8521289889920516,0.0,0.0,0.4641630654510255,0.0,0.0,-1.7963151184728785,-0.7413358752362623,0
579040,0.4570041587017673,-0.1060116599355281,-1.5,-1.0,-1.0,0.0,0.0,-5.01837906474446,-0.658683161076804,-3.801784016923932,-1.7312471447788258,-5.8849491923617165,0.0,-1.945257774202184,0.0,0.0,,,1
579065,-0.4149180138957635,0.2905406156119291,0.5,1.0,1.0,1.5,0.0,0.6297165442789523,0.1350614931535953,0.0,0.1763733206847534,0.0,0.0,0.4641630654510255,0.0,0.0,0.619085675546803,0.0111066225134182,5
579230,-0.3005494426848057,-1.0937450900539751,-1.0,-0.5,-1.0,0.0,0.0,-5.01837906474446,0.69823228777992,0.0,-1.7312471447788258,-5.8849491923617165,0.0,-1.945257774202184,4.496556105601924,0.0,-5.009979129451652,-1.254114492859629,4
579275,-0.976924765317542,0.0,1.0,1.5,2.0,1.0,0.6666666666666664,0.9675614130728708,0.1350614931535953,0.4390194395059628,0.60981374613042,0.0,0.3364722366212129,0.4641630654510255,0.0,0.8170594925112873,1.3324203555941962,1.3796543137688666,5
579307,0.6478451479311605,1.4957996598233354,1.0,2.0,1.5,0.4999999999999998,0.6666666666666664,0.8212447671765721,0.1350614931535953,0.0,-1.1351418220653793,0.0,0.3364722366212129,0.4641630654510255,1.18274896353532,0.0,-0.9305558292140852,0.1541126635022105,5
579323,-0.4898195122786246,0.2446949798295298,0.0,0.5,0.5,0.0,1.3333333333333333,0.2146626509062495,0.69823228777992,0.0,-0.4872619880436798,0.0,0.0,0.4641630654510255,0.0,0.0,-0.3171081521788982,0.0148196613934459,5
579404,-0.5493072638897125,0.1338683882105274,0.5,1.0,1.0,0.0,0.0,0.224753770373741,-0.658683161076804,1.223901085741545,-0.2363597157400465,1.8945304820059297,0.0,0.4641630654510255,0.0,0.0,-0.0105986961645694,0.629724376388303,6
579503,0.0085183722687405,-0.9565486648353788,-1.5,-1.0,-1.0,0.0,0.0,-5.01837906474446,-0.658683161076804,-3.801784016923932,-1.7312471447788258,-5.8849491923617165,0.0,-1.945257774202184,0.0,0.0,,,1
579547,0.6234349782693877,0.0,0.0,0.5,0.0,0.0,0.0,-0.428966845856491,0.69823228777992,0.8454879529219202,0.3100019998680502,1.8945304820059297,0.0,-0.1695975135107168,1.8662394014360388,0.0,0.2189631254077647,0.4097145197350356,6
579589,0.8797291179737622,0.9964830697690392,1.5,2.0,1.5,0.4999999999999998,0.6666666666666664,1.0416976807032263,-0.3569154488567242,1.223901085741545,-0.3378778341536493,2.227521671566561,0.0,0.1617063421381263,1.0,0.0,0.6995405194697207,0.9256541562747088,5
579707,0.6561077339252414,0.2135937313624968,-0.5,0.0,0.0,0.0,0.0,-0.1219209359602892,0.1350614931535953,1.223901085741545,-0.8521289889920516,1.8945304820059297,0.0,0.4641630654510255,0.0,0.0,-1.1623181004035386,-0.2926756531649916,6
579714,-0.1298707883550653,-0.3346452313910828,-0.5,-1.0,0.0,0.0,0.0,-0.6909634960489951,-0.658683161076804,-3.801784016923932,1.3100019998680503,3.4424745961808574,0.0,-1.945257774202184,0.0,3.10628371950539,0.684326584564644,-5.846818380501243,3
579783,-0.3169991994072114,-1.1222377710152045,-1.5,-1.0,-1.0,0.0,0.0,-5.01837906474446,-0.658683161076804,-3.801784016923932,-1.7312471447788258,-5.8849491923617165,0.0,-1.945257774202184,0.0,0.0,,,1
579792,0.1665160650387822,0.2446949798295298,1.0,1.0,1.5,0.6000000000000001,1.6,0.5158729037914334,-0.30176771222008,0.0,0.5412403216331251,1.5479441141749286,0.0,0.0979236444127681,0.0,0.8170594925112873,0.619767361021888,0.0781853810799694,5
579804,-0.5200770960835523,-0.5672972791819948,0.0,0.0,0.5,0.0,1.3333333333333333,0.4708200690047144,0.341316838923196,-1.0,0.3100019998680502,0.0,0.0,-0.1695975135107168,0.0,1.2892242269941023,0.8459845367037171,-0.9672488470543686,2
579829,0.2607240597573156,0.0511563914573724,0.0,0.5,0.5,0.0,0.0,0.2112719082843872,0.341316838923196,0.0,-0.8521289889920516,0.0,0.0,0.4641630654510255,0.0,0.0,-0.8521130881592602,0.2923943755965024,0
579846,0.5399829050491445,-0.3957040193861091,-1.0,-1.0,-0.5,3.0,4.0,-0.819200076828232,-0.658683161076804,-3.801784016923932,2.0031830567555966,0.0,0.0,-1.945257774202184,0.0,3.10628371950539,0.3722143905120144,-5.846818380501243,3
579950,-0.7372976391487329,0.2905406156119291,1.0,1.0,1.5,0.6000000000000001,0.0,0.4506942292293857,0.0,-0.5778829311823854,0.5828276343672492,0.0,0.0,0.0979236444127681,0.0,0.8170594925112873,0.8152462051710325,0.659739442044828,5
579971,0.1862743224502572,-0.7292238865448002,-1.5,-1.0,-1.0,0.0,0.0,-5.01837906474446,-0.658683161076804,-3.801784016923932,-1.7312471447788258,-5.8849491923617165,0.0,-1.945257774202184,0.0,0.0,,,1
579999,0.0226254934042333,-0.8024290039733696,-1.0,-1.0,-0.5,0.0,0.0,-1.4881826638675812,-0.658683161076804,-3.801784016923932,-0.3378778341536493,3.4424745961808574,0.0,-1.945257774202184,0.0,3.10628371950539,-1.1516091974050735,-5.846818380501243,3
580026,0.4471969708155298,-0.0879858281037825,-1.5,-1.0,-1.0,0.0,0.0,-5.01837906474446,-0.658683161076804,-3.801784016923932,-1.7312471447788258,-5.8849491923617165,0.0,-1.945257774202184,0.0,0.0,,,1
580077,0.9477863797042296,0.2291991117677428,-0.5,-0.5,0.0,0.0,0.0,-0.3169076160410869,-0.658683161076804,-1.577882931182386,0.3100019998680502,0.0,0.0,-0.5358369345489745,0.0,1.8170594925112875,-0.2420619180417934,-1.1583247787054292,2
580211,0.1734134609439123,1.0074416636596677,1.5,2.0,2.0,0.4999999999999998,0.6666666666666664,0.880859325655772,0.5278974945717202,0.0,0.2670046820929728,0.0,0.0,0.4641630654510255,0.0,0.0,0.7683079228948646,0.5067593619662479,5
580212,-0.7721237983712724,0.4226289536358835,0.5,0.5,1.0,0.75,1.0,0.7418420947757198,-0.2218539557031286,-0.7323949782604657,-0.0548650010803214,0.0,0.0,0.0,0.0,1.0,0.4266701781189667,-0.0496571654332013,5
580402,1.2981126494829909,0.5201657237419183,1.0,1.0,1.0,0.0,0.0,0.218039803340864,0.4919769420103195,0.0,0.3718825359910068,1.0,0.0,-0.311497195240441,1.18274896353532,0.8170594925112873,0.1562173233729883,0.6380605116114167,5
580460,-0.2436797855732951,-0.4373685033222146,0.0,0.5,0.0,1.0,0.0,-0.7059656443572273,-0.0955123664504794,0.0,0.4308838440812761,0.0,0.0,-0.1695975135107168,1.8662394014360388,0.0,-0.5394966328827345,-0.3509199929823996,0
580515,0.7798430357723576,0.4226289536358835,0.0,0.5,0.5,2.0,0.0,0.138573775294697,0.341316838923196,1.577882931182386,0.222498382100976,2.4424745961808583,0.0,0.4641630654510255,0.0,0.0,0.3399017805782305,0.8175181083843671,6
580578,-0.1570246867538253,0.7157050973079879,0.5,1.0,1.0,0.0,0.0,0.4532475596816362,-0.2218539557031286,0.6460181545591593,-0.3378778341536493,1.0,0.0,0.4641630654510255,0.0,0.0,-0.0198852772070405,0.8935384391032721,5
580611,0.9370709492320692,0.2905406156119291,0.5,1.0,0.5,0.0,1.0,-0.0379512433783162,-0.2218539557031286,0.0,-0.0833673107571263,0.0,0.0,0.0,1.4475677406305645,0.0,-0.2999399252679949,0.4497085010939005,5
580622,-0.4293577455743089,-1.4963388252848984,-1.5,-1.0,-1.0,0.0,0.0,-5.01837906474446,-0.658683161076804,-3.801784016923932,-1.7312471447788258,-5.8849491923617165,0.0,-1.945257774202184,0.0,0.0,,,1
580626,-0.0539414148840952,-0.0523696989290143,0.0,0.5,0.0,0.0,2.6666666666666665,-0.508911940572132,-0.0955123664504794,0.8454879529219202,0.4308838440812761,0.0,0.0,-0.1695975135107168,1.8662394014360388,0.0,-0.3010297904987561,0.7912668440712122,5
580658,-0.0508145175739537,-0.2752294817283874,0.0,0.5,0.5,0.0,1.3333333333333333,-0.0311285469557203,-0.0955123664504794,0.0,-0.2042491549703521,0.0,0.0,0.4641630654510255,0.0,0.0,-0.3835858757110698,-0.3133261423734599,0
580895,-0.5058927189305872,-1.332697148215006,-0.5,-1.0,0.0,0.0,2.0,-0.32650087038226,-0.658683161076804,-3.801784016923932,0.5412403216331251,3.4424745961808574,0.0,-1.945257774202184,0.0,3.10628371950539,0.2502653165198086,-5.846818380501243,3
580902,-0.574975179001099,-0.5231327642549591,-0.5,0.0,0.0,0.0,0.0,-0.0288665364577208,-0.658683161076804,0.0,0.0269891667947226,0.0,0.0,0.4641630654510255,0.0,0.0,-0.0399085014385758,-2.381641593491613,0
580944,0.0405206293116058,-0.2557742709686207,0.0,0.0,0.0,0.0,1.3333333333333333,0.224753770373741,-0.0955123664504794,-1.0,0.8242531547064528,0.0,0.0,-0.9452577742021836,1.8662394014360388,1.2892242269941023,0.1981920671902402,-0.1487730346621572,2
580971,0.4412865586609458,0.4649590448526473,-0.5,0.0,0.0,0.0,0.0,-0.2735290021958272,-0.658683161076804,0.0,0.5412403216331251,0.0,0.0,0.4641630654510255,0.0,0.0,0.234610953214732,-0.0997056900310498,0
581005,-0.8622993685384407,0.0342356026297282,1.0,1.5,1.0,0.0,0.0,0.4087522136159723,0.2614030824062447,0.0,0.3718825359910068,0.0,0.0,0.0979236444127681,1.18274896353532,0.0,0.5117860231640612,0.6489646415819992,5
581085,-0.7546253591591585,1.6151883100055875,0.5,1.5,1.5,0.6000000000000001,1.6,0.902824932436032,-0.30176771222008,0.0,-0.3378778341536493,0.0,0.4054651081081644,0.8735839051042346,0.0,0.0,0.3655435863305016,0.4833896746676546,5
581086,-0.076437943816337,-0.7777566563817965,-1.0,-0.5,-0.5,3.0,4.0,-0.7263932728181968,-0.658683161076804,3.801784016923932,-0.3378778341536493,5.8849491923617165,0.0,0.4641630654510255,0.0,0.0,-0.3937523845989508,0.4028018926763076,6
581091,0.4799366483437237,0.1338683882105274,0.5,1.0,1.0,0.0,1.0,0.3090043185233017,0.4368292053736752,0.0,0.0269891667947226,0.0,0.0,0.4641630654510255,0.0,0.0,0.1452528386633691,0.4632907957173703,5
581110,-0.2633777014917708,-1.2704915660436666,-1.5,-1.0,-1.0,0.0,0.0,-5.01837906474446,-0.658683161076804,-3.801784016923932,-1.7312471447788258,-5.8849491923617165,0.0,-1.945257774202184,0.0,0.0,,,1
581111,0.7412634006477141,0.7031942868616717,0.5,1.0,0.5,0.75,1.0,0.2781929001380224,0.1350614931535953,0.0,-0.2042491549703521,0.0,0.0,0.0,1.4475677406305645,0.0,-0.0360699622311861,0.3443596258446308,5
581120,-0.0229174433043562,2.1112412550579096,0.0,1.0,1.0,0.75,1.0,0.1712648825262825,0.69823228777992,0.0,-0.5691161559187239,0.0,0.5108256237659907,1.0,0.0,0.0,-0.5528100854639916,0.4528202042956147,5
581239,0.1316214806736528,-0.4373685033222146,-0.5,0.0,-0.5,0.0,0.0,-1.7923719328067176,0.69823228777992,0.0,0.5412403216331251,0.0,0.0,-0.5358369345489745,2.6303167041658844,0.0,-1.2514469063914704,-0.4907714922007018,0
581269,-0.3056937684055698,0.7405160565023101,0.5,1.0,1.0,0.0,0.0,0.8236546250125506,-0.2218539557031286,0.0,-0.4482343117054982,0.0,0.0,0.4641630654510255,0.0,0.0,-0.0329931852586458,0.9477350335323949,5
581307,-1.221998099187832,-0.8781444948462946,0.0,0.0,0.5,0.0,1.3333333333333333,0.271893069636307,-0.658683161076804,-1.0,0.6748690008164222,1.3087681003312956,0.0,-0.1695975135107168,0.0,1.2892242269941023,0.7828533212807264,0.0127037034103802,2
581343,-1.794405764603526,1.3321579827534449,-0.5,0.5,0.5,1.0,1.3333333333333333,0.6087813455126837,0.69823228777992,1.577882931182386,1.189120155654825,0.0,0.6931471805599453,1.2398233261424922,0.0,0.0,1.1045452787288668,1.0828574035851202,5
581365,0.0512982146332166,-0.6352457830218333,-1.0,-0.5,-0.5,0.0,0.0,-0.5972449533698806,1.491976942010319,0.0,-0.3378778341536493,0.0,0.0,0.4641630654510255,0.0,0.0,-0.8929646363463084,-1.0141795249355416,0
581385,-0.3995760479539392,-0.983314472996574,-1.0,-1.0,-0.5,3.0,0.0,-0.421734197117816,-0.658683161076804,-3.801784016923932,0.3100019998680502,0.0,0.0,-1.945257774202184,0.0,3.10628371950539,-0.2683131674796971,-5.846818380501243,3
581388,-0.2699925218508799,-1.0104087041727063,-1.0,-0.5,-0.5,3.0,0.0,-1.6730174331382357,0.69823228777992,0.0,0.9061073225814968,0.0,0.0,0.4641630654510255,0.0,0.0,-0.9190629525126046,-0.685205629783881,0
581409,-0.3583051823523965,-0.5231327642549591,0.0,0.5,0.0,1.0,0.0,0.3445497677753842,-0.0955123664504794,1.577882931182386,-0.1423686188473956,0.0,0.0,-0.1695975135107168,1.8662394014360388,0.0,0.0388440307588156,0.6308245456631576,0
581412,0.1210180031287195,0.0511563914573724,-0.5,0.0,0.0,0.0,0.0,0.098758569913415,0.69823228777992,0.0,0.0269891667947226,0.0,0.0,0.4641630654510255,0.0,0.0,-0.0383065268640957,-0.5264568513229217,0
581438,-0.1820755563968706,-0.0347747680912913,0.0,0.5,0.5,1.0,0.0,-0.1956953900386035,0.69823228777992,1.577882931182386,0.5412403216331251,2.4424745961808583,0.0,0.4641630654510255,0.0,0.0,0.2788662295990204,0.3977426988131135,6
581461,0.1194980396526381,-0.8273801410529529,-1.0,-1.0,-0.5,0.0,0.0,-0.7852653536731521,-0.658683161076804,-3.801784016923932,-0.8521289889920516,3.4424745961808574,0.0,-1.945257774202184,0.0,3.10628371950539,-1.048147157820421,-5.846818380501243,3
581491,-0.8921501084031154,1.029197033103319,0.0,0.5,0.5,0.75,1.0,-0.05176464133835,0.1350614931535953,0.6460181545591593,0.5412403216331251,0.0,0.5108256237659907,-0.1695975135107168,1.8662394014360388,1.2892242269941023,0.1991773698564763,0.3390493567497128,5
581527,-1.5010754347772193,-0.1241858541912811,1.0,1.0,1.0,0.6000000000000001,0.8,0.6379471191673427,-0.30176771222008,-0.5778829311823854,-0.0548650010803214,0.0,0.0,-0.311497195240441,1.18274896353532,0.8170594925112873,0.3206722094355217,0.4869608625042274,5
581577,0.334088220546409,0.0511563914573724,-0.5,0.0,0.0,0.0,0.0,-0.2180171829458386,0.1350614931535953,0.0,-1.2169959899404237,0.0,0.0,0.4641630654510255,0.0,0.0,-1.499638071513496,-0.0622716694478775,0
581595,0.1456616898640888,-0.5013773948113078,-1.5,-1.0,-1.0,0.0,0.0,-5.01837906474446,-0.658683161076804,-3.801784016923932,-1.7312471447788258,-5.8849491923617165,0.0,-1.945257774202184,0.0,0.0,,,1
581666,-0.8846402569883903,0.0679485038398385,0.0,0.5,0.5,0.0,0.0,0.3372671087447133,0.341316838923196,0.0,1.1016165378877505,0.0,0.0,0.4641630654510255,0.0,0.0,0.8870859937501433,0.59409345003639,5
581679,0.4114358187962695,0.6135758138503429,-1.0,0.0,-0.5,1.5,4.0,-5.01837906474446,0.69823228777992,2.2239010857415447,-1.7312471447788258,-5.8849491923617165,1.0986122886681096,0.4641630654510255,4.496556105601924,0.0,-5.009979129451652,1.083623071418565,4
581685,0.6036315006563316,-0.1241858541912811,-1.0,-0.5,-0.5,0.0,0.0,-1.2268466161428315,0.69823228777992,0.0,-0.8521289889920516,0.0,0.0,0.4641630654510255,0.0,0.0,-1.889866512183308,-0.7370126490788262,0
581721,-1.0303446482015892,0.4927349096618701,1.0,1.5,1.5,0.0,0.0,0.3120243877222771,0.0,0.5227586988632229,0.6621221658463508,0.8092012510390698,0.0,0.4641630654510255,0.0,0.0,0.6168085382405626,0.6179858386648787,5
581729,0.5635271880567093,1.556300763224698,-1.0,0.0,-0.5,1.5,2.0,-5.01837906474446,-0.658683161076804,0.0,-1.7312471447788258,-5.8849491923617165,1.0986122886681096,0.4641630654510255,4.496556105601924,0.0,-5.009979129451652,-0.2603769967509808,4
581770,0.3439428987154379,0.5064929114075749,-0.5,-0.5,0.0,0.0,0.0,-0.2585623848245567,-0.658683161076804,-1.577882931182386,0.3100019998680502,0.0,0.0,-0.5358369345489745,0.0,1.8170594925112875,-0.1649394322266046,-0.5606222741335629,2
581835,-1.2540003562306965,0.5201657237419183,1.0,1.0,1.5,0.6000000000000001,0.8,0.8575171569482652,0.2614030824062447,0.5227586988632229,0.0269891667947226,1.5479441141749286,0.0,0.0979236444127681,0.0,0.8170594925112873,0.9797390802509588,0.156564969432224,5
581858,0.943329470932786,0.3648961975046188,-0.5,0.0,-0.5,0.0,2.0,-1.6266241527337997,0.1350614931535953,0.0,-0.8521289889920516,0.0,0.0,-0.5358369345489745,2.6303167041658844,0.0,-2.329356847947887,0.0598218349398144,0
581901,-1.1567592145231709,0.1175719885109969,1.0,1.0,1.0,1.2000000000000002,0.0,0.918381037127864,-0.30176771222008,-0.5778829311823854,-0.4482343117054982,0.0,0.0,-0.311497195240441,1.18274896353532,0.8170594925112873,0.3211011434424665,0.1654228075740363,5
582002,0.4131551579560982,-0.2752294817283874,-1.5,-1.0,-1.0,0.0,0.0,-5.01837906474446,-0.658683161076804,-3.801784016923932,-1.7312471447788258,-5.8849491923617165,0.0,-1.945257774202184,0.0,0.0,,,1
582011,-0.8622993685384407,0.1500453992945883,0.5,1.0,1.0,0.75,0.0,0.6581085754212592,0.4368292053736752,0.6460181545591593,-0.3378778341536493,1.0,0.0,0.4641630654510255,0.0,0.0,0.5776930548797405,0.5926170216843868,5
582038,0.8436857278714233,0.3354537328232688,-0.5,0.0,0.0,0.0,0.0,-0.4585347359399228,0.69823228777992,2.2239010857415447,0.1763733206847534,3.4424745961808574,0.0,0.4641630654510255,0.0,0.0,0.3179175396561826,0.7499328912793157,6
582190,-0.5147446706780621,-1.6006803839406132,-1.5,-1.0,-1.0,0.0,0.0,-5.01837906474446,-0.658683161076804,-3.801784016923932,-1.7312471447788258,-5.8849491923617165,0.0,-1.945257774202184,0.0,0.0,,,1
582227,-0.7809380954367425,0.3354537328232688,0.5,0.5,0.5,1.5,0.0,0.3545405719377439,-0.2218539557031286,-0.7323949782604657,0.6748690008164222,0.0,0.0,-0.5358369345489745,1.4475677406305645,1.0,0.365033971414006,0.3983859065785782,5
582241,0.142162029197963,-0.7533569369943934,-1.5,-1.0,-1.0,0.0,0.0,-5.01837906474446,-0.658683161076804,-3.801784016923932,-1.7312471447788258,-5.8849491923617165,0.0,-1.945257774202184,0.0,0.0,,,1
582254,-0.0114217577775157,0.5201657237419183,0.5,1.0,0.5,0.0,0.0,0.5123151290286498,0.1350614931535953,0.0,0.3100019998680502,0.0,0.0,0.0,1.4475677406305645,0.0,0.7373628880274401,-0.0527143817621778,5
582319,0.1734134609439123,0.4368293378606515,0.5,1.0,1.0,0.0,1.0,0.3284440081838901,0.4368292053736752,0.6460181545591593,0.3718825359910068,0.0,0.0,0.4641630654510255,0.0,0.0,0.5649890012796137,0.947421001208962,5
582320,0.3232749316598955,0.0511563914573724,-0.5,-0.5,0.0,0.0,0.0,-0.3693820574906892,-0.658683161076804,-1.577882931182386,0.1763733206847534,1.8945304820059297,0.0,-0.5358369345489745,0.0,1.8170594925112875,-0.0795099949117966,-0.31573286551636,2
582326,-0.7633530288760725,0.3205839652723227,0.5,1.0,1.0,0.0,0.0,0.5686241764885333,0.9288061473839948,0.0,-0.4482343117054982,0.0,0.0,0.4641630654510255,0.0,0.0,-0.2085381598343432,-0.0913128783674755,5
582333,0.7314861141419434,0.5606834135017086,0.5,0.5,0.5,0.75,1.0,0.1367198726668031,0.1350614931535953,0.0,0.3100019998680502,1.3087681003312956,0.0,-0.5358369345489745,1.4475677406305645,1.0,0.4127564985283719,0.0293036524743962,5
582343,0.4589591145550679,-0.1425108733599631,-0.5,0.0,0.0,0.0,0.0,0.0467050652015033,0.69823228777992,0.0,-0.5691161559187239,0.0,0.0,0.4641630654510255,0.0,0.0,-0.647482558944199,0.0283990456572822,0
582446,1.8946688777456688,0.6779579877571728,0.0,0.5,0.5,1.5,2.0,-0.2675104165746464,-0.2218539557031286,-0.7323949782604657,-0.1423686188473956,0.0,0.5108256237659907,-0.1695975135107168,1.8662394014360388,1.2892242269941023,-0.4963622652962607,0.3431209090817121,5
582482,0.5231022070382377,0.2135937313624968,-0.5,-0.5,0.0,0.0,0.0,-0.8977786920441243,0.1350614931535953,-1.577882931182386,-0.1423686188473956,1.8945304820059297,0.0,-0.5358369345489745,0.0,1.8170594925112875,-0.8678131027307535,-0.4107800816125685,2
582484,0.4589591145550679,0.6004710149305419,0.0,0.5,0.5,0.0,0.0,0.2952784301342139,0.341316838923196,0.0,-0.4872619880436798,0.0,0.0,0.4641630654510255,0.0,0.0,-0.5428011078576476,-0.3587212173553337,5
582577,-0.8256779223810709,-0.1796235475848035,0.0,0.5,0.5,0.0,0.0,0.3284440081838901,0.341316838923196,0.0,-0.4872619880436798,0.0,0.0,0.4641630654510255,0.0,0.0,-0.1759099641613781,0.1220420264686956,5
582586,-0.8530729726552201,-1.9890737349467675,-1.5,-1.0,-1.0,0.0,0.0,-5.01837906474446,-0.658683161076804,-3.801784016923932,-1.7312471447788258,-5.8849491923617165,0.0,-1.945257774202184,0.0,0.0,,,1
582636,0.1910275942063828,0.2291991117677428,-0.5,0.0,0.0,0.0,0.0,0.2380233108279882,0.69823228777992,0.0,-0.8521289889920516,0.0,0.0,0.4641630654510255,0.0,0.0,-0.6723190803058241,-0.3908731666992042,0
582664,0.3555192765124995,-0.2557742709686207,-1.0,-0.5,-0.5,0.0,0.0,-0.0970637232090711,-0.658683161076804,0.0,0.0269891667947226,0.0,0.0,0.4641630654510255,0.0,0.0,-0.1997309677353584,-0.0122839628412563,0
582723,-0.0286933092512776,0.5740257630792477,0.5,1.0,1.0,0.75,1.0,0.5551781719392171,-0.2218539557031286,0.6460181545591593,0.3100019998680502,1.0,0.0,0.4641630654510255,0.0,0.0,0.96496927935314,1.1021147936157367,5
582729,-0.3238171625337165,-1.332697148215006,-1.5,-1.0,-1.0,0.0,0.0,-5.01837906474446,-0.658683161076804,-3.801784016923932,-1.7312471447788258,-5.8849491923617165,0.0,-1.945257774202184,0.0,0.0,,,1
582768,0.5109455735858626,0.2753642525262495,1.0,1.5,1.0,0.0,0.0,0.7605749324246465,0.0,0.5227586988632229,0.3718825359910068,0.0,0.0,0.0979236444127681,1.18274896353532,0.0,1.0663829190485006,0.829717816884734,5
582785,-0.7897963542653952,0.2291991117677428,1.5,2.0,2.0,0.4999999999999998,0.0,0.5608067727257102,-0.0955123664504794,0.0,-0.3378778341536493,0.0,0.0,0.4641630654510255,0.0,0.0,0.1185486889352291,0.9024681304085578,5
582796,1.070323046639375,0.8953286448927934,-1.0,-1.0,-0.5,0.0,0.0,-0.8545590440335901,-0.658683161076804,-3.801784016923932,2.0031830567555966,3.4424745961808574,0.0,-1.945257774202184,0.0,3.10628371950539,0.8964307947484031,-5.846818380501243,3
582801,-0.142162029197963,0.6524299330683321,0.0,1.0,1.0,1.5,2.0,0.3688503033154463,0.9288061473839948,1.223901085741545,1.251000691777781,0.0,0.5108256237659907,1.0,0.0,0.0,0.9706872644250722,0.2193548351499318,5
582828,-0.8549144214603044,-0.160989241751724,0.0,0.5,-0.5,0.0,1.3333333333333333,0.1216076941696255,0.341316838923196,0.0,-0.3378778341536493,0.0,0.0,-0.9452577742021836,3.313807142066604,0.0,-0.3733327656940572,0.2241625959767275,0
582833,0.3626058782869214,0.5472599549180527,-0.5,0.0,-0.5,0.0,0.0,-0.7009351911800297,0.1350614931535953,3.801784016923932,-0.8521289889920516,5.8849491923617165,0.0,-0.5358369345489745,2.6303167041658844,0.0,-0.6980783788200088,-0.1052555125768408,6
582903,0.2597875571184802,1.8361878128829168,-1.0,0.0,0.0,1.5,2.0,-0.0995167042849277,1.491976942010319,3.801784016923932,-0.8521289889920516,5.8849491923617165,1.0986122886681096,1.8735839051042344,0.0,0.0,-0.2017534903746762,0.8064602288902472,6
582979,0.8137664149207603,1.093205924592412,1.5,2.0,1.5,0.4999999999999998,0.6666666666666664,0.6130102045998693,0.1350614931535953,0.0,-0.0380660878912795,0.0,0.0,0.1617063421381263,1.0,0.0,0.1678040193196184,0.8623329095755766,5
582995,-0.0696590149249183,-0.0701059560259865,0.5,0.5,0.5,0.75,0.0,0.1623105112791227,-0.2218539557031286,-0.7323949782604657,0.0269891667947226,0.0,0.0,-0.5358369345489745,1.4475677406305645,1.0,0.0160443403064799,-0.1385829679705868,2
583016,0.7074419513804496,-0.2173706571356206,-1.0,-0.5,-0.5,0.0,0.0,-1.514110814362828,-0.658683161076804,0.0,-0.3378778341536493,0.0,0.0,0.4641630654510255,0.0,0.0,-1.6510794523107517,-2.6249331813561314,0
583023,0.2931943830075027,0.2600828618709601,0.0,0.0,0.5,0.0,1.3333333333333333,0.7693802376458574,-0.0955123664504794,-1.0,0.1285072852083251,2.4424745961808583,0.0,-0.1695975135107168,0.0,1.2892242269941023,1.46777750049151,-1.2954135951621175,2
583038,0.4868744587804661,0.2753642525262495,0.0,0.5,0.0,2.0,0.0,-0.1527511459868734,0.341316838923196,0.0,-0.1423686188473956,0.0,0.0,-0.1695975135107168,1.8662394014360388,0.0,-0.388959976544656,-0.6422674540621589,0
583052,0.4894691666391822,0.4083366568994223,0.5,1.0,1.0,1.5,2.0,0.1783604899693053,0.4368292053736752,0.6460181545591593,0.1038793384945924,1.0,0.0,0.4641630654510255,0.0,0.0,0.2242792764744947,0.4256603644333184,5
583070,0.5414223841608208,0.1175719885109969,0.0,0.5,-0.5,0.0,1.3333333333333333,0.1216076941696255,0.341316838923196,0.8454879529219202,-0.3378778341536493,0.0,0.0,-0.9452577742021836,3.313807142066604,0.0,-0.3003600989376054,0.4877332457220328,0
583087,0.8880350281077432,0.6135758138503429,0.0,0.5,0.5,0.0,1.3333333333333333,-0.0132002449729417,-0.0955123664504794,0.8454879529219202,0.222498382100976,1.3087681003312956,0.0,0.4641630654510255,0.0,0.0,0.1019310408643991,-0.0804965523580033,5
583120,-0.7686102913631316,0.963277148732632,-0.5,0.5,0.0,1.0,2.6666666666666665,-0.5884218528090575,1.2614030824062443,2.8017840169239308,0.0269891667947226,0.0,0.6931471805599453,0.4641630654510255,2.6303167041658844,0.0,-0.6051441287677897,1.2642692146665375,5
583134,0.6128698945076425,0.0342356026297282,-1.0,-0.5,-0.5,3.0,0.0,-0.428966845856491,0.69823228777992,0.0,-1.7312471447788258,0.0,0.0,0.4641630654510255,0.0,0.0,-5.009979129451652,-1.3421494340839422,0
583166,0.2286026388905004,0.6395543739241726,-1.0,0.0,-0.5,1.5,2.0,-5.01837906474446,-0.658683161076804,0.0,-1.7312471447788258,-5.8849491923617165,1.0986122886681096,0.4641630654510255,4.496556105601924,0.0,-5.009979129451652,0.6512697381015005,4
583190,0.5820818488815722,-0.2173706571356206,-1.5,-1.0,-1.0,0.0,0.0,-5.01837906474446,-0.658683161076804,-3.801784016923932,-1.7312471447788258,-5.8849491923617165,0.0,-1.945257774202184,0.0,0.0,,,1
583200,0.2672657880125675,-0.4584993070321419,-0.5,0.0,-0.5,1.5,2.0,-0.7263932728181968,0.69823228777992,0.0,0.3100019998680502,0.0,0.0,-0.5358369345489745,2.6303167041658844,0.0,-0.5199938185445405,0.0835864163759113,0
583297,0.0075739015134857,0.0171841500464987,0.5,1.0,1.0,0.75,0.0,0.5123151290286498,0.1350614931535953,0.0,0.1038793384945924,0.0,0.0,0.4641630654510255,0.0,0.0,0.4008266519056685,0.7275028850415377,5
583335,0.6997809306736756,0.3354537328232688,-0.5,0.0,0.0,0.0,2.0,-0.1606382401211373,0.1350614931535953,1.223901085741545,-0.8521289889920516,1.8945304820059297,0.0,0.4641630654510255,0.0,0.0,-0.9737883063035184,0.3450263446977344,6
583336,0.3313910640472022,0.2446949798295298,-0.5,-0.5,0.0,0.0,0.0,-0.3362046060884055,-0.658683161076804,-1.577882931182386,0.7367495369393785,0.0,0.0,-0.5358369345489745,0.0,1.8170594925112875,0.186180748273807,-1.0350244789370255,2
583342,0.152640391233466,-0.7533569369943934,-0.5,-1.0,0.0,0.0,2.0,-0.5209779950345411,-0.658683161076804,-3.801784016923932,0.9061073225814968,0.0,0.0,-1.945257774202184,0.0,3.10628371950539,0.0285557629057524,-5.846818380501243,3
583446,-0.6863062742965885,-0.1425108733599631,0.5,0.5,1.0,0.75,0.0,0.7426833680186712,0.1350614931535953,0.6460181545591593,0.1763733206847534,2.703731733044999,0.0,0.0,0.0,1.0,0.9557200060698238,0.9617860283819302,6
583454,0.881710241674326,0.1661047583479931,-1.0,-0.5,-0.5,0.0,0.0,-0.9568175085094904,0.69823228777992,0.0,-0.8521289889920516,0.0,0.0,0.4641630654510255,0.0,0.0,-1.6676552461113974,-1.1950313228705989,0
583483,0.5011599994463126,-0.0701059560259865,-1.0,-0.5,-0.5,3.0,0.0,-0.8485618770477372,-0.658683161076804,0.0,-0.3378778341536493,0.0,0.0,0.4641630654510255,0.0,0.0,-1.1004134292804029,-0.5048832606083725,0
583486,-0.0508145175739537,0.5472599549180527,0.5,1.0,1.0,0.0,0.0,0.4074072837143656,0.69823228777992,1.223901085741545,-0.2363597157400465,1.8945304820059297,0.0,0.4641630654510255,0.0,0.0,0.3754524624345734,0.7964958364608046,6
583490,-0.7596073461941164,-1.7863486988832475,-1.0,-1.0,-0.5,0.0,0.0,-0.4891780548923324,-0.658683161076804,-3.801784016923932,0.7367495369393785,0.0,0.0,-1.945257774202184,0.0,3.10628371950539,-0.0431235969356557,-5.846818380501243,3
583499,0.4054049905452702,0.1338683882105274,0.0,0.5,0.5,1.0,2.6666666666666665,-0.0681718046055054,0.69823228777992,1.577882931182386,-0.0833673107571263,2.4424745961808583,0.0,0.4641630654510255,0.0,0.0,-0.1566657774537584,0.6656392057756491,6
583526,-1.0330582884749464,-0.3957040193861091,0.0,0.0,0.5,1.0,0.0,-0.058757199348954,-0.0955123664504794,-1.0,0.5412403216331251,0.0,0.0,-0.1695975135107168,0.0,1.2892242269941023,0.2815616175862004,0.1039951840026535,2
583612,0.1651333656980996,0.1338683882105274,0.5,1.0,0.5,0.0,0.0,0.4583311250530248,0.1350614931535953,0.6460181545591593,0.95788183388975,0.0,0.0,0.0,1.4475677406305645,0.0,0.6301571511778084,0.6936637405476396,5
583623,0.4962469196510954,-0.1984164451611818,-1.0,-0.5,-0.5,0.0,0.0,-0.8366940976961261,-0.658683161076804,0.0,0.0269891667947226,0.0,0.0,0.4641630654510255,0.0,0.0,-0.8102796745285253,-0.3419391787749971,0
583664,-0.2214321809392972,-0.3346452313910828,-0.5,0.0,0.0,0.0,0.0,-0.3968979197887864,0.1350614931535953,0.0,-1.2169959899404237,0.0,0.0,0.4641630654510255,0.0,0.0,-1.6789300910609335,-0.899335956688191,0
583759,0.2705276387244378,-0.4584993070321419,-0.5,-0.5,0.0,0.0,0.0,-0.0176466848663658,-0.658683161076804,-1.577882931182386,0.5412403216331251,0.0,0.0,-0.5358369345489745,0.0,1.8170594925112875,0.1915618327151151,-1.7918557637857992,2
583764,-0.1136136751833011,-0.4798342762580817,-0.5,0.0,0.0,0.0,0.0,0.2297543690536391,1.1350614931535954,2.2239010857415447,0.0269891667947226,3.4424745961808574,0.0,0.4641630654510255,0.0,0.0,0.5315270848530753,0.8399963204114758,6
583931,0.4483766966731873,0.3205839652723227,0.0,0.0,0.5,0.0,1.3333333333333333,0.0771270845060327,-0.0955123664504794,-1.0,0.1285072852083251,0.0,0.0,-0.1695975135107168,0.0,1.2892242269941023,-0.26682839670559,-1.9011283362548967,2
583955,0.7962798573735682,0.0511563914573724,-1.5,-1.0,-1.0,0.0,0.0,-5.01837906474446,-0.658683161076804,-3.801784016923932,-1.7312471447788258,-5.8849491923617165,0.0,-1.945257774202184,0.0,0.0,,,1
583976,-0.6151442017357147,-0.8781444948462946,-0.5,0.0,0.0,1.5,4.0,0.218039803340864,-0.658683161076804,0.0,0.0269891667947226,0.0,0.0,0.4641630654510255,0.0,0.0,-0.0130115532447697,-0.6826580099572451,0
584001,-0.2928607847320285,-0.589715259924501,-1.0,-0.5,-0.5,0.0,0.0,-0.2735290021958272,0.69823228777992,2.2239010857415447,-0.8521289889920516,3.4424745961808574,0.0,0.4641630654510255,0.0,0.0,-0.6259902446169974,-0.1624539906413451,6
584012,-0.1257925380823218,-0.5672972791819948,-0.5,0.0,0.0,0.0,0.0,-0.4930880313027384,0.69823228777992,0.0,0.0269891667947226,0.0,0.0,0.4641630654510255,0.0,0.0,-0.526433998153649,-0.4915556105242852,0
584030,0.2835154641577846,0.4788906502885904,0.5,1.0,1.0,0.75,0.0,0.5774704352184807,0.1350614931535953,0.0,-0.702744835102021,0.0,0.0,0.4641630654510255,0.0,0.0,-0.2675703846699835,0.2514759811068746,5
584034,-0.20237380262811,-0.4584993070321419,0.0,0.5,0.5,0.0,1.3333333333333333,0.5241164200415934,0.69823228777992,0.0,-0.4872619880436798,0.0,0.0,0.4641630654510255,0.0,0.0,-0.113320683178348,0.1514273006831142,5
584115,-0.6449039982985236,0.6779579877571728,0.0,0.0,0.5,1.5,1.0,-0.3526300463835208,0.1350614931535953,0.0,0.1763733206847534,1.8945304820059297,0.5108256237659907,-0.9452577742021836,1.8662394014360388,2.2892242269941026,-0.113142411500657,1.083623071418565,5
584134,0.5779753101425147,0.0,-0.5,0.0,0.0,0.0,0.0,0.2860020237305984,-0.658683161076804,0.0,-0.5691161559187239,0.0,0.0,0.4641630654510255,0.0,0.0,-0.3223908266184946,0.1693417668657834,0
584185,-0.4808418492875418,-0.9565486648353788,-1.0,-0.5,-0.5,0.0,4.0,-1.2950710190444592,1.491976942010319,0.0,-1.7312471447788258,0.0,0.0,0.4641630654510255,0.0,0.0,-5.009979129451652,-1.7074338179851178,0
584217,-0.3863860394463917,-1.3967060397040991,-1.5,-1.0,-1.0,0.0,0.0,-5.01837906474446,-0.658683161076804,-3.801784016923932,-1.7312471447788258,-5.8849491923617165,0.0,-1.945257774202184,0.0,0.0,,,1
584241,-1.7675106627003636,-1.67308530127459,-0.5,-1.0,0.0,0.0,0.0,-0.3460213975689505,-0.658683161076804,-3.801784016923932,0.0269891667947226,3.4424745961808574,0.0,-1.945257774202184,0.0,3.10628371950539,0.2467384132567396,-5.846818380501243,3
584247,-1.164053176369689,-0.6817349135302966,0.0,0.5,0.5,0.0,0.0,0.7936161147833385,0.341316838923196,0.8454879529219202,-0.8521289889920516,1.3087681003312956,0.0,0.4641630654510255,0.0,0.0,-0.6617529682440738,0.6271791002110589,6
584288,1.365345401095405,0.8252226888668068,1.0,1.5,1.5,1.2000000000000002,0.8,0.6740210498314413,0.4919769420103195,0.5227586988632229,-0.1066395123885741,0.8092012510390698,0.0,0.4641630654510255,0.0,0.0,0.2628847560085422,0.5034547933611128,5
584423,-0.7315590971179934,-0.6352457830218333,-0.5,0.0,0.0,0.0,2.0,-0.5710480743108943,-0.658683161076804,0.0,-0.3378778341536493,0.0,0.0,0.4641630654510255,0.0,0.0,-0.7920895743787367,-0.4523194856397397,0
584459,-0.6696293704214786,-1.3013753161468835,-0.5,-0.5,0.0,0.0,0.0,0.2010170343893152,0.1350614931535953,-1.577882931182386,0.8242531547064528,0.0,0.0,-0.5358369345489745,0.0,1.8170594925112875,0.7157702045500247,-0.857020986919906,2
584525,-0.4077419345842769,1.3415744240462002,2.0,2.0,1.5,0.4285714285714284,1.1428571428571428,0.3532066768464575,0.0395491267031159,0.0,1.110643618014919,0.8092012510390698,0.0,-0.3741305924108485,1.6303167041658837,0.598410269255311,0.93522429656609,0.5074842551778849,5
584530,0.3455056592328074,0.5606834135017086,0.5,1.0,1.0,1.5,1.0,0.2413082990217914,0.69823228777992,1.223901085741545,0.5930148329413781,1.8945304820059297,0.0,0.4641630654510255,0.0,0.0,0.9944293901050628,0.976935609692554,5
584531,-1.60103454496792,-0.2557742709686207,-0.5,0.0,0.0,1.5,0.0,0.2179218313060049,0.1350614931535953,0.0,-0.1423686188473956,0.0,0.0,0.4641630654510255,0.0,0.0,0.2005846803327019,-0.6977328696632477,0
584537,1.0765439889483297,0.3056133849682904,1.0,1.0,1.0,0.0,0.8,0.6307497735984421,0.0,-0.5778829311823854,-0.5691161559187239,0.0,0.0,-0.311497195240441,1.18274896353532,0.8170594925112873,-0.2997843699815187,-0.0791331262967616,5
584549,-0.2699925218508799,2.163662758750312,0.5,0.5,1.5,2.4000000000000004,0.8,0.5873127088909303,-0.30176771222008,-1.9562960640020104,0.4982430038580476,1.5479441141749286,0.4054651081081644,0.0,0.0,1.8170594925112875,0.9205285611542164,-1.2246851573349302,2
584591,-0.7338522894487106,0.1820481643393343,0.0,0.5,0.5,0.0,0.0,-0.0753024401469103,0.341316838923196,0.0,-1.366380143830454,0.0,0.0,0.4641630654510255,0.0,0.0,-1.6190712609657296,-0.8268211967572806,0
584666,1.2127726763906992,0.963277148732632,0.5,0.5,1.0,0.0,0.0,0.4494146566152751,0.9288061473839948,0.6460181545591593,-0.1423686188473956,1.8945304820059297,0.0,0.0,0.0,1.0,0.4781726261312796,-0.509056493876427,5
584787,0.2409530517349827,1.782976752870428,0.0,0.0,0.5,1.5,1.0,-0.3761772427418038,-0.658683161076804,-1.577882931182386,1.251000691777781,1.8945304820059297,0.5108256237659907,-0.9452577742021836,1.8662394014360388,2.2892242269941026,0.7193563914245996,-1.0955205339192928,2
584843,0.9874031273530453,1.6563096498885643,-0.5,0.5,0.5,1.0,1.3333333333333333,-0.3559539102774862,-0.658683161076804,0.0,0.1285072852083251,0.0,0.6931471805599453,1.2398233261424922,0.0,0.0,-0.4187779828029572,0.6738047809880582,5
584844,0.009084813738509,-0.2752294817283874,0.0,0.5,0.5,1.0,0.0,-0.3362046060884055,0.341316838923196,0.8454879529219202,-0.2042491549703521,1.3087681003312956,0.0,0.4641630654510255,0.0,0.0,-0.0914997060900918,0.338686498693571,6
584875,0.8545757551223262,0.5740257630792477,0.0,0.5,0.5,0.0,0.0,0.6581085754212592,0.341316838923196,0.8454879529219202,0.222498382100976,1.3087681003312956,0.0,0.4641630654510255,0.0,0.0,0.6776579625812919,0.7311914264600512,5
584912,-0.899691848879138,-0.3751629211508731,0.5,1.0,0.5,0.0,1.0,0.299878614833185,0.1350614931535953,0.0,-0.4872619880436798,0.0,0.0,0.0,1.4475677406305645,0.0,-0.0256222520572244,0.562869036722158,5
584977,-0.20237380262811,0.7157050973079879,0.0,0.5,0.5,1.0,0.0,0.4807487291478606,-0.0955123664504794,0.8454879529219202,0.0269891667947226,1.3087681003312956,0.0,0.4641630654510255,0.0,0.0,0.7622553129012644,0.2600623242577352,5
584998,0.701060064480065,0.9182112552292012,0.5,0.0,1.0,0.75,1.0,0.0968148587759089,0.4368292053736752,-1.577882931182386,0.7367495369393785,1.0,0.0,-0.5358369345489745,0.0,1.8170594925112875,0.495034708324792,-0.3521563343318766,2
585138,-0.7721237983712724,-1.9057373490655,-1.5,-1.0,-1.0,0.0,0.0,-5.01837906474446,-0.658683161076804,-3.801784016923932,-1.7312471447788258,-5.8849491923617165,0.0,-1.945257774202184,0.0,0.0,,,1
585169,0.2639979357320658,-0.6352457830218333,-1.5,-1.0,-1.0,0.0,0.0,-5.01837906474446,-0.658683161076804,-3.801784016923932,-1.7312471447788258,-5.8849491923617165,0.0,-1.945257774202184,0.0,0.0,,,1
585187,1.3732449421243034,0.5201657237419183,0.0,0.5,0.5,1.0,1.3333333333333333,-0.2151944050814924,0.69823228777992,0.0,-0.6566197736857983,0.0,0.0,0.4641630654510255,0.0,0.0,-0.9529314464597092,-0.0273587313556996,0
585231,0.4121882344878446,-0.3957040193861091,-1.5,-1.0,-1.0,0.0,0.0,-5.01837906474446,-0.658683161076804,-3.801784016923932,-1.7312471447788258,-5.8849491923617165,0.0,-1.945257774202184,0.0,0.0,,,1
585248,-0.1670026748704246,-0.8024290039733696,-1.0,-0.5,-0.5,0.0,0.0,-0.9705185974517686,-0.658683161076804,0.0,-0.8521289889920516,0.0,0.0,0.4641630654510255,0.0,0.0,-1.6789300910609335,-0.7456379933350099,0
585250,-0.0845216724807807,-1.0378395182527564,-1.5,-1.0,-1.0,0.0,0.0,-5.01837906474446,-0.658683161076804,-3.801784016923932,-1.7312471447788258,-5.8849491923617165,0.0,-1.945257774202184,0.0,0.0,,,1
585310,-0.4483066358375558,-0.3346452313910828,0.0,0.5,0.5,0.0,0.0,0.671073180686603,0.341316838923196,0.0,-0.3378778341536493,0.0,0.0,0.4641630654510255,0.0,0.0,0.2523728794997187,0.1478714431986431,5
585361,1.218228256956217,0.5740257630792477,-1.5,-1.0,-1.0,0.0,0.0,-5.01837906474446,-0.658683161076804,-3.801784016923932,-1.7312471447788258,-5.8849491923617165,0.0,-1.945257774202184,0.0,0.0,,,1
585492,0.4412865586609458,-0.2948576299622514,-1.0,-0.5,-0.5,3.0,0.0,-1.5545633058487074,-0.658683161076804,0.0,-0.3378778341536493,0.0,0.0,0.4641630654510255,0.0,0.0,-1.6846370178164318,-0.3691842314370953,0
585522,0.1675030487893284,-0.589715259924501,-1.5,-1.0,-1.0,0.0,0.0,-5.01837906474446,-0.658683161076804,-3.801784016923932,-1.7312471447788258,-5.8849491923617165,0.0,-1.945257774202184,0.0,0.0,,,1
585583,-0.606732194903022,-0.6352457830218333,-0.5,0.0,0.0,0.0,0.0,-0.4698957854209191,-0.658683161076804,1.223901085741545,-0.5691161559187239,1.8945304820059297,0.0,0.4641630654510255,0.0,0.0,-0.8350756785254849,-0.6625464209821769,6
585585,-1.638824847510617,0.5472599549180527,2.0,2.5,2.5,0.0,0.5714285714285712,1.0897560546184273,-0.1667062190664846,0.7323949782604657,0.345731106326872,1.1337064958495628,0.0,0.4641630654510255,0.0,0.0,1.3941457115406457,1.18903507683287,5
585595,0.0271162093577428,-0.2364889768829301,-0.5,0.0,-0.5,0.0,0.0,-0.2980426846663403,0.1350614931535953,0.0,-0.3378778341536493,0.0,0.0,-0.5358369345489745,2.6303167041658844,0.0,-0.6461996951433685,0.7447065110371951,0
585650,0.9106780035332812,2.1376075639802554,0.0,0.0,1.0,1.5,3.0,0.728155842532674,-0.658683161076804,-2.5778829311823865,0.5930148329413781,1.0,0.5108256237659907,-0.1695975135107168,0.0,2.2892242269941026,0.9089518170776972,-1.5039943955732509,2
585717,1.1032524202734233,0.3794715120532125,-0.5,0.0,-0.5,0.0,2.0,-1.129685880855539,-0.658683161076804,0.0,0.0269891667947226,0.0,0.0,-0.5358369345489745,2.6303167041658844,0.0,-1.0527391460374853,-0.1548251878940385,0
585722,1.4106812108111373,0.7893169849572652,0.0,0.0,0.5,1.0,1.3333333333333333,0.224753770373741,-0.0955123664504794,-1.0,-0.3378778341536493,0.0,0.0,-0.1695975135107168,0.0,1.2892242269941023,-0.2366447991875441,-0.0351237723121874,2
585745,1.1702821568300754,0.7157050973079879,0.5,1.0,0.5,0.0,1.0,0.4207609452094122,-0.658683161076804,0.0,-0.2042491549703521,0.0,0.0,0.0,1.4475677406305645,0.0,0.0196351191692957,0.2450870377122622,5
585768,1.3784918505588917,1.0074416636596677,-1.0,-0.5,-0.5,0.0,0.0,-0.2918470802486814,0.69823228777992,0.0,-0.3378778341536493,0.0,0.0,0.4641630654510255,0.0,0.0,-0.6410918437831794,-0.2070755794798499,0
585832,-0.3147323487952075,-0.8273801410529529,-0.5,0.0,0.0,0.0,0.0,-0.0681718046055054,0.69823228777992,0.0,-0.3378778341536493,0.0,0.0,0.4641630654510255,0.0,0.0,-0.655229987997167,-0.4963399146486252,0
585882,0.1103508406522334,0.0171841500464987,0.0,0.0,0.5,0.0,1.3333333333333333,0.334336328730926,0.69823228777992,0.0,0.852128988992052,1.3087681003312956,0.0,-0.1695975135107168,0.0,1.2892242269941023,0.5049975580244975,0.1034534141576466,5
585915,0.2222994061583828,-0.2557742709686207,0.0,0.5,-0.5,0.0,0.0,-0.5796901849871293,0.69823228777992,0.8454879529219202,0.3100019998680502,3.4424745961808574,0.0,-0.9452577742021836,3.313807142066604,0.0,0.0814135455563565,-0.0960022725286295,6
585946,0.4294063992255991,-0.0701059560259865,-0.5,-0.5,0.0,1.5,0.0,0.2462118923246622,-0.658683161076804,-1.577882931182386,0.0269891667947226,0.0,0.0,-0.5358369345489745,0.0,1.8170594925112875,0.0832064041804507,-1.3210188811862915,2
585965,-0.8475600539607439,-0.4164379946042029,0.0,0.5,0.5,0.0,0.0,-0.0221167134106914,0.341316838923196,0.0,0.0269891667947226,0.0,0.0,0.4641630654510255,0.0,0.0,-0.1042867651204142,-0.1420830501854572,0
585986,0.2200017639059915,-0.4798342762580817,-1.0,-0.5,-0.5,0.0,0.0,-1.3693100620700909,-0.658683161076804,0.0,-1.7312471447788258,0.0,0.0,0.4641630654510255,0.0,0.0,-5.009979129451652,-0.822704184674464,0
586006,-0.8846402569883903,-0.0701059560259865,0.0,0.5,0.5,0.0,0.0,-0.0176466848663658,0.69823228777992,0.0,0.1285072852083251,0.0,0.0,0.4641630654510255,0.0,0.0,-0.0034608187109319,0.2700656624852162,5
586038,0.6266380038686127,0.1338683882105274,0.5,1.0,1.0,0.0,1.0,0.3254823235723821,0.4368292053736752,0.0,-0.2363597157400465,0.0,0.0,0.4641630654510255,0.0,0.0,-0.0749964708440246,0.5118947883382097,5
586063,0.2061531384721079,2.050740151656545,-0.5,0.5,0.5,1.0,1.3333333333333333,0.6914949148519233,-0.658683161076804,0.8454879529219202,-0.3378778341536493,1.3087681003312956,0.6931471805599453,1.2398233261424922,0.0,0.0,0.4087093414391781,-0.0895522365271019,5
586077,-0.8112381907025247,-0.0879858281037825,0.0,0.5,0.5,0.0,0.0,0.6631614004495191,-0.658683161076804,0.0,-0.3378778341536493,0.0,0.0,0.4641630654510255,0.0,0.0,0.3034076189290572,0.0322889972752937,5
586096,-1.219734138124874,-0.4798342762580817,0.5,0.5,1.0,0.0,2.0,0.5483738409827771,-0.2218539557031286,-0.7323949782604657,-0.2363597157400465,0.0,0.0,0.0,0.0,1.0,-0.2156653543700783,0.1196994317836855,5
586122,-0.2594206024614632,-0.5013773948113078,-0.5,0.0,0.0,0.0,0.0,-0.2236912677174332,-0.658683161076804,0.0,-0.5691161559187239,0.0,0.0,0.4641630654510255,0.0,0.0,-0.7437500402518088,-0.6290173913118222,0
586124,0.2376363799711459,0.1661047583479931,-0.5,0.0,0.0,0.0,2.0,-0.1219209359602892,0.69823228777992,0.0,0.5412403216331251,0.0,0.0,0.4641630654510255,0.0,0.0,-0.187387440229759,-0.6722460866693257,0
586192,-0.098306042636842,0.9182112552292012,-0.5,0.5,0.0,1.0,1.3333333333333333,-0.5414801842274632,-0.0955123664504794,0.0,-0.3378778341536493,0.0,0.6931471805599453,0.4641630654510255,2.6303167041658844,0.0,-0.8469577656261809,0.1703076465025908,0
586251,0.8340510241431539,1.3972450735495368,0.0,1.0,0.5,0.75,2.0,-0.4737170999272641,0.1350614931535953,0.0,0.8242531547064528,0.0,0.5108256237659907,0.4641630654510255,1.8662394014360388,0.0,-0.4673426089990679,1.2664675054772951,5
586257,0.7798430357723576,-0.1796235475848035,-1.5,-1.0,-1.0,0.0,0.0,-5.01837906474446,-0.658683161076804,-3.801784016923932,-1.7312471447788258,-5.8849491923617165,0.0,-1.945257774202184,0.0,0.0,,,1
586270,-0.0561782882445115,-0.2752294817283874,-0.5,-0.5,0.0,0.0,2.0,-0.3864738890548298,-0.658683161076804,-1.577882931182386,0.3100019998680502,0.0,0.0,-0.5358369345489745,0.0,1.8170594925112875,-0.2543345868598288,-1.9755694478684,2
586272,0.1103508406522334,1.3788436992524111,-0.5,0.5,0.0,1.0,1.3333333333333333,-0.8728109866596636,-0.658683161076804,0.0,-0.3378778341536493,0.0,0.6931471805599453,0.4641630654510255,2.6303167041658844,0.0,-1.1204404585676184,0.0052159998414175,0
586312,-0.6796167100288719,-0.1060116599355281,0.0,0.5,0.5,0.0,2.6666666666666665,0.2813252398213982,0.341316838923196,0.0,-0.8521289889920516,0.0,0.0,0.4641630654510255,0.0,0.0,-0.4987413109344913,0.5365667230607064,5
586344,0.164540450582127,-0.6352457830218333,-1.0,-1.0,-0.5,0.0,0.0,-1.774250838601508,-0.658683161076804,-3.801784016923932,1.8621156500681413,0.0,0.0,-1.945257774202184,0.0,3.10628371950539,-0.4318259855807592,-5.846818380501243,3
586357,0.2956058935115887,-0.5231327642549591,-1.5,-1.0,-1.0,0.0,0.0,-5.01837906474446,-0.658683161076804,-3.801784016923932,-1.7312471447788258,-5.8849491923617165,0.0,-1.945257774202184,0.0,0.0,,,1
586384,-0.6531076027838256,0.9295642475225216,1.5,1.0,1.5,0.4999999999999998,1.3333333333333333,0.7970136935983487,-0.0955123664504794,-0.4772413011367771,0.5412403216331251,0.0,0.0,-0.5358369345489745,1.0,1.2892242269941023,0.8004412200296177,-0.0991597631211264,5
586458,-0.389927570457143,-1.3967060397040991,-1.5,-1.0,-1.0,0.0,0.0,-5.01837906474446,-0.658683161076804,-3.801784016923932,-1.7312471447788258,-5.8849491923617165,0.0,-1.945257774202184,0.0,0.0,,,1
586471,0.2672657880125675,-0.4164379946042029,-1.0,-0.5,-0.5,0.0,4.0,-0.7367958543838122,0.69823228777992,0.0,-1.7312471447788258,0.0,0.0,0.4641630654510255,0.0,0.0,-5.009979129451652,-3.1270969082723905,0
586631,0.1245595341394708,-0.5231327642549591,-0.5,0.0,-0.5,0.0,0.0,-1.050136431354479,0.69823228777992,0.0,-0.8521289889920516,0.0,0.0,-0.5358369345489745,2.6303167041658844,0.0,-1.7444488783816223,-0.9364649383018986,0
586637,0.5109455735858626,0.2905406156119291,0.5,0.5,1.0,0.75,1.0,0.5916504193946348,-0.2218539557031286,0.6460181545591593,0.2449467451820483,3.4424745961808574,0.0,0.0,0.0,1.0,0.9894439640940264,-0.1316045993970881,6
586644,-0.4077419345842769,-0.5451046085908845,0.0,0.0,0.5,0.0,0.0,0.2968146172588332,-0.658683161076804,-1.0,0.0269891667947226,0.0,0.0,-0.1695975135107168,0.0,1.2892242269941023,-0.0282457424610924,-0.3755605350192107,2
586656,0.0942290003329554,-0.3548111444861987,-1.0,-0.5,-0.5,0.0,0.0,-0.73157851013244,-0.658683161076804,0.0,0.7367495369393785,0.0,0.0,0.4641630654510255,0.0,0.0,-0.2434945377385348,-1.985567634457868,0
586672,-0.7633530288760725,-0.2752294817283874,0.5,1.0,0.5,0.75,1.0,-0.203996919301769,0.1350614931535953,0.6460181545591593,0.0269891667947226,0.0,0.0,0.0,1.4475677406305645,0.0,-0.2879102108257103,0.3849475343346524,5
586701,-1.884190515710166,0.963277148732632,0.5,0.5,1.0,1.5,0.0,0.5517828749160226,-0.2218539557031286,-0.7323949782604657,0.3718825359910068,0.0,0.0,0.0,0.0,1.0,0.3763329548532819,-0.4462252919827583,2
586721,-1.60103454496792,1.5477585779611254,-1.0,-0.5,0.0,1.5,2.0,-0.7263932728181968,-0.658683161076804,-3.801784016923932,2.0031830567555966,0.0,1.0986122886681096,0.4641630654510255,0.0,3.10628371950539,0.522083456597164,-5.846818380501243,3
586732,-0.2177511905783598,-0.160989241751724,0.5,1.0,1.0,0.0,0.0,0.3897249895283401,0.69823228777992,0.0,0.2449467451820483,0.0,0.0,0.4641630654510255,0.0,0.0,0.2130493353037132,-0.0284185213150183,5
586762,0.1816551333357534,-0.0173189290703666,0.0,0.5,0.5,1.0,0.0,0.1122404320027687,-0.0955123664504794,0.8454879529219202,0.7957508450296478,1.3087681003312956,0.0,0.4641630654510255,0.0,0.0,1.001037236587759,0.524563214357905,5
586774,-0.7616040605285349,-0.6817349135302966,0.0,0.5,0.5,1.0,0.0,0.1217399509351415,-0.0955123664504794,0.8454879529219202,-0.4872619880436798,1.3087681003312956,0.0,0.4641630654510255,0.0,0.0,-0.6656964159530562,-0.0045241538828429,6
586803,-1.208457419522107,-1.6365860878501548,-1.0,-1.0,-0.5,3.0,0.0,-0.8789838963522666,-0.658683161076804,-3.801784016923932,0.3100019998680502,3.4424745961808574,0.0,-1.945257774202184,0.0,3.10628371950539,-0.1662211103855396,-5.846818380501243,3
586811,-0.9378885299188376,-0.3957040193861091,0.5,1.0,0.0,0.0,0.0,-0.2949391879553278,0.1350614931535953,0.0,-0.3378778341536493,0.0,0.0,-0.5358369345489745,2.6303167041658844,0.0,-0.6027323430786476,-0.2689418004878615,0
586820,-0.6947038181364555,0.6395543739241726,0.5,1.0,0.5,1.5,2.0,0.8479403138079668,-0.2218539557031286,1.7466597846047676,0.9061073225814968,2.4424745961808583,0.0,0.0,1.4475677406305645,0.0,1.2431338844363853,0.1313485957605026,6
586829,0.2268142214466653,-0.658368006199544,-1.5,-1.0,-1.0,0.0,0.0,-5.01837906474446,-0.658683161076804,-3.801784016923932,-1.7312471447788258,-5.8849491923617165,0.0,-1.945257774202184,0.0,0.0,,,1
586850,-0.360628370667163,0.0342356026297282,0.5,1.0,1.0,0.0,0.0,0.6399922619297781,0.1350614931535953,0.0,-0.702744835102021,0.0,0.0,0.4641630654510255,0.0,0.0,-0.2037819297146853,0.2114075991255881,5
586876,-0.4733949737513234,0.2291991117677428,0.5,0.5,1.0,0.75,0.0,0.6671265767292133,0.1350614931535953,-0.7323949782604657,0.5930148329413781,1.0,0.0,0.0,0.0,1.0,0.864682179074675,-0.8810191703035787,2
586887,1.4852410605351385,1.145164842730202,1.0,1.5,1.5,0.0,0.0,0.7798871201494759,-0.30176771222008,0.5227586988632229,-0.6208906672269769,0.8092012510390698,0.0,0.4641630654510255,0.0,0.0,0.5256399066228389,0.8831479074369194,5
586936,-0.0065177218590499,-0.8024290039733696,-0.5,-0.5,0.0,0.0,2.0,-0.6762237894947197,0.1350614931535953,1.223901085741545,1.472132988728153,3.4424745961808574,0.0,-0.5358369345489745,0.0,1.8170594925112875,0.4588100260940561,0.2151073465538396,6
586953,0.3028208413348977,0.0171841500464987,0.5,0.5,0.5,0.75,0.0,0.3660275254511002,0.1350614931535953,-0.7323949782604657,0.222498382100976,0.0,0.0,-0.5358369345489745,1.4475677406305645,1.0,-0.0014348488647475,-0.022217953555198,5
587134,0.2142446204098905,-0.5013773948113078,-1.0,-0.5,-0.5,3.0,0.0,-0.2705143356366513,-0.658683161076804,0.0,-1.7312471447788258,0.0,0.0,0.4641630654510255,0.0,0.0,-5.009979129451652,-0.427397407574677,0
587195,0.0950000345162837,-0.5451046085908845,-1.0,-0.5,-0.5,3.0,0.0,-1.2554120094935366,-0.658683161076804,0.0,-0.3378778341536493,0.0,0.0,0.4641630654510255,0.0,0.0,-1.4367501925763484,-0.6078215456823315,0
587233,-0.0286933092512776,-0.983314472996574,-1.5,-1.0,-1.0,0.0,0.0,-5.01837906474446,-0.658683161076804,-3.801784016923932,-1.7312471447788258,-5.8849491923617165,0.0,-1.945257774202184,0.0,0.0,,,1
587234,-0.0321678663686793,1.2258369061374028,0.0,1.0,1.0,0.75,2.0,0.3924696121650622,-0.2218539557031286,0.0,1.0197623700127063,0.0,0.5108256237659907,1.0,0.0,0.0,0.835286619742325,1.1524900032591932,5
587304,-0.4250134860580404,0.5064929114075749,0.0,0.0,0.5,1.0,1.3333333333333333,0.0929139332691932,0.341316838923196,-1.0,0.0269891667947226,0.0,0.0,-0.1695975135107168,0.0,1.2892242269941023,-0.153069000208778,-1.0588164129783293,2
587313,0.2293175019363365,-0.7533569369943934,0.0,-0.5,0.5,1.0,0.0,0.2230802873917413,-0.658683161076804,-2.223901085741545,0.95788183388975,0.0,0.0,-0.9452577742021836,0.0,2.2892242269941026,0.8191289999881853,-1.9542264335833504,2
587373,-1.9285947588625845,0.5872879779418604,1.0,1.0,1.5,0.6000000000000001,0.0,0.6266092325664143,0.2614030824062447,0.5227586988632229,0.7724786433981999,1.5479441141749286,0.0,0.0979236444127681,0.0,0.8170594925112873,0.9201270240211576,0.0029057024987773,5
587459,-0.6286095976474712,0.3794715120532125,0.5,1.0,0.0,0.0,0.0,-0.2123810522025144,-0.2218539557031286,0.0,-0.8521289889920516,0.0,0.0,-0.5358369345489745,2.6303167041658844,0.0,-1.0550465947112004,0.3434578256952144,0
587470,-1.4064436136370662,-0.5672972791819948,-1.0,-0.5,-0.5,0.0,4.0,-1.0889727247412972,-0.658683161076804,0.0,0.7367495369393785,0.0,0.0,0.4641630654510255,0.0,0.0,-0.5750049387030892,-1.3285452188127926,0
587483,-1.265570932745021,-0.2364889768829301,0.5,0.5,0.5,0.75,1.0,0.3488893399656456,-0.2218539557031286,-0.7323949782604657,0.3100019998680502,0.0,0.0,-0.5358369345489745,1.4475677406305645,1.0,0.4185763334209926,-0.0287348541033561,2
587538,1.1134188888647316,0.3939512500814855,0.0,0.0,0.0,1.0,0.0,0.2983480087729462,-0.658683161076804,0.0,0.1763733206847534,3.4424745961808574,0.0,-0.9452577742021836,1.8662394014360388,1.2892242269941023,0.6281201706101435,-0.4405361789512304,6
587577,0.8573882295238124,0.0511563914573724,-0.5,-0.5,0.0,0.0,0.0,0.2510871136656692,-0.658683161076804,-1.577882931182386,0.1763733206847534,0.0,0.0,-0.5358369345489745,0.0,1.8170594925112875,0.2025772618107465,-0.5295312125810824,2
587601,0.1604587921791342,-0.7292238865448002,-1.5,-1.0,-1.0,0.0,0.0,-5.01837906474446,-0.658683161076804,-3.801784016923932,-1.7312471447788258,-5.8849491923617165,0.0,-1.945257774202184,0.0,0.0,,,1
587642,0.3780099402711201,-0.4584993070321419,-1.5,-1.0,-1.0,0.0,0.0,-5.01837906474446,-0.658683161076804,-3.801784016923932,-1.7312471447788258,-5.8849491923617165,0.0,-1.945257774202184,0.0,0.0,,,1
587675,-0.961207165276719,0.8488395143843301,-0.5,0.5,0.0,1.0,1.3333333333333333,-0.2497083796660127,1.2614030824062443,1.577882931182386,0.9061073225814968,0.0,0.6931471805599453,0.4641630654510255,2.6303167041658844,0.0,0.2614323449824804,1.1013309185609756,5
587698,-0.1237569192767911,-0.6123631726854253,-1.0,-0.5,-0.5,0.0,0.0,-0.9433356464201366,-0.658683161076804,0.0,-0.3378778341536493,0.0,0.0,0.4641630654510255,0.0,0.0,-1.1786980987937057,-0.595453589038572,0
587753,-0.387397185054917,-1.3967060397040991,-1.0,-1.0,-0.5,0.0,0.0,-0.752644567480189,-0.658683161076804,-3.801784016923932,-0.3378778341536493,0.0,0.0,-1.945257774202184,0.0,3.10628371950539,-1.0212160956509,-5.846818380501243,3
587754,0.234313503017977,0.2753642525262495,-0.5,0.5,0.0,1.0,1.3333333333333333,-0.6860215557564271,0.9999999999999998,2.8017840169239308,-0.8521289889920516,0.0,0.6931471805599453,0.4641630654510255,2.6303167041658844,0.0,-1.4448129309410098,1.1893296767490389,0
587802,-0.6390673935933896,-0.7053517390478198,-0.5,0.0,0.0,1.5,0.0,-0.4775558236714001,0.1350614931535953,0.0,1.251000691777781,0.0,0.0,0.4641630654510255,0.0,0.0,0.3302517849663056,0.224909422807929,0
587810,1.5194444297861136,0.6906121893614907,0.0,0.5,0.0,1.0,0.0,0.4632960352216048,0.341316838923196,0.8454879529219202,0.3100019998680502,0.0,0.0,-0.1695975135107168,1.8662394014360388,0.0,0.2627914781746641,0.0547066256551227,5
587899,-0.5674969481070116,-0.6817349135302966,-0.5,0.0,0.0,0.0,0.0,-0.1766374246825731,-0.658683161076804,1.223901085741545,-0.8521289889920516,1.8945304820059297,0.0,0.4641630654510255,0.0,0.0,-0.6803506877090552,-0.1268933804882247,6
588013,0.0290373314632803,-0.7053517390478198,-1.0,-0.5,-0.5,0.0,0.0,0.0751327678248068,-0.658683161076804,0.0,0.7367495369393785,0.0,0.0,0.4641630654510255,0.0,0.0,0.4225664710140878,-0.2812640186775074,0
588048,-0.1471024418783731,-0.4584993070321419,0.0,0.5,-0.5,0.0,1.3333333333333333,-0.4039196137942915,0.9999999999999998,0.0,-0.3378778341536493,0.0,0.0,-0.9452577742021836,3.313807142066604,0.0,-0.7334991380170535,0.2082134951263212,0
588103,-0.0461344695078639,0.4083366568994223,1.5,2.0,1.5,0.4999999999999998,0.0,0.5287910417649843,0.69823228777992,0.4390194395059628,-0.6208906672269769,0.0,0.0,0.1617063421381263,1.0,0.0,-0.2705463020558592,1.0105441354098317,5
588313,0.905312944023928,0.2600828618709601,-1.0,-0.5,-0.5,0.0,0.0,-0.6106552906169129,0.69823228777992,0.0,-0.3378778341536493,0.0,0.0,0.4641630654510255,0.0,0.0,-0.9040295682741992,-0.177753137265703,0
588355,-0.1670026748704246,-0.1241858541912811,0.0,0.5,0.5,0.0,0.0,0.0630667133623977,0.341316838923196,1.577882931182386,-0.3378778341536493,2.4424745961808583,0.0,0.4641630654510255,0.0,0.0,-0.0823459403234135,0.8343753917361352,6
588370,-1.1136135167991117,-1.0104087041727063,0.5,0.0,0.5,1.5,1.0,0.3284440081838901,0.1350614931535953,-1.577882931182386,0.7367495369393785,1.3087681003312956,0.0,-1.169597513510717,1.4475677406305645,1.8170594925112875,0.8872544757547535,-0.2985413719256903,2
588386,1.0025741048842325,0.3648961975046188,-0.5,0.0,0.0,0.0,0.0,-0.4775558236714001,0.69823228777992,0.0,0.7367495369393785,0.0,0.0,0.4641630654510255,0.0,0.0,-0.1299817952337405,0.5445395976152226,0
588391,-0.4192376201111174,-0.2557742709686207,-0.5,0.0,0.0,0.0,2.0,-0.1685998590832503,0.1350614931535953,1.223901085741545,0.3100019998680502,1.8945304820059297,0.0,0.4641630654510255,0.0,0.0,0.0978232301146337,-0.3978158349780728,6
588414,-0.2074848197189481,-0.0347747680912913,0.0,0.5,0.5,0.0,1.3333333333333333,0.6521599593579435,-0.658683161076804,1.577882931182386,0.5412403216331251,2.4424745961808583,0.0,0.4641630654510255,0.0,0.0,1.547367389228111,0.5694525125933368,6
588497,0.7477518169616649,-0.1060116599355281,-1.0,-0.5,-0.5,0.0,0.0,-0.6860215557564271,-0.658683161076804,0.0,0.5412403216331251,0.0,0.0,0.4641630654510255,0.0,0.0,-0.3321000310432452,-0.6008777775549696,0
588507,0.3426916994996198,0.0,0.0,0.0,0.5,0.0,1.3333333333333333,-0.203996919301769,-0.0955123664504794,0.0,1.384629370961078,0.0,0.0,-0.1695975135107168,0.0,1.2892242269941023,0.486479784362338,0.6647811889474651,5
588526,-0.014288711125468,-0.9301034129840848,-1.5,-1.0,-1.0,0.0,0.0,-5.01837906474446,-0.658683161076804,-3.801784016923932,-1.7312471447788258,-5.8849491923617165,0.0,-1.945257774202184,0.0,0.0,,,1
588560,0.695296693668016,-0.1060116599355281,-1.5,-1.0,-1.0,0.0,0.0,-5.01837906474446,-0.658683161076804,-3.801784016923932,-1.7312471447788258,-5.8849491923617165,0.0,-1.945257774202184,0.0,0.0,,,1
588582,-0.4610524834036274,-0.5451046085908845,-0.5,0.0,0.0,0.0,0.0,0.2968146172588332,0.1350614931535953,3.0693890386634664,-0.8521289889920516,4.751242696512155,0.0,0.4641630654510255,0.0,0.0,-0.0705121371117989,-0.0120740473655764,6
588677,0.3219186297891719,0.4509389841865806,0.0,0.5,0.5,0.0,1.3333333333333333,0.3180322449358585,-0.0955123664504794,0.0,-0.8521289889920516,0.0,0.0,0.4641630654510255,0.0,0.0,-1.2989023090726566,0.0292341013836681,0
588732,-0.3680830603664354,-0.2557742709686207,0.0,0.5,0.0,2.0,0.0,0.4468496671018975,-0.0955123664504794,0.0,-0.3378778341536493,0.0,0.0,-0.1695975135107168,1.8662394014360388,0.0,8.07532393519963e-05,-0.2137539843176314,0
588797,-0.2049274726775389,1.175763283428428,0.0,1.0,1.0,1.5,2.0,0.6255709103099912,1.3216421488021193,3.0693890386634664,0.7812558369313752,3.4424745961808574,0.5108256237659907,1.0,0.0,0.0,1.406201109863588,1.507359881216301,6
588820,-1.078442521692874,-0.5013773948113078,0.5,1.0,1.0,0.75,1.0,0.6740210498314413,0.4368292053736752,0.0,0.1763733206847534,0.0,0.0,0.4641630654510255,0.0,0.0,0.4675824528468687,0.2771295390663733,5
588893,-0.3934761774586333,-0.1984164451611818,-0.5,0.0,0.0,1.5,2.0,0.2828870538078779,0.1350614931535953,0.0,-0.3378778341536493,0.0,0.0,0.4641630654510255,0.0,0.0,-0.0530772188127269,-0.5005847114997027,0
588919,0.6298352634420402,0.0511563914573724,-0.5,-0.5,0.0,0.0,2.0,0.2590379638790951,0.69823228777992,-1.577882931182386,0.5412403216331251,0.0,0.0,-0.5358369345489745,0.0,1.8170594925112875,-0.1407921355383415,-1.2497419228160431,2
588970,-0.7338522894487106,-0.5672972791819948,0.0,-1.0,0.5,1.0,1.3333333333333333,0.347445297787934,-0.658683161076804,-3.801784016923932,1.270974323529869,0.0,0.0,-1.945257774202184,0.0,3.10628371950539,0.8517710851213773,-5.846818380501243,3
589008,0.2810874703231954,-0.5231327642549591,-1.5,-1.0,-1.0,0.0,0.0,-5.01837906474446,-0.658683161076804,-3.801784016923932,-1.7312471447788258,-5.8849491923617165,0.0,-1.945257774202184,0.0,0.0,,,1
589121,-0.3329486850314062,-0.3957040193861091,0.0,0.0,0.5,0.0,1.3333333333333333,0.0342218975569808,0.341316838923196,-1.0,-0.8521289889920516,1.3087681003312956,0.0,-0.1695975135107168,0.0,1.2892242269941023,-0.365482539453199,-1.727854244041909,2
589140,-0.6251373048241939,-1.3013753161468835,-1.0,-0.5,-0.5,0.0,0.0,0.1216076941696255,-0.658683161076804,0.0,-0.8521289889920516,0.0,0.0,0.4641630654510255,0.0,0.0,-0.7802019202404108,-0.1648520517023924,0
589154,0.0505079689189982,0.3056133849682904,0.5,0.5,1.0,0.75,0.0,0.6511526688560793,-0.2218539557031286,-0.7323949782604657,0.9061073225814968,1.0,0.0,0.0,0.0,1.0,1.2981982101776943,0.0626522769781201,5
589162,0.4114358187962695,0.2753642525262495,0.0,0.5,0.5,0.0,1.3333333333333333,0.1992956887355739,-0.658683161076804,0.0,0.3918561677430946,0.0,0.0,0.4641630654510255,0.0,0.0,0.1887996340068218,0.3960760027329896,5
589164,-0.5806045885107809,-0.1060116599355281,0.5,1.0,1.0,0.0,0.0,0.485755387292567,-0.2218539557031286,0.0,0.5412403216331251,0.0,0.0,0.4641630654510255,0.0,0.0,0.7179241416273469,0.3149126394748787,5
589171,0.6809136848297533,0.6135758138503429,-1.0,-0.5,-0.5,0.0,0.0,-1.6117105173101978,-0.658683161076804,0.0,0.5412403216331251,0.0,0.0,0.4641630654510255,0.0,0.0,-1.1004134292804029,-0.263618558502119,0
589228,-0.5885158586668233,1.4870197192823456,0.5,1.5,1.5,1.8,0.8,0.878553993425749,0.0,0.0,-0.1791334945787352,0.0,0.4054651081081644,0.8735839051042346,0.0,0.0,0.2516710700404536,0.5617148298189258,5
589259,1.208165469621984,0.4509389841865806,-0.5,-0.5,0.0,0.0,0.0,0.3059733857426701,0.69823228777992,-1.577882931182386,0.3100019998680502,0.0,0.0,-0.5358369345489745,0.0,1.8170594925112875,0.1382592518343391,-0.2137771039993752,2
589306,-0.0461344695078639,0.5472599549180527,0.5,1.0,1.0,0.0,1.0,0.4181070897731531,0.4368292053736752,0.0,-0.1423686188473956,0.0,0.0,0.4641630654510255,0.0,0.0,0.1308183725453031,0.0878989891040044,5
589311,0.3455056592328074,-0.3146618177495106,0.5,0.0,0.5,0.75,0.0,0.5574341261769648,-0.2218539557031286,-1.577882931182386,0.60981374613042,0.0,0.0,-1.169597513510717,1.4475677406305645,1.8170594925112875,0.6470355752930109,-0.0160713018641307,2
589404,0.2276490403637519,2.030199053421311,0.5,0.5,1.5,0.6000000000000001,0.8,0.1992956887355739,-0.658683161076804,-1.9562960640020104,0.9679878587044534,2.856712214506226,0.4054651081081644,0.0,0.0,1.8170594925112875,1.067990064585957,-0.4257358523224877,2
589405,-1.71690674924884,-1.9470124225188288,-0.5,-0.5,0.0,0.0,0.0,0.1676945449619792,0.1350614931535953,-1.577882931182386,-0.1423686188473956,0.0,0.0,-0.5358369345489745,0.0,1.8170594925112875,-0.0749964708440246,-1.7235679705007476,2
589414,-0.3553226842318793,-1.0937450900539751,-1.0,-0.5,-0.5,3.0,0.0,-0.68110843160601,0.69823228777992,0.0,-0.8521289889920516,0.0,0.0,0.4641630654510255,0.0,0.0,-1.4407698425961968,-0.8599255340106942,0
589489,-0.6531076027838256,1.0826657989148842,2.0,2.0,2.0,0.8571428571428571,2.2857142857142856,0.7919121740520738,-0.1667062190664846,-0.4064685134159581,0.1285072852083251,0.0,0.0,-0.071673869097949,0.8662394014360383,0.598410269255311,0.6156463893258874,0.9428574717142014,5
589539,0.3426916994996198,-0.589715259924501,-0.5,-1.0,0.0,0.0,0.0,0.4127741706770125,-0.658683161076804,-3.801784016923932,1.3100019998680503,3.4424745961808574,0.0,-1.945257774202184,0.0,3.10628371950539,1.7277367867115607,-5.846818380501243,3
589630,0.044966381854183,0.3354537328232688,0.5,0.5,0.5,0.0,1.0,0.1292632009543175,-0.658683161076804,0.0,0.852128988992052,1.3087681003312956,0.0,-0.5358369345489745,1.4475677406305645,1.0,0.4744144180877179,0.4277118183097763,5
589650,2.128759329963371,1.3415744240462002,0.0,0.0,0.5,1.0,0.0,0.207867465655135,-0.0955123664504794,0.0,-0.4872619880436798,2.4424745961808583,0.0,-0.1695975135107168,0.0,1.2892242269941023,-0.1179120790548126,-0.2480618843239817,6
589758,2.8332604664852243,1.3321579827534449,1.0,1.0,1.5,1.2000000000000002,0.0,0.3828240631207255,0.0,-0.5778829311823854,-0.4253814519207233,0.0,0.0,0.0979236444127681,0.0,0.8170594925112873,-0.2413467166513503,0.5635477998579133,5
589775,-0.1471024418783731,-0.5672972791819948,0.0,0.0,0.5,0.0,1.3333333333333333,-0.1475338017355012,-0.0955123664504794,0.0,-0.4872619880436798,1.3087681003312956,0.0,-0.1695975135107168,0.0,1.2892242269941023,-0.741981944895403,-0.1974384689984146,0
589812,-0.4269429563329749,-0.5231327642549591,-1.0,-0.5,-0.5,0.0,4.0,0.1216076941696255,0.69823228777992,0.0,-0.8521289889920516,0.0,0.0,0.4641630654510255,0.0,0.0,-0.8156919536637806,-0.4026056830527617,0
589822,-0.7721237983712724,-1.9057373490655,-1.5,-1.0,-1.0,0.0,0.0,-5.01837906474446,-0.658683161076804,-3.801784016923932,-1.7312471447788258,-5.8849491923617165,0.0,-1.945257774202184,0.0,0.0,,,1
589868,0.5414223841608208,0.1820481643393343,0.0,0.0,0.5,0.0,0.0,0.1122404320027687,-0.0955123664504794,-1.0,-1.0833673107571262,0.0,0.0,-0.1695975135107168,0.0,1.2892242269941023,-1.236273703862525,0.3888290911844991,0
589884,-0.6399999623800571,0.2291991117677428,0.0,0.0,0.0,0.0,0.0,-0.3660049050560748,0.69823228777992,-1.0,0.9061073225814968,0.0,0.0,-0.9452577742021836,1.8662394014360388,1.2892242269941023,-0.2492548008687438,-0.5639967789857975,2
589977,1.455390320670462,1.0399948645799229,0.5,1.0,1.0,1.5,0.0,0.5517828749160226,0.1350614931535953,0.0,-0.1423686188473956,0.0,0.0,0.4641630654510255,0.0,0.0,0.2474452305315632,-0.430149048976115,5
589995,0.3687835443878995,0.2135937313624968,0.0,0.5,0.0,1.0,1.3333333333333333,-0.1874748525959896,0.69823228777992,0.8454879529219202,-1.2169959899404237,1.8945304820059297,0.0,-0.1695975135107168,1.8662394014360388,0.0,-0.9952920412815902,0.0036675383502618,6
590014,-0.7397627016032954,-1.332697148215006,-1.0,-0.5,-0.5,0.0,4.0,-1.275008204445934,-0.658683161076804,0.0,-1.7312471447788258,0.0,0.0,0.4641630654510255,0.0,0.0,-5.009979129451652,-0.3510286105176922,0
590040,2.08987571129631,0.963277148732632,1.5,1.5,1.5,0.4999999999999998,0.6666666666666664,0.7104945564722782,0.1350614931535953,-0.4772413011367771,0.4537367038660508,0.0,0.0,-0.1695975135107168,1.0,0.690813957738791,0.7871483690178632,0.1414546482178962,5
590077,-1.2310829129263403,0.9182112552292012,0.0,1.0,1.0,1.5,3.0,0.6471114217593366,0.4368292053736752,0.0,0.1763733206847534,0.0,0.5108256237659907,1.0,0.0,0.0,0.4874050182628152,0.3615212808460147,5
590095,0.6961211782693146,0.3205839652723227,-1.0,-0.5,-0.5,0.0,0.0,0.1216076941696255,0.69823228777992,0.0,1.055491476471528,0.0,0.0,0.4641630654510255,0.0,0.0,0.6602953437547402,-2.652915937850988,2
590103,-0.4600687795770939,0.5201657237419183,0.0,0.5,0.5,0.0,0.0,0.2952784301342139,-0.0955123664504794,0.0,-0.3378778341536493,0.0,0.0,0.4641630654510255,0.0,0.0,-0.1572987192471922,-0.2802386721748987,5
590123,0.1103508406522334,-0.6817349135302966,-1.0,-0.5,-0.5,0.0,0.0,-1.0969594992736968,0.69823228777992,2.2239010857415447,1.521876595833502,0.0,0.0,0.4641630654510255,0.0,0.0,-0.0660566185743795,0.4926206152799864,0
590130,-0.133958424712661,-0.6352457830218333,-0.5,0.0,0.0,1.5,2.0,-0.1397678628496181,-0.658683161076804,0.0,-0.8521289889920516,0.0,0.0,0.4641630654510255,0.0,0.0,-1.0873360199784337,0.0121450651712826,0
590163,-0.093499335471865,0.1011544248762458,0.5,0.5,1.0,1.5,0.0,0.4455642383179503,-0.658683161076804,0.0,0.1763733206847534,1.8945304820059297,0.0,0.0,0.0,1.0,0.5673979939281724,0.030224669449907,5
590202,0.3123954047562008,0.2446949798295298,0.5,1.0,1.0,0.75,0.0,0.6750013854911391,0.1350614931535953,0.6460181545591593,-0.2363597157400465,1.0,0.0,0.4641630654510255,0.0,0.0,0.3931396639034525,0.5093730323205425,5
590227,-0.3746316801076703,-0.7777566563817965,-0.5,0.0,0.0,1.5,2.0,0.1477825926873703,0.69823228777992,2.2239010857415447,0.0269891667947226,3.4424745961808574,0.0,0.4641630654510255,0.0,0.0,0.3571213452852206,-0.6772669623636411,6
590230,-0.7721237983712724,1.175763283428428,0.0,1.0,1.0,0.75,1.0,0.6789113619015444,0.69823228777992,0.0,-0.4482343117054982,0.0,0.5108256237659907,1.0,0.0,0.0,0.159031890186764,0.0825171095226815,5
590379,0.2392954900529358,0.1978772796996186,0.5,1.0,1.0,0.0,0.0,0.7263140966530354,-0.2218539557031286,0.6460181545591593,-0.2363597157400465,1.0,0.0,0.4641630654510255,0.0,0.0,0.3842074737802814,0.9961695933805982,5
590394,-0.0267659328131899,-0.589715259924501,-0.5,-0.5,0.0,1.5,0.0,-0.1219209359602892,-0.658683161076804,-1.577882931182386,-0.3378778341536493,0.0,0.0,-0.5358369345489745,0.0,1.8170594925112875,-0.1484896827892121,-1.8519312208869825,2
590397,0.0412623612970791,-0.658368006199544,-0.5,-1.0,0.0,0.0,0.0,-0.1527511459868734,-0.658683161076804,-3.801784016923932,1.3100019998680503,0.0,0.0,-1.945257774202184,0.0,3.10628371950539,0.4192659283923615,-5.846818380501243,3
590400,-0.3583051823523965,-0.2752294817283874,0.5,0.5,1.0,0.75,1.0,0.6808595671728478,0.4368292053736752,-0.7323949782604657,0.1763733206847534,1.0,0.0,0.0,0.0,1.0,0.6160201496547064,-0.9575176388337786,2
590404,0.7613997006375568,0.5472599549180527,0.5,1.0,1.0,1.5,0.0,-0.0043771444121186,0.1350614931535953,0.6460181545591593,0.1038793384945924,1.0,0.0,0.4641630654510255,0.0,0.0,0.1949991788781859,0.624396892960019,5
590412,0.5732704670908609,0.3056133849682904,-1.0,-0.5,-0.5,0.0,0.0,-0.97745360289212,0.69823228777992,0.0,-0.3378778341536493,0.0,0.0,0.4641630654510255,0.0,0.0,-1.2068884724899576,-0.2384409343299802,0
590420,-0.0578577940088147,2.157177725787024,1.0,1.0,2.0,1.0,0.6666666666666664,0.9072989167764098,-0.3569154488567242,-1.0,-0.1423686188473956,0.0,0.3364722366212129,0.0979236444127681,0.0,1.5078734502500786,0.4019582518084934,0.0188863027035855,5
590429,-0.0137149501082336,0.0,0.0,0.5,-0.5,0.0,1.3333333333333333,-0.0021857299012968,-0.0955123664504794,0.8454879529219202,-0.3378778341536493,0.0,0.0,-0.9452577742021836,3.313807142066604,0.0,-0.4023548751287451,-0.2599985987368003,0
590434,0.7442610000316903,0.2446949798295298,0.0,0.5,0.0,0.0,0.0,0.5618495579734146,0.69823228777992,0.0,-0.1423686188473956,0.0,0.0,-0.1695975135107168,1.8662394014360388,0.0,0.1907419944771145,0.2215990539147163,5
590442,0.2293175019363365,0.0511563914573724,0.5,1.0,1.0,0.0,0.0,-0.0564198929834767,-0.658683161076804,0.0,-0.0548650010803214,0.0,0.0,0.4641630654510255,0.0,0.0,-0.2406322522021921,0.2391802389101565,5
590468,0.5713850346278083,0.7528177715328302,-0.5,-0.5,-0.5,1.5,0.0,-1.414867016446103,0.1350614931535953,-1.577882931182386,1.4203584774198996,0.0,0.0,-1.945257774202184,2.6303167041658844,1.8170594925112875,-0.3907310827095374,-3.0666762259881906,2
590471,-0.0091315224976897,0.2753642525262495,0.5,1.0,0.0,0.0,0.0,0.0129966340860437,0.4368292053736752,1.7466597846047676,-1.2169959899404237,1.8945304820059297,0.0,-0.5358369345489745,2.6303167041658844,0.0,-1.4612252400341907,1.2754183021006404,6
590473,1.619796751711622,1.093205924592412,-0.5,0.0,-0.5,0.0,0.0,-1.3366892758771278,-0.658683161076804,0.0,-1.7312471447788258,0.0,0.0,-0.5358369345489745,2.6303167041658844,0.0,-5.009979129451652,0.3454105224517769,0
590558,-0.0461344695078639,0.1338683882105274,0.0,-0.5,0.5,0.0,2.6666666666666665,0.6192406901010498,-0.0955123664504794,-2.223901085741545,0.5412403216331251,1.3087681003312956,0.0,-0.9452577742021836,0.0,2.2892242269941026,0.9218306177030856,-1.6882067444390052,2
590659,-0.0065177218590499,-0.9301034129840848,-1.0,-1.0,-0.5,0.0,0.0,-1.217536041802452,-0.658683161076804,-3.801784016923932,0.3100019998680502,0.0,0.0,-1.945257774202184,0.0,3.10628371950539,-0.926703665492017,-5.846818380501243,3
590697,-0.0555069303784932,-0.658368006199544,0.0,-0.5,0.5,1.0,0.0,0.370258153942826,-0.658683161076804,0.0,0.3918561677430946,2.4424745961808583,0.0,-0.9452577742021836,0.0,2.2892242269941026,0.6452466996615412,-0.8469322577459552,2
590744,0.8617988536095541,0.4368293378606515,-1.0,-0.5,-0.5,0.0,0.0,-0.7263932728181968,-0.658683161076804,0.0,0.0269891667947226,0.0,0.0,0.4641630654510255,0.0,0.0,-0.7191129853282965,-0.4734186150381529,0
590829,0.7150700685325616,0.5064929114075749,0.0,0.0,0.5,0.0,0.0,-0.0311285469557203,0.341316838923196,-1.0,0.0269891667947226,1.3087681003312956,0.0,-0.1695975135107168,0.0,1.2892242269941023,-0.0688379607977159,-0.4597984256174265,2
590843,-1.348746936987948,-1.3013753161468835,-0.5,-1.0,0.0,0.0,0.0,-0.2645171686507984,-0.658683161076804,-3.801784016923932,1.521876595833502,1.8945304820059297,0.0,-1.945257774202184,0.0,3.10628371950539,0.8052060270486905,-5.846818380501243,3
590905,-0.1858638490810301,0.0511563914573724,0.5,0.5,1.0,1.5,1.0,0.4260437111312598,0.1350614931535953,0.6460181545591593,-0.0548650010803214,1.8945304820059297,0.0,0.0,0.0,1.0,0.3895805836026705,-0.1059072178194152,5
590922,-0.0152453915759639,0.0511563914573724,0.0,0.5,0.5,1.0,0.0,0.1141489229760197,-0.658683161076804,0.0,0.4687463394429643,0.0,0.0,0.4641630654510255,0.0,0.0,0.3497241696946156,0.1773161269403466,5
590954,-0.0275366324188616,-0.0879858281037825,0.0,0.5,0.5,0.0,1.3333333333333333,-0.2615345163169901,0.341316838923196,0.8454879529219202,-0.3378778341536493,1.3087681003312956,0.0,0.4641630654510255,0.0,0.0,-0.555503728294312,0.4289316200227674,6
590967,0.9208756040652278,0.7528177715328302,1.0,1.5,1.5,0.6000000000000001,0.0,0.8542999972175651,0.0,0.0,0.3597456069733999,0.0,0.0,0.4641630654510255,0.0,0.0,0.3792394350288298,0.5914394335555276,5
590981,0.3464426559379499,0.3205839652723227,0.0,0.0,0.5,0.0,0.0,0.036315310818796,0.341316838923196,-1.0,-0.0833673107571263,1.3087681003312956,0.0,-0.1695975135107168,0.0,1.2892242269941023,0.3659903087897801,-0.2974440514761241,2
591003,0.6504783244155593,0.1500453992945883,0.5,1.0,0.5,0.0,1.0,0.0487677306243735,0.4368292053736752,0.0,0.3100019998680502,0.0,0.0,0.0,1.4475677406305645,0.0,0.2439394197910055,0.2174882664569737,5
591063,1.059070143863701,1.521931942765189,-0.5,0.5,-0.5,1.0,1.3333333333333333,-5.01837906474446,0.69823228777992,1.577882931182386,-1.7312471447788258,-5.8849491923617165,0.6931471805599453,-0.5358369345489745,4.496556105601924,0.0,-5.009979129451652,1.2147795069969365,4
591097,-0.0637486027703328,-0.2173706571356206,0.5,0.5,1.0,0.0,1.0,0.5883992318067482,0.1350614931535953,-0.7323949782604657,-0.5691161559187239,0.0,0.0,0.0,0.0,1.0,-0.1042867651204142,0.1689949631350997,5
591155,-0.20237380262811,-0.0523696989290143,-0.5,-0.5,0.0,0.0,4.0,-0.2765544934337305,0.1350614931535953,-1.577882931182386,0.1763733206847534,0.0,0.0,-0.5358369345489745,0.0,1.8170594925112875,-0.3289296028951646,-0.4685737833267178,2
591255,-0.0798371356929646,-0.8526164401574539,-1.0,-0.5,-0.5,0.0,0.0,-0.7579944165917915,0.69823228777992,0.0,0.0269891667947226,0.0,0.0,0.4641630654510255,0.0,0.0,-0.7452269048922645,-1.1230992780573985,0
591271,0.0176224556920518,-0.6817349135302966,-1.5,-1.0,-1.0,0.0,0.0,-5.01837906474446,-0.658683161076804,-3.801784016923932,-1.7312471447788258,-5.8849491923617165,0.0,-1.945257774202184,0.0,0.0,,,1
591328,-0.7942421068079732,-1.9057373490655,-1.5,-1.0,-1.0,0.0,0.0,-5.01837906474446,-0.658683161076804,-3.801784016923932,-1.7312471447788258,-5.8849491923617165,0.0,-1.945257774202184,0.0,0.0,,,1
591381,1.0004147402250447,-0.160989241751724,-0.5,-0.5,0.0,0.0,0.0,0.3868748586217402,0.1350614931535953,-1.577882931182386,0.7367495369393785,1.8945304820059297,0.0,-0.5358369345489745,0.0,1.8170594925112875,1.320769010928771,-1.5997221180056893,2
591433,-0.7897963542653952,0.1820481643393343,1.0,1.5,1.5,0.6000000000000001,0.0,0.3688503033154463,0.4919769420103195,0.5227586988632229,0.0888697029176791,0.8092012510390698,0.0,0.4641630654510255,0.0,0.0,0.2417704147208711,0.5425414468470324,5
591478,-0.5323259530007749,-0.7292238865448002,-0.5,-1.0,0.0,1.5,0.0,-0.0849048050881716,-0.658683161076804,-3.801784016923932,1.1240649009688228,0.0,0.0,-1.945257774202184,0.0,3.10628371950539,0.5303536412043229,-5.846818380501243,3
591582,-0.3699516320415804,1.3788436992524111,0.5,1.5,1.5,1.2000000000000002,0.8,0.059005990300823,0.0,1.0,0.0888697029176791,1.5479441141749286,0.4054651081081644,0.8735839051042346,0.0,0.0,0.217120478331968,1.003883713667289,5
591593,-0.2436797855732951,-0.6352457830218333,-0.5,0.0,0.0,1.5,4.0,-0.4775558236714001,0.1350614931535953,1.223901085741545,-0.1423686188473956,0.0,0.0,0.4641630654510255,0.0,0.0,-0.6756542848436982,0.5925271867510865,0
591599,0.138655459029492,-0.1984164451611818,-0.5,0.0,0.0,1.5,0.0,-0.2705143356366513,0.69823228777992,0.0,-0.1423686188473956,0.0,0.0,0.4641630654510255,0.0,0.0,-0.754154766685177,-0.3915990702388194,0
591714,-1.5824367078789177,0.1661047583479931,1.5,1.5,1.5,0.4999999999999998,0.0,0.5287910417649843,0.1350614931535953,0.0,-0.3378778341536493,0.0,0.0,-0.1695975135107168,1.0,0.690813957738791,0.0627644088791549,0.2533967400561088,5
591746,-0.8715739442530256,-0.8781444948462946,0.0,0.5,0.5,0.0,1.3333333333333333,0.3659285567392126,0.341316838923196,0.0,-0.8521289889920516,0.0,0.0,0.4641630654510255,0.0,0.0,-0.5297525022979329,-0.1385088791334254,0
591835,-0.6654844975638724,-0.658368006199544,-1.0,-1.0,-0.5,0.0,0.0,-0.9366747547804596,-0.658683161076804,-3.801784016923932,0.0269891667947226,3.4424745961808574,0.0,-1.945257774202184,0.0,3.10628371950539,-0.413260279788136,-5.846818380501243,3
591888,-0.1095725421238259,0.1820481643393343,1.0,1.5,1.5,0.6000000000000001,2.4,0.6671265767292133,0.2614030824062447,0.0,-0.2560236662786049,0.0,0.0,0.4641630654510255,0.0,0.0,0.2357434845906105,0.2172232727906865,5
592035,-0.7897963542653952,1.7752694077441564,0.0,1.0,0.5,1.5,1.0,-0.9844461609027249,0.4368292053736752,1.223901085741545,0.7957508450296478,1.3087681003312956,0.5108256237659907,0.4641630654510255,1.8662394014360388,0.0,-0.2848589949601348,0.1112045209642658,5
592079,1.447848580194441,0.8605538768015021,-1.5,-1.0,-1.0,0.0,0.0,-5.01837906474446,-0.658683161076804,-3.801784016923932,-1.7312471447788258,-5.8849491923617165,0.0,-1.945257774202184,0.0,0.0,,,1
592082,-0.7476739717593385,0.3939512500814855,-0.5,0.0,0.0,0.0,0.0,-0.3559539102774862,-0.658683161076804,0.0,-0.1423686188473956,0.0,0.0,0.4641630654510255,0.0,0.0,-0.5178603162872742,-0.3095411863540034,0
592118,-0.003255871147178,-1.0656153830619794,-1.5,-1.0,-1.0,0.0,0.0,-5.01837906474446,-0.658683161076804,-3.801784016923932,-1.7312471447788258,-5.8849491923617165,0.0,-1.945257774202184,0.0,0.0,,,1
592132,0.6987569599255654,0.1175719885109969,-0.5,-0.5,0.0,0.0,0.0,-0.5291191057528215,0.69823228777992,-1.577882931182386,0.0269891667947226,0.0,0.0,-0.5358369345489745,0.0,1.8170594925112875,-0.5450128726885327,-0.6171007022912207,2
592158,-0.7604390377164095,-0.4164379946042029,-0.5,0.0,0.0,0.0,0.0,-0.421734197117816,-0.658683161076804,0.0,-0.8521289889920516,0.0,0.0,0.4641630654510255,0.0,0.0,-1.3608945542875446,0.3188407654094297,0
592221,-0.6729522473746467,-0.3751629211508731,0.0,0.5,0.5,0.0,0.0,0.4429874827793338,0.341316838923196,1.577882931182386,-0.4872619880436798,2.4424745961808583,0.0,0.4641630654510255,0.0,0.0,-0.0638395497420672,0.8603104965117561,6
592366,-0.0539414148840952,-0.0347747680912913,0.0,0.0,0.5,1.0,1.3333333333333333,0.6680458128196928,-0.0955123664504794,-1.0,0.0269891667947226,0.0,0.0,-0.1695975135107168,0.0,1.2892242269941023,0.5301774532510031,-0.7983191110501346,2
592371,-1.3732449421243034,-0.3751629211508731,0.5,0.5,0.5,0.0,0.0,0.119848595697766,0.1350614931535953,0.0,0.4687463394429643,1.3087681003312956,0.0,-0.5358369345489745,1.4475677406305645,1.0,0.3728042567207563,0.4218773588803841,5
592372,0.3564066496078519,-0.1796235475848035,-0.5,0.0,-0.5,0.0,2.0,0.0194205412200212,0.69823228777992,2.2239010857415447,-0.8521289889920516,0.0,0.0,-0.5358369345489745,2.6303167041658844,0.0,-0.8642933607233695,0.5551884610053713,0
592378,-0.6151442017357147,-0.9565486648353788,-1.0,0.0,-0.5,1.5,2.0,-5.01837906474446,0.69823228777992,2.2239010857415447,-1.7312471447788258,-5.8849491923617165,1.0986122886681096,0.4641630654510255,4.496556105601924,0.0,-5.009979129451652,0.3527902681149379,4
592399,-0.5364277497740233,-0.1060116599355281,0.5,1.0,1.0,0.75,0.0,0.1676945449619792,0.4368292053736752,0.0,-0.3378778341536493,0.0,0.0,0.4641630654510255,0.0,0.0,-0.3485904084009037,0.3467178309810206,5
592403,0.4868744587804661,1.2258369061374028,-0.5,0.0,0.5,2.0,4.0,0.5741639624164553,0.341316838923196,0.8454879529219202,0.7957508450296478,1.3087681003312956,0.6931471805599453,0.4641630654510255,0.0,1.8170594925112875,0.9915487327710052,1.06203421816587,5
592445,-0.8715739442530256,-0.7533569369943934,0.0,0.0,0.5,0.0,0.0,0.0791166920525803,-0.0955123664504794,0.8454879529219202,0.3100019998680502,2.4424745961808583,0.0,-0.1695975135107168,0.0,1.2892242269941023,0.2237312160956316,0.5046158369550238,6
592491,-0.880897205627443,-0.589715259924501,0.5,0.5,1.0,0.0,1.0,0.645083506449628,0.4368292053736752,0.6460181545591593,0.2449467451820483,2.703731733044999,0.0,0.0,0.0,1.0,1.029651443895836,0.3000679779450088,6
592598,-0.7315590971179934,0.2446949798295298,1.0,1.5,1.0,0.0,0.0,-0.1320728467704322,0.8848129434284441,1.0,0.6427584400467276,1.8945304820059297,0.0,0.0979236444127681,1.18274896353532,0.0,0.1881073615904474,1.1178127722833529,5
592707,0.5307585925886097,-0.4373685033222146,-1.0,-0.5,-0.5,0.0,0.0,-0.5796901849871293,0.69823228777992,0.0,-0.3378778341536493,0.0,0.0,0.4641630654510255,0.0,0.0,-0.8784808160127656,-0.3166192083841647,0
592792,-0.5313019822526647,-0.4164379946042029,0.0,0.5,0.5,0.0,0.0,0.5369097402689171,-0.0955123664504794,0.8454879529219202,-1.0833673107571262,1.3087681003312956,0.0,0.4641630654510255,0.0,0.0,-0.8102796745285253,0.2586084643280203,6
592833,0.0801373769604198,-0.3346452313910828,0.0,0.5,0.5,1.0,1.3333333333333333,0.4820678610374498,0.341316838923196,0.8454879529219202,0.1285072852083251,1.3087681003312956,0.0,0.4641630654510255,0.0,0.0,0.3645597826675368,-0.0427898487688541,6
592886,-1.4334567155544502,-0.0523696989290143,0.0,0.5,0.5,0.0,0.0,0.3716636561944244,-0.0955123664504794,0.8454879529219202,-0.3378778341536493,1.3087681003312956,0.0,0.4641630654510255,0.0,0.0,0.190795658397867,-0.3576668875130637,6
592929,0.1775390776965543,-0.160989241751724,0.0,0.5,0.0,1.0,0.0,-0.0288665364577208,0.341316838923196,0.0,0.6427584400467276,0.0,0.0,-0.1695975135107168,1.8662394014360388,0.0,0.3497241696946156,-0.1676400846617202,5
592958,-0.1246290416677025,-1.0378395182527564,-1.0,-1.0,-0.5,0.0,0.0,-0.6665386437303178,-0.658683161076804,-3.801784016923932,0.0269891667947226,5.8849491923617165,0.0,-1.945257774202184,0.0,3.10628371950539,0.0912173908229315,-5.846818380501243,3
593020,0.2102034873504153,-0.0347747680912913,0.0,0.5,0.5,0.0,1.3333333333333333,-0.4970162361072746,-0.0955123664504794,0.8454879529219202,-0.2042491549703521,1.3087681003312956,0.0,0.4641630654510255,0.0,0.0,-0.7916942338773723,0.0242901671427523,6
593047,-1.1422605445110343,-1.67308530127459,-1.5,-1.0,-1.0,0.0,0.0,-5.01837906474446,-0.658683161076804,-3.801784016923932,-1.7312471447788258,-5.8849491923617165,0.0,-1.945257774202184,0.0,0.0,,,1
593244,1.0913859461829396,0.9520966076976962,0.0,0.5,0.0,0.0,1.3333333333333333,-0.2067823711093864,0.341316838923196,0.0,0.1763733206847534,0.0,0.0,-0.1695975135107168,1.8662394014360388,0.0,-0.2031051237199449,0.0329644561978679,5
593350,0.476457553767181,0.5472599549180527,0.5,1.0,1.0,0.0,0.0,0.5894843554653652,0.1350614931535953,1.223901085741545,0.1763733206847534,1.8945304820059297,0.0,0.4641630654510255,0.0,0.0,0.7354433537570857,0.1708233173912627,6
593385,-0.5885158586668233,-0.2364889768829301,0.5,1.0,1.0,0.75,1.0,0.4570631061463565,0.69823228777992,1.223901085741545,0.4872619880436801,1.8945304820059297,0.0,0.4641630654510255,0.0,0.0,0.6555977308052074,1.0699735068114031,6
593386,-0.6729522473746467,-0.4373685033222146,0.0,0.0,0.5,0.0,0.0,-0.0198787349251427,-0.658683161076804,-1.0,0.9061073225814968,0.0,0.0,-0.1695975135107168,0.0,1.2892242269941023,0.4814570337753514,-0.0024192163518739,2
593398,-0.3863860394463917,-1.3967060397040991,-1.5,-1.0,-1.0,0.0,0.0,-5.01837906474446,-0.658683161076804,-3.801784016923932,-1.7312471447788258,-5.8849491923617165,0.0,-1.945257774202184,0.0,0.0,,,1
593401,0.467729884050267,-0.2173706571356206,-0.5,0.0,-0.5,0.0,2.0,-0.7908270795063252,0.1350614931535953,0.0,-0.3378778341536493,0.0,0.0,-0.5358369345489745,2.6303167041658844,0.0,-1.0527391460374853,-0.4968069372510984,0
593494,1.224238676273945,0.6004710149305419,0.0,0.5,0.5,0.0,0.0,-0.0021857299012968,-0.658683161076804,0.0,-0.4872619880436798,0.0,0.0,0.4641630654510255,0.0,0.0,-0.6539327234717891,0.0627943887212936,5
593536,-0.7662718088483416,-0.0701059560259865,1.0,1.0,1.0,0.0,0.0,0.4181070897731531,0.2614030824062447,-0.5778829311823854,0.3100019998680502,0.0,0.0,-0.311497195240441,1.18274896353532,0.8170594925112873,0.611187289157249,0.3074410348555861,5
593632,-0.2913270392019982,0.2446949798295298,0.5,1.0,0.0,0.75,1.0,-0.3727728001125515,0.4368292053736752,0.0,0.5412403216331251,0.0,0.0,-0.5358369345489745,2.6303167041658844,0.0,-0.1677622579432577,0.3075790649132101,5
593672,0.1816551333357534,-0.2948576299622514,0.0,-0.5,0.5,1.0,1.3333333333333333,0.6378754491833855,-0.0955123664504794,-1.0,0.60981374613042,1.3087681003312956,0.0,-0.9452577742021836,0.0,2.2892242269941026,0.7953181340662142,-0.061343012157085,2
593719,-0.387397185054917,-1.0656153830619794,-1.0,-0.5,-0.5,0.0,0.0,-1.6266241527337997,0.69823228777992,0.0,0.7367495369393785,0.0,0.0,0.4641630654510255,0.0,0.0,-0.986861692004618,-0.5351234682134821,0
593786,-0.9186875081701394,1.2553449461862392,0.0,1.0,1.0,2.25,1.0,0.3074902149632082,0.1350614931535953,0.0,0.1038793384945924,0.0,0.5108256237659907,1.0,0.0,0.0,0.1650249066350982,0.377420095081024,5
593804,-0.4915347004499772,-1.3967060397040991,-1.0,-0.5,-1.0,0.0,0.0,-5.01837906474446,0.69823228777992,0.0,-1.7312471447788258,-5.8849491923617165,0.0,-1.945257774202184,4.496556105601924,0.0,-5.009979129451652,-0.3867713411406182,4
593833,-0.2220464217247383,2.030199053421311,-1.0,0.0,0.0,1.5,4.0,-0.2980426846663403,-0.658683161076804,0.0,-1.7312471447788258,0.0,1.0986122886681096,1.8735839051042344,0.0,0.0,-5.009979129451652,-0.0761569780937519,0
593910,0.0226254934042333,-0.4164379946042029,-0.5,0.0,0.0,1.5,0.0,0.5829525521786225,1.1350614931535954,0.0,0.1763733206847534,0.0,0.0,0.4641630654510255,0.0,0.0,0.4594347466287483,-0.4424837560566731,0
594000,-0.0394700068536387,-0.8273801410529529,-1.0,-1.0,-0.5,0.0,0.0,-0.6860215557564271,-0.658683161076804,-3.801784016923932,0.7367495369393785,0.0,0.0,-1.945257774202184,0.0,3.10628371950539,-0.2058163204744874,-5.846818380501243,3
594027,-2.09338228146478,0.9067995908805876,0.0,0.5,1.0,1.5,1.0,0.4154448493136884,-0.2218539557031286,-0.7323949782604657,0.0269891667947226,1.0,0.5108256237659907,0.4641630654510255,0.0,1.2892242269941023,0.4612536398605956,0.6154970705323438,5
594042,-0.133958424712661,0.8133188749341947,1.5,2.0,2.0,0.0,0.6666666666666664,0.9940927471882154,-0.0955123664504794,0.0,-0.3378778341536493,0.0,0.0,0.4641630654510255,0.0,0.0,0.5086085680403546,0.4084390357274549,5
594103,-1.1336178159554942,-0.9039711300422292,0.0,0.0,0.5,0.0,0.0,0.485755387292567,-0.658683161076804,-1.0,0.3100019998680502,1.3087681003312956,0.0,-0.1695975135107168,0.0,1.2892242269941023,1.1759571330080123,-0.67631211078123,2
594123,0.4270208015353022,-0.1796235475848035,-0.5,-0.5,0.0,0.0,2.0,0.4060602036441355,0.1350614931535953,-1.577882931182386,0.3100019998680502,1.8945304820059297,0.0,-0.5358369345489745,0.0,1.8170594925112875,0.9030489815905705,-1.7927384827240584,2
594146,-0.1380554904589038,-0.658368006199544,-1.0,-1.0,-0.5,0.0,0.0,-0.7367958543838122,-0.658683161076804,-3.801784016923932,1.055491476471528,0.0,0.0,-1.945257774202184,0.0,3.10628371950539,-0.0485154412631136,-5.846818380501243,3
594188,-0.6751709574862931,-0.8273801410529529,-0.5,0.0,0.0,0.0,0.0,-0.9170023031282084,0.1350614931535953,2.2239010857415447,0.0269891667947226,3.4424745961808574,0.0,0.4641630654510255,0.0,0.0,-0.3427740605682978,0.5128866123848065,6
594238,0.9343819597503666,0.3354537328232688,-0.5,0.0,0.0,1.5,0.0,0.2146626509062495,0.1350614931535953,0.0,-0.5691161559187239,0.0,0.0,0.4641630654510255,0.0,0.0,-0.4032571363966665,-0.13247640701525,0
594240,-0.3082715296902974,-0.8024290039733696,-1.0,-0.5,-0.5,3.0,4.0,-1.208327224409779,-0.658683161076804,0.0,-1.7312471447788258,0.0,0.0,0.4641630654510255,0.0,0.0,-5.009979129451652,-2.890543375369078,0
594406,-0.1607598662869653,-0.0173189290703666,0.5,1.0,1.0,0.0,1.0,0.8869228886390162,-0.2218539557031286,0.0,-0.5691161559187239,0.0,0.0,0.4641630654510255,0.0,0.0,0.2047557462103365,-0.0814463096256505,5
594410,-0.2646986961331083,-0.2752294817283874,0.0,-0.5,0.0,1.0,1.3333333333333333,-0.2918470802486814,-0.0955123664504794,-1.0,0.4308838440812761,0.0,0.0,-1.945257774202184,1.8662394014360388,2.2892242269941026,-0.3153561667395952,0.4926206152799864,2
594446,-0.0057016973956241,-0.4584993070321419,0.0,0.0,0.0,1.0,0.0,0.1103276084696746,0.341316838923196,0.0,0.9829974942813668,0.0,0.0,-0.9452577742021836,1.8662394014360388,1.2892242269941023,0.3597098511799656,0.6660308015333701,5
594449,1.9930122325370776,1.4335940776519958,-1.0,-0.5,-0.5,0.0,0.0,-0.2180171829458386,0.69823228777992,0.0,-1.7312471447788258,0.0,0.0,0.4641630654510255,0.0,0.0,-5.009979129451652,-1.0880780470666898,0
594503,0.3963201768067612,-0.1796235475848035,-0.5,-0.5,0.0,0.0,0.0,-0.0873225926996591,0.1350614931535953,-1.577882931182386,0.5412403216331251,0.0,0.0,-0.5358369345489745,0.0,1.8170594925112875,-0.3321000310432452,-0.8715186669941425,2
594516,0.2164857276011325,-0.4373685033222146,-1.5,-1.0,-1.0,0.0,0.0,-5.01837906474446,-0.658683161076804,-3.801784016923932,-1.7312471447788258,-5.8849491923617165,0.0,-1.945257774202184,0.0,0.0,,,1
594601,1.45825496195826,0.8133188749341947,-1.0,-0.5,-0.5,0.0,0.0,-0.3362046060884055,-0.658683161076804,0.0,-1.7312471447788258,0.0,0.0,0.4641630654510255,0.0,0.0,-5.009979129451652,-0.2306352347767085,0
594644,0.7739619800233143,0.7031942868616717,0.0,0.5,0.5,0.0,1.3333333333333333,0.2197233171965426,0.9999999999999998,0.0,-0.0833673107571263,0.0,0.0,0.4641630654510255,0.0,0.0,0.1636710222479694,-0.3013805323334114,5
594695,-0.8715739442530256,-0.1796235475848035,0.5,0.5,0.5,0.75,0.0,0.1550778625404477,0.4368292053736752,-0.7323949782604657,1.230707468388949,0.0,0.0,-0.5358369345489745,1.4475677406305645,1.0,1.012498451028151,0.2271666696479984,5
594737,-1.3634051540010357,-0.3346452313910828,0.0,0.0,0.5,1.0,1.3333333333333333,0.0446373380179204,-0.0955123664504794,-1.0,-0.3378778341536493,0.0,0.0,-0.1695975135107168,0.0,1.2892242269941023,-0.3780789543283572,0.1565275254266392,2
594824,0.3841343505238492,1.7906572897855868,-0.5,0.5,0.5,2.0,1.3333333333333333,0.2510871136656692,0.341316838923196,0.0,-1.0833673107571262,0.0,0.6931471805599453,1.2398233261424922,0.0,0.0,-1.5310590705809537,0.0786613905035615,5
594875,0.0226254934042333,-0.1796235475848035,-1.0,-1.0,-0.5,0.0,0.0,-0.4623047574617973,-0.658683161076804,-3.801784016923932,0.5412403216331251,0.0,0.0,-1.945257774202184,0.0,3.10628371950539,-0.1472403352682224,-5.846818380501243,3
594892,0.3187498917258005,-0.0173189290703666,-0.5,0.0,0.0,0.0,2.0,0.3660275254511002,-0.658683161076804,0.0,-0.5691161559187239,0.0,0.0,0.4641630654510255,0.0,0.0,-0.2698011244596248,0.0086430360441384,0
594914,0.3389328045232249,-0.0173189290703666,0.0,0.5,0.5,1.0,1.3333333333333333,-0.2409464455532194,-0.0955123664504794,0.0,0.5412403216331251,0.0,0.0,0.4641630654510255,0.0,0.0,0.0698281534859532,0.3790716867997802,5
594948,-0.8050854921242805,-1.462625924074788,-1.0,-0.5,-0.5,0.0,0.0,-0.97745360289212,0.69823228777992,0.0,0.3100019998680502,0.0,0.0,0.4641630654510255,0.0,0.0,-0.7277088105345179,-0.8609370607448907,0
594985,-1.057669451982427,-0.4584993070321419,0.0,0.5,0.5,1.0,0.0,0.4893413605103618,-0.0955123664504794,0.0,0.1285072852083251,0.0,0.0,0.4641630654510255,0.0,0.0,-0.0772495603538779,-0.674584161945715,0
595026,0.9289917364525344,0.2135937313624968,0.0,-0.5,0.5,0.0,0.0,0.3869713975206568,-0.0955123664504794,-2.223901085741545,0.3918561677430946,1.3087681003312956,0.0,-0.9452577742021836,0.0,2.2892242269941026,0.864392058699498,-0.6764512934158944,2
595087,-2.3025740472193954,-0.3957040193861091,1.0,1.0,1.5,1.2000000000000002,0.0,0.7798871201494759,0.2614030824062447,-0.5778829311823854,0.3597456069733999,0.0,0.0,0.0979236444127681,0.0,0.8170594925112873,0.7399719003363737,0.5812135470573528,5
595122,-0.3840289359638635,-0.3346452313910828,-0.5,0.0,0.0,1.5,0.0,-0.5291191057528215,0.1350614931535953,1.223901085741545,1.1240649009688228,0.0,0.0,0.4641630654510255,0.0,0.0,0.1497408005226425,0.6214536176277463,0
595123,-0.3444295085470803,0.8252226888668068,-0.5,0.5,0.0,2.0,1.3333333333333333,-0.8134485295510019,-0.658683161076804,0.0,0.3100019998680502,0.0,0.6931471805599453,0.4641630654510255,2.6303167041658844,0.0,-0.5919819310444878,0.4336635907664258,0
595126,0.2171255248751271,-0.2557742709686207,-0.5,-0.5,0.0,3.0,0.0,0.0,0.1350614931535953,0.0,1.055491476471528,0.0,0.0,-0.5358369345489745,0.0,1.8170594925112875,0.4746180860834721,0.3540803830678743,2
595171,-0.5364277497740233,0.1175719885109969,-0.5,0.0,0.0,0.0,0.0,0.0279102695096463,-0.658683161076804,0.0,0.0269891667947226,0.0,0.0,0.4641630654510255,0.0,0.0,0.0204686652634908,-0.2716097456414209,0
595183,-0.6399999623800571,2.1376075639802554,-0.5,-0.5,0.5,1.0,1.3333333333333333,0.2462118923246622,-0.658683161076804,-3.801784016923932,0.9061073225814968,1.3087681003312956,0.6931471805599453,-0.5358369345489745,0.0,3.10628371950539,0.9333878544006912,-5.846818380501243,3
595184,0.1174693961272293,0.9964830697690392,1.0,1.0,1.0,0.0,1.6,0.2163529190848271,0.2614030824062447,-0.5778829311823854,-0.702744835102021,0.0,0.0,-0.311497195240441,1.18274896353532,0.8170594925112873,-0.6395033260516158,0.0752743096730847,5
595257,0.875097884023946,0.6524299330683321,0.5,1.0,1.0,0.0,0.0,0.2734724485513264,0.1350614931535953,0.0,0.2449467451820483,0.0,0.0,0.4641630654510255,0.0,0.0,0.2302795220350667,0.6593407931472499,5
595283,0.740263075522199,0.1820481643393343,-1.0,-0.5,-1.0,3.0,4.0,-5.01837906474446,0.69823228777992,0.0,-1.7312471447788258,-5.8849491923617165,0.0,-1.945257774202184,4.496556105601924,0.0,-5.009979129451652,-1.0644072174074748,4
595284,-2.4171994439984967,0.2135937313624968,0.5,1.0,1.0,0.75,1.0,0.4506942292293857,-0.2218539557031286,0.6460181545591593,0.3718825359910068,1.0,0.0,0.4641630654510255,0.0,0.0,0.7829022783892012,0.2967196649768177,5
595386,0.1734134609439123,0.963277148732632,1.5,2.0,1.5,1.5,0.6666666666666664,0.5483738409827771,0.341316838923196,0.0,0.0269891667947226,0.0,0.0,0.1617063421381263,1.0,0.0,0.3546895959641481,0.5738670035646849,5
595414,-1.242504670703856,0.5337543951599557,0.5,1.0,1.0,0.0,0.0,0.2010170343893152,0.4368292053736752,0.0,0.2449467451820483,0.0,0.0,0.4641630654510255,0.0,0.0,0.3076306537328672,0.1974031237289652,5
595431,0.3613677623682557,0.4368293378606515,0.0,0.5,0.5,0.0,0.0,0.3631952592399601,-0.0955123664504794,0.0,0.3918561677430946,0.0,0.0,0.4641630654510255,0.0,0.0,0.3506379247399561,0.0114529105516647,5
595442,0.2392954900529358,0.1500453992945883,0.5,1.0,0.0,0.0,1.0,-0.1739497081948526,0.1350614931535953,0.0,-0.5691161559187239,0.0,0.0,-0.5358369345489745,2.6303167041658844,0.0,-0.6656964159530562,0.177031041685919,0
595506,0.067029736556652,-0.8781444948462946,-1.5,-1.0,-1.0,0.0,0.0,-5.01837906474446,-0.658683161076804,-3.801784016923932,-1.7312471447788258,-5.8849491923617165,0.0,-1.945257774202184,0.0,0.0,,,1
595527,-1.0494277795905869,-0.8526164401574539,0.0,0.0,0.5,1.0,1.3333333333333333,0.0086866584255623,-0.0955123664504794,0.0,0.6748690008164222,1.3087681003312956,0.0,-0.1695975135107168,0.0,1.2892242269941023,0.6006769056429442,0.5818232915509394,5
595587,0.5211627285889953,0.0,0.5,1.0,0.5,0.0,0.0,0.3814370695491674,-0.658683161076804,0.6460181545591593,-0.4872619880436798,1.3087681003312956,0.0,0.0,1.4475677406305645,0.0,-0.1391739893330094,0.2377856407738431,5
595624,0.0642867596200902,0.0511563914573724,-1.0,-0.5,-0.5,0.0,0.0,-0.0471349681280216,-0.658683161076804,0.0,0.0269891667947226,0.0,0.0,0.4641630654510255,0.0,0.0,-0.1585663387712808,-0.0020944527322378,0
595626,1.330702136557128,0.9067995908805876,0.5,1.0,0.5,1.5,0.0,-0.3232909678166239,0.1350614931535953,1.223901085741545,-0.0833673107571263,2.4424745961808583,0.0,0.0,1.4475677406305645,0.0,-0.1173140732509848,0.6577443318595643,6
595690,0.3555192765124995,-0.0701059560259865,-1.5,-1.0,-1.0,0.0,0.0,-5.01837906474446,-0.658683161076804,-3.801784016923932,-1.7312471447788258,-5.8849491923617165,0.0,-1.945257774202184,0.0,0.0,,,1
595740,0.0597056964318799,-0.4584993070321419,-0.5,0.0,0.0,0.0,2.0,-0.2826382628560088,-0.658683161076804,1.223901085741545,-0.5691161559187239,1.8945304820059297,0.0,0.4641630654510255,0.0,0.0,-0.6942216236991642,0.4910080941853331,6
595852,0.5158182164593993,0.5472599549180527,0.0,0.5,0.5,0.0,0.0,0.2494651720590502,0.69823228777992,0.0,-0.6566197736857983,0.0,0.0,0.4641630654510255,0.0,0.0,-0.6124302310451738,-0.3370898309860275,0
595861,0.0638945597259486,-0.658368006199544,-1.0,-0.5,-0.5,0.0,0.0,-0.0043771444121186,-0.658683161076804,0.0,-0.8521289889920516,0.0,0.0,0.4641630654510255,0.0,0.0,-0.8838768563703632,-0.1086007774673193,0
595897,-0.4787109825491547,-1.4963388252848984,-1.0,-1.0,-0.5,0.0,4.0,-0.6665386437303178,-0.658683161076804,-3.801784016923932,1.521876595833502,3.4424745961808574,0.0,-1.945257774202184,0.0,3.10628371950539,0.6979984638688671,-5.846818380501243,3
595958,0.1103508406522334,1.235716797952375,0.5,1.0,1.5,1.2000000000000002,0.8,0.2559342894747026,0.69823228777992,0.5227586988632229,0.6230944895081695,0.0,0.4054651081081644,0.4641630654510255,0.0,1.0,0.5595604911303957,1.2747543791806888,5
596103,-0.7662718088483416,-1.151102915861414,-0.5,-0.5,0.0,0.0,0.0,0.3044538210306228,0.1350614931535953,-1.577882931182386,0.0269891667947226,0.0,0.0,-0.5358369345489745,0.0,1.8170594925112875,0.2074589716176262,-0.6632901519564782,2
596153,-0.9123330212005406,0.7650513326678573,1.0,1.5,1.0,0.6000000000000001,0.8,-0.0494466250085745,0.0,0.0,-0.1423686188473956,0.0,0.0,0.0979236444127681,1.18274896353532,0.0,-0.2834903161126156,0.3583884015356695,5
596186,-0.1176640240616086,-0.7292238865448002,-0.5,-0.5,0.0,3.0,0.0,0.3415423784521708,0.1350614931535953,-1.577882931182386,0.1763733206847534,0.0,0.0,-0.5358369345489745,0.0,1.8170594925112875,-0.0688769788875108,-1.9361863394363013,2
596220,-0.470919604412088,-0.6817349135302966,-0.5,-0.5,0.0,1.5,0.0,0.1694816048141706,0.1350614931535953,-1.577882931182386,1.189120155654825,0.0,0.0,-0.5358369345489745,0.0,1.8170594925112875,1.0472379381259094,-0.60822528954687,2
596222,0.2883615168597734,0.5872879779418604,0.0,0.0,0.5,1.0,0.0,0.4059658273376647,0.341316838923196,-1.0,-0.2042491549703521,0.0,0.0,-0.1695975135107168,0.0,1.2892242269941023,0.3881547040750222,-1.5166261922727398,2
596320,0.7798430357723576,0.963277148732632,-0.5,0.0,-0.5,0.0,2.0,-0.7420457056626178,0.69823228777992,2.2239010857415447,-0.8521289889920516,5.8849491923617165,0.0,-0.5358369345489745,2.6303167041658844,0.0,-0.7675368121450551,0.129982244340563,6
596329,-0.6825867395059377,-1.565349196005918,-1.5,-1.0,-1.0,0.0,0.0,-5.01837906474446,-0.658683161076804,-3.801784016923932,-1.7312471447788258,-5.8849491923617165,0.0,-1.945257774202184,0.0,0.0,,,1
596335,-0.0383616903038499,-0.3346452313910828,-0.5,0.0,0.0,0.0,0.0,-0.1874748525959896,0.1350614931535953,1.223901085741545,0.5412403216331251,1.8945304820059297,0.0,0.4641630654510255,0.0,0.0,0.2467384132567396,-0.0814364108684146,6
596349,-0.1003700489277034,-1.0378395182527564,-1.0,-1.0,-0.5,0.0,0.0,-0.2556007002130486,-0.658683161076804,-3.801784016923932,1.7852254783682713,0.0,0.0,-1.945257774202184,0.0,3.10628371950539,0.7848414609718112,-5.846818380501243,3
596361,0.7382607334686243,-0.2557742709686207,-0.5,-0.5,0.0,1.5,0.0,-0.3329575947312695,0.1350614931535953,-1.577882931182386,1.472132988728153,1.8945304820059297,0.0,-0.5358369345489745,0.0,1.8170594925112875,0.7216775059714505,-0.7497235328628331,2
596409,0.4799366483437237,0.1661047583479931,-0.5,0.0,0.0,1.5,2.0,-0.48141211600645,0.1350614931535953,0.0,-0.5691161559187239,0.0,0.0,0.4641630654510255,0.0,0.0,-1.057825707395721,-0.1793948462351938,0
596442,1.683750567790986,1.1245277566605365,-1.0,-1.0,-0.5,0.0,4.0,-0.6617375002305357,-0.658683161076804,-3.801784016923932,0.7367495369393785,0.0,0.0,-1.945257774202184,0.0,3.10628371950539,-0.2212675396110191,-5.846818380501243,3
596505,1.3837233041598065,1.0614334032407846,1.5,1.5,1.5,1.5,0.6666666666666664,0.8252956300874638,0.341316838923196,0.0,0.8739967618118026,0.8092012510390698,0.0,-0.1695975135107168,1.0,0.690813957738791,1.0193155049706577,0.7579293953589197,5
596559,0.0779594769776433,-0.160989241751724,-1.0,0.0,-0.5,1.5,2.0,-5.01837906474446,0.69823228777992,2.2239010857415447,-1.7312471447788258,-5.8849491923617165,1.0986122886681096,0.4641630654510255,4.496556105601924,0.0,-5.009979129451652,-0.2608166374617169,4
596611,-0.0200365388391196,-0.983314472996574,-1.5,-1.0,-1.0,0.0,0.0,-5.01837906474446,-0.658683161076804,-3.801784016923932,-1.7312471447788258,-5.8849491923617165,0.0,-1.945257774202184,0.0,0.0,,,1
596732,0.1734134609439123,-0.1241858541912811,0.0,0.5,0.5,0.0,0.0,0.195842411752537,-0.658683161076804,0.8454879529219202,-0.4872619880436798,1.3087681003312956,0.0,0.4641630654510255,0.0,0.0,-0.5178603162872742,0.4019092889665614,6
596820,0.2371620637142467,0.1338683882105274,-1.0,-0.5,-0.5,0.0,0.0,-0.7473284715844654,0.69823228777992,0.0,-0.3378778341536493,0.0,0.0,0.4641630654510255,0.0,0.0,-1.0168275513395155,-1.4040093540718808,0
596856,-0.3347806369353436,0.0,0.0,-0.5,0.5,1.0,0.0,0.0771270845060327,-0.0955123664504794,-2.223901085741545,0.852128988992052,0.0,0.0,-0.9452577742021836,0.0,2.2892242269941026,0.5931872087826505,-1.0897550243255325,2
596863,-0.1985501688296633,1.2650939780789934,0.0,0.5,1.0,0.75,1.0,0.6161679787059933,0.69823228777992,2.2239010857415447,1.8242531547064529,2.703731733044999,0.5108256237659907,0.4641630654510255,0.0,1.2892242269941023,1.9714489964533997,0.4090018205447027,6
597003,-0.093499335471865,-0.4584993070321419,-0.5,0.0,0.0,0.0,0.0,0.2765123047745565,-0.658683161076804,0.0,-0.8521289889920516,0.0,0.0,0.4641630654510255,0.0,0.0,-1.405405299355841,0.0406854535581473,0
597010,-1.1861165310721564,-0.1984164451611818,0.5,1.0,0.5,0.75,0.0,-0.4253427611106056,-0.2218539557031286,1.7466597846047676,0.1285072852083251,3.4424745961808574,0.0,0.0,1.4475677406305645,0.0,-0.0528593094185511,0.7294180197882802,6
597029,0.4995238158083468,0.0,1.0,1.0,1.0,0.0,0.0,0.2478401023085333,0.4919769420103195,0.0,0.4872619880436801,2.703731733044999,0.0,-0.311497195240441,1.18274896353532,0.8170594925112873,1.0507954905779993,0.3521831798366704,5
597300,-0.4414811865953235,-0.7292238865448002,-0.5,0.0,0.0,1.5,0.0,0.116053100971645,-0.658683161076804,1.223901085741545,0.9061073225814968,1.8945304820059297,0.0,0.4641630654510255,0.0,0.0,0.7677077026805038,-0.5190009253397982,6
597410,0.0045482155800229,-0.2173706571356206,0.0,0.0,0.5,0.0,0.0,0.400650243457655,-0.658683161076804,-1.0,1.230707468388949,0.0,0.0,-0.1695975135107168,0.0,1.2892242269941023,0.9508969372779088,-0.1087234143243895,2
597434,-0.2436797855732951,1.1245277566605365,0.5,1.5,0.5,0.6000000000000001,0.8,-0.0729188504259362,0.0,0.0,-0.3378778341536493,0.0,0.4054651081081644,0.0,2.6303167041658844,0.0,-0.3714933681855635,1.1178346112743889,5
597498,0.4589591145550679,-0.0523696989290143,1.0,1.5,1.0,0.0,0.0,0.1217399509351415,-0.658683161076804,0.5227586988632229,0.0269891667947226,1.0,0.0,0.0979236444127681,1.18274896353532,0.0,-0.111362211070791,0.5614959128477516,5
597510,0.544776638629751,0.1820481643393343,0.0,0.5,0.5,0.0,1.3333333333333333,0.770316978603328,0.341316838923196,0.0,-0.0833673107571263,0.0,0.0,0.4641630654510255,0.0,0.0,0.3926241552944334,-0.0063713779567748,5
597662,0.5342734902594459,-0.2948576299622514,-1.5,-1.0,-1.0,0.0,0.0,-5.01837906474446,-0.658683161076804,-3.801784016923932,-1.7312471447788258,-5.8849491923617165,0.0,-1.945257774202184,0.0,0.0,,,1
597734,-0.5727284017079248,-0.9039711300422292,0.0,0.5,-0.5,0.0,0.0,-0.7367958543838122,-0.0955123664504794,0.0,-0.3378778341536493,0.0,0.0,-0.9452577742021836,3.313807142066604,0.0,-1.0081329209702,0.3107601077509402,0
597836,0.4054049905452702,0.1820481643393343,0.0,0.5,0.5,0.0,0.0,0.0321232703090544,0.69823228777992,0.0,-0.3378778341536493,0.0,0.0,0.4641630654510255,0.0,0.0,-0.5483438047301712,-0.7101364874493266,0
597878,0.6051745739188196,0.2905406156119291,-0.5,0.0,0.0,0.0,0.0,-0.2735290021958272,0.69823228777992,1.223901085741545,-0.3378778341536493,1.8945304820059297,0.0,0.4641630654510255,0.0,0.0,-0.5351150215469285,-0.184607087389519,6
597946,0.0779594769776433,-0.658368006199544,-0.5,0.0,-0.5,0.0,0.0,-1.305284458088918,0.69823228777992,0.0,-0.3378778341536493,0.0,0.0,-0.5358369345489745,2.6303167041658844,0.0,-1.4780354618022906,-0.9559708962916044,0
597948,-0.2436797855732951,-1.2400338123026975,-1.5,-1.0,-1.0,0.0,0.0,-5.01837906474446,-0.658683161076804,-3.801784016923932,-1.7312471447788258,-5.8849491923617165,0.0,-1.945257774202184,0.0,0.0,,,1
597954,0.9154441710451668,0.3056133849682904,0.5,1.0,1.0,1.5,1.0,0.4746440385249632,0.1350614931535953,0.6460181545591593,-0.1423686188473956,1.0,0.0,0.4641630654510255,0.0,0.0,0.3506531437934476,-0.0344958388877441,5
597955,0.2904343557024124,-0.5672972791819948,-1.5,-1.0,-1.0,0.0,0.0,-5.01837906474446,-0.658683161076804,-3.801784016923932,-1.7312471447788258,-5.8849491923617165,0.0,-1.945257774202184,0.0,0.0,,,1
598069,-0.2913270392019982,-0.6817349135302966,0.0,0.0,0.0,1.0,0.0,-0.1553719829504427,-0.0955123664504794,-1.0,0.8242531547064528,0.0,0.0,-0.9452577742021836,1.8662394014360388,1.2892242269941023,0.3211011434424665,-0.6290550106929786,2
598075,0.8601962573236013,0.5064929114075749,0.0,0.0,0.5,1.0,0.0,-0.4775558236714001,0.341316838923196,-1.0,-0.4872619880436798,0.0,0.0,-0.1695975135107168,0.0,1.2892242269941023,-0.7571564496696751,0.0956955704677697,0
598185,-0.4029739392015439,-0.9039711300422292,-0.5,-0.5,0.0,0.0,0.0,-0.2645171686507984,0.69823228777992,1.223901085741545,0.7367495369393785,3.4424745961808574,0.0,-0.5358369345489745,0.0,1.8170594925112875,1.0501298383477795,-0.2650291158943993,6
598233,-0.5338630168902189,-0.0523696989290143,0.5,1.0,1.0,0.75,0.0,0.1923749237130809,0.1350614931535953,0.6460181545591593,-0.2363597157400465,1.0,0.0,0.4641630654510255,0.0,0.0,0.206710172747274,0.6817675196248202,5
598265,-0.6367381116681852,0.2291991117677428,0.5,0.0,1.0,0.0,0.0,0.6460270941963029,-0.2218539557031286,-1.577882931182386,-0.0548650010803214,0.0,0.0,-0.5358369345489745,0.0,1.8170594925112875,0.3286386927586697,-1.7226861757776764,2
598276,-0.3283770551883735,-0.3146618177495106,-0.5,0.0,0.0,0.0,0.0,-0.18475239980928,-0.658683161076804,0.0,0.3100019998680502,0.0,0.0,0.4641630654510255,0.0,0.0,-0.5296766588719524,-0.7501570122185801,0
598306,2.0529909930757944,1.1245277566605365,-0.5,0.0,0.0,0.0,0.0,-0.0776927918335968,1.1350614931535954,1.223901085741545,0.3100019998680502,1.8945304820059297,0.0,0.4641630654510255,0.0,0.0,0.4894760627873573,0.4123763024972633,6
598526,0.0919138874089315,-0.658368006199544,-1.0,-1.0,-0.5,0.0,0.0,-1.1812896617668194,-0.658683161076804,-3.801784016923932,0.0269891667947226,0.0,0.0,-1.945257774202184,0.0,3.10628371950539,-1.0954957655003323,-5.846818380501243,3
598533,0.8685938011634675,1.195929196523542,-0.5,0.5,0.5,2.0,1.3333333333333333,0.0279102695096463,0.341316838923196,1.577882931182386,1.146122837879747,0.0,0.6931471805599453,1.2398233261424922,0.0,0.0,0.5591099468087878,1.2221890561932494,5
598590,0.234313503017977,0.2600828618709601,1.0,1.5,1.5,0.6000000000000001,0.0,0.6098405516917155,-0.30176771222008,0.5227586988632229,-0.4253814519207233,0.8092012510390698,0.0,0.4641630654510255,0.0,0.0,-0.0693955705475571,0.0022867703000055,5
598687,0.4589591145550679,0.1978772796996186,0.0,0.5,0.5,0.0,0.0,0.2297543690536391,0.69823228777992,0.0,0.1285072852083251,0.0,0.0,0.4641630654510255,0.0,0.0,0.0995742100515829,-0.0638507715091351,5
598691,0.1491544682039148,-0.0879858281037825,-0.5,0.0,0.0,1.5,0.0,-0.5540253053593464,0.1350614931535953,0.0,0.7367495369393785,0.0,0.0,0.4641630654510255,0.0,0.0,-0.0271951548562296,-1.4126855221011845,0
598692,-0.3147323487952075,-0.5451046085908845,-0.5,-0.5,0.0,0.0,2.0,-0.1423485644212579,-0.658683161076804,-1.577882931182386,1.251000691777781,0.0,0.0,-0.5358369345489745,0.0,1.8170594925112875,0.6089259672427255,-0.4366843384890994,2
598715,-0.1055405830405939,-0.7533569369943934,-0.5,0.0,-0.5,0.0,2.0,-1.7923719328067176,0.1350614931535953,0.0,-0.3378778341536493,0.0,0.0,-0.5358369345489745,2.6303167041658844,0.0,-1.8822046918330304,-0.0862408866672704,0
598832,0.225740305936731,-0.4798342762580817,-1.0,-1.0,-0.5,0.0,0.0,-0.6909634960489951,-0.658683161076804,-3.801784016923932,0.0269891667947226,3.4424745961808574,0.0,-1.945257774202184,0.0,3.10628371950539,-0.2099030966659702,-5.846818380501243,3
598881,-0.7897963542653952,0.5472599549180527,1.5,1.5,2.0,0.4999999999999998,0.6666666666666664,0.6307497735984421,-0.0955123664504794,0.8454879529219202,0.1763733206847534,1.8945304820059297,0.0,0.1617063421381263,0.0,0.690813957738791,0.6379944090343734,0.7229429153787598,5
598911,0.8797291179737622,0.4788906502885904,1.5,2.0,1.5,0.4999999999999998,1.3333333333333333,1.0740819116777982,0.5278974945717202,0.0,0.0269891667947226,0.0,0.0,0.1617063421381263,1.0,0.0,0.7088686103698528,0.3204984230381105,5
598945,0.044966381854183,-0.658368006199544,-1.0,-0.5,-0.5,0.0,0.0,-0.0800899439609849,0.69823228777992,0.0,0.0269891667947226,0.0,0.0,0.4641630654510255,0.0,0.0,-0.1857361232155176,-0.4992105073621868,0
599065,-0.8076465267618362,1.767535066607876,0.0,1.0,1.0,0.75,1.0,0.2968146172588332,0.4368292053736752,0.6460181545591593,-0.4482343117054982,1.0,0.5108256237659907,1.0,0.0,0.0,-0.1348691295579688,0.8111523247496358,5
599239,0.0826231397362361,-0.3957040193861091,-0.5,-0.5,0.0,0.0,0.0,-0.3011576545890609,-0.658683161076804,-1.577882931182386,0.3100019998680502,0.0,0.0,-0.5358369345489745,0.0,1.8170594925112875,-0.014710718217632,-0.6060070594397442,2
599244,-0.7430547826448339,-1.7863486988832475,-1.0,-0.5,-1.0,0.0,0.0,-5.01837906474446,-0.658683161076804,0.0,-1.7312471447788258,-5.8849491923617165,0.0,-1.945257774202184,4.496556105601924,0.0,-5.009979129451652,-1.3158696285250548,4
599311,-1.4334567155544502,-0.9039711300422292,0.0,0.0,0.0,1.0,1.3333333333333333,-0.2918470802486814,-0.0955123664504794,-1.0,-0.1423686188473956,3.4424745961808574,0.0,-0.9452577742021836,1.8662394014360388,1.2892242269941023,-0.1203092730987022,-0.9330195538698978,2
599335,0.2590848559368502,-0.1241858541912811,0.0,0.5,0.0,2.0,0.0,0.0929139332691932,0.341316838923196,0.0,0.7367495369393785,0.0,0.0,-0.1695975135107168,1.8662394014360388,0.0,0.6078345467576329,-0.3514768041051594,5
599348,1.0218911471717251,0.1338683882105274,1.0,1.5,0.5,0.0,0.0,-0.1044441943771978,0.0,0.0,0.1285072852083251,0.0,0.0,-0.311497195240441,2.18274896353532,0.0,-0.2370709311398438,0.556149979690437,5
599437,-0.5384822060047242,-0.3548111444861987,0.0,0.5,0.5,1.0,2.6666666666666665,0.0467050652015033,-0.658683161076804,0.8454879529219202,-0.0833673107571263,1.3087681003312956,0.0,0.4641630654510255,0.0,0.0,0.0616108772762949,0.2785716698344448,5
599454,-1.131463689295552,2.0025102625740003,0.0,1.0,1.0,1.5,1.0,0.4570631061463565,-0.658683161076804,0.6460181545591593,0.4308838440812761,1.0,0.5108256237659907,1.0,0.0,0.0,0.7516778294673748,0.1910188357904327,5
599649,-0.5779753101425147,1.938911084814049,0.5,1.5,1.5,1.2000000000000002,1.6,0.8195958460936642,0.2614030824062447,1.4390194395059634,0.3597456069733999,2.227521671566561,0.4054651081081644,0.8735839051042346,0.0,0.0,1.128002596895085,0.917216914250617,5
599651,-0.6604316429085978,-1.4963388252848984,-1.5,-1.0,-1.0,0.0,0.0,-5.01837906474446,-0.658683161076804,-3.801784016923932,-1.7312471447788258,-5.8849491923617165,0.0,-1.945257774202184,0.0,0.0,,,1
599657,0.66954596106117,-0.0173189290703666,-1.0,-0.5,-0.5,3.0,0.0,-0.8426070932214954,-0.658683161076804,0.0,-1.7312471447788258,0.0,0.0,0.4641630654510255,0.0,0.0,-5.009979129451652,-2.0305600570206432,0
599765,0.8294689104018076,0.3939512500814855,-1.0,-0.5,-0.5,3.0,0.0,-1.208327224409779,-0.658683161076804,0.0,1.055491476471528,0.0,0.0,0.4641630654510255,0.0,0.0,-0.4393937298591794,-0.5229615560235297,0
599790,-0.3712875307231419,-1.462625924074788,-1.5,-1.0,-1.0,0.0,0.0,-5.01837906474446,-0.658683161076804,-3.801784016923932,-1.7312471447788258,-5.8849491923617165,0.0,-1.945257774202184,0.0,0.0,,,1
599833,0.8328642033750345,0.8605538768015021,0.5,1.0,1.0,0.75,0.0,0.0549256026441173,-0.2218539557031286,0.0,0.4872619880436801,0.0,0.0,0.4641630654510255,0.0,0.0,0.3671801635417472,0.2499067196560313,5
599909,-0.3409774623419718,-1.3644696695666334,-1.5,-1.0,-1.0,0.0,0.0,-5.01837906474446,-0.658683161076804,-3.801784016923932,-1.7312471447788258,-5.8849491923617165,0.0,-1.945257774202184,0.0,0.0,,,1
599927,0.2541581476087982,0.4788906502885904,0.5,1.0,1.0,0.75,0.0,1.099284241971875,0.1350614931535953,0.0,-0.3378778341536493,0.0,0.0,0.4641630654510255,0.0,0.0,0.4028057414473763,0.54534704410568,5
599999,0.3555192765124995,-0.6123631726854253,-1.5,-1.0,-1.0,0.0,0.0,-5.01837906474446,-0.658683161076804,-3.801784016923932,-1.7312471447788258,-5.8849491923617165,0.0,-1.945257774202184,0.0,0.0,,,1
600011,-0.2699925218508799,0.1338683882105274,0.0,0.5,0.0,0.0,0.0,-0.2887662782627249,-0.658683161076804,0.8454879529219202,-0.3378778341536493,1.8945304820059297,0.0,-0.1695975135107168,1.8662394014360388,0.0,-0.2384932653545997,0.6940227425273283,6
600018,-1.1713772164944602,0.1338683882105274,1.0,1.5,1.0,0.0,0.8,0.1292632009543175,0.8848129434284441,0.5227586988632229,-0.4482343117054982,1.0,0.0,0.0979236444127681,1.18274896353532,0.0,-0.3159927402858523,0.7106963541926535,5
600057,0.7179674218886439,0.0,-1.0,-0.5,-0.5,0.0,4.0,-0.8977786920441243,-0.658683161076804,0.0,0.7367495369393785,0.0,0.0,0.4641630654510255,0.0,0.0,-0.4540040469921796,-1.131905874020574,0
600078,-0.9901298611913568,-1.2704915660436666,0.0,0.5,0.0,1.0,1.3333333333333333,-0.1902061302045683,0.69823228777992,0.0,0.0269891667947226,0.0,0.0,-0.1695975135107168,1.8662394014360388,0.0,-0.3579992541119324,-0.1433168015546921,0
600163,0.5920155193329507,-0.1241858541912811,-1.0,-1.0,-0.5,0.0,0.0,-1.4755117723937288,-0.658683161076804,-3.801784016923932,0.5412403216331251,3.4424745961808574,0.0,-1.945257774202184,0.0,3.10628371950539,-0.507290177350057,-5.846818380501243,3
600265,0.3564066496078519,-0.0173189290703666,-1.0,-0.5,-0.5,0.0,0.0,-1.2651531400029488,-0.658683161076804,0.0,1.9346096322583015,0.0,0.0,0.4641630654510255,0.0,0.0,0.0354954807491515,-0.6145078805436088,0
600287,-0.6044449090577276,-0.6352457830218333,-0.5,0.0,0.0,1.5,0.0,-0.1194019552965795,0.1350614931535953,0.0,-1.7312471447788258,0.0,0.0,0.4641630654510255,0.0,0.0,-5.009979129451652,-0.8983810521411161,0
600304,-0.133958424712661,-0.3346452313910828,-0.5,0.0,0.0,0.0,0.0,-0.1118898841031928,0.69823228777992,0.0,-0.8521289889920516,0.0,0.0,0.4641630654510255,0.0,0.0,-0.9723508072529218,-0.6238978530174334,0
600351,0.1067808350011911,-0.1241858541912811,-0.5,0.0,-0.5,0.0,2.0,-0.329723047939766,0.1350614931535953,0.0,0.3100019998680502,0.0,0.0,-0.5358369345489745,2.6303167041658844,0.0,-0.1923651190837629,0.085232648582562,0
600395,-0.6696293704214786,0.1820481643393343,0.5,0.5,1.0,0.0,1.0,0.2347254655047748,0.1350614931535953,0.0,-0.3378778341536493,1.0,0.0,0.0,0.0,1.0,-0.2263554954070638,0.1405241990196304,5
600444,-1.6580258692593153,0.2753642525262495,1.0,1.5,1.5,0.6000000000000001,0.8,0.3503309115823942,0.0,0.0,-0.6208906672269769,0.0,0.0,0.4641630654510255,0.0,0.0,-0.4882523753429534,0.5422937308048031,5
600515,0.1595917786332844,2.195805278785254,0.5,1.5,1.5,1.2000000000000002,1.6,0.6720569500972019,0.69823228777992,0.0,-0.2560236662786049,0.0,0.4054651081081644,0.8735839051042346,0.0,0.0,0.1209691891813811,0.72554116443957,5
600561,0.0375505998345391,-0.4584993070321419,-0.5,0.0,0.0,0.0,0.0,0.3868748586217402,0.1350614931535953,0.0,-0.8521289889920516,0.0,0.0,0.4641630654510255,0.0,0.0,-0.5619093332788271,-0.3473163128452894,0
600605,-0.7407496853538414,-0.0347747680912913,0.0,0.0,0.5,1.0,0.0,0.050825359008231,-0.658683161076804,-1.0,0.6748690008164222,0.0,0.0,-0.1695975135107168,0.0,1.2892242269941023,0.2288296779384864,0.0343915515795934,2
600648,0.0151156419895084,0.1500453992945883,1.0,1.0,1.0,0.0,0.8,0.8253530074187294,0.2614030824062447,0.5227586988632229,-0.1423686188473956,1.8945304820059297,0.0,-0.311497195240441,1.18274896353532,0.8170594925112873,0.5017496058194477,0.8578588241025016,5
600690,-0.7372976391487329,0.1661047583479931,1.0,0.5,1.5,0.6000000000000001,0.0,0.3938385781923697,0.0,0.0,0.7724786433981999,2.856712214506226,0.0,-0.311497195240441,0.0,1.5078734502500786,0.9703448891716944,0.2955624588619619,5
600750,-0.8846402569883903,-0.2752294817283874,-0.5,0.0,0.0,0.0,0.0,-0.1712705377199262,-0.658683161076804,0.0,-0.5691161559187239,0.0,0.0,0.4641630654510255,0.0,0.0,-0.7106224177712694,0.3194596711844057,0
600796,-0.8622993685384407,-1.825432057876876,-1.0,-1.0,-0.5,3.0,0.0,-0.0776927918335968,-0.658683161076804,-3.801784016923932,0.7367495369393785,0.0,0.0,-1.945257774202184,0.0,3.10628371950539,0.2965309904686194,-5.846818380501243,3
600833,0.0037909880207375,-1.0656153830619794,-1.0,-1.0,-0.5,0.0,0.0,-0.8605992018306694,-0.658683161076804,-3.801784016923932,1.189120155654825,3.4424745961808574,0.0,-1.945257774202184,0.0,3.10628371950539,0.410945176303664,-5.846818380501243,3
600842,1.2282343522300705,1.2059435090930102,0.0,0.0,0.5,0.75,1.0,-0.6061614218076303,-0.658683161076804,-1.577882931182386,0.0269891667947226,1.8945304820059297,0.5108256237659907,-0.9452577742021836,1.8662394014360388,2.2892242269941026,-0.2078566976796786,0.943194033387532,2
600886,-0.093499335471865,0.1338683882105274,0.5,1.0,1.0,0.75,1.0,0.6338418813050893,0.1350614931535953,0.0,0.2449467451820483,0.0,0.0,0.4641630654510255,0.0,0.0,0.4658316679619186,-0.0114081358679443,5
600926,0.0996192236307875,0.8013505413698264,-0.5,0.0,0.0,0.0,2.0,-0.101976847359489,-0.658683161076804,0.0,-0.3378778341536493,0.0,0.0,0.4641630654510255,0.0,0.0,-0.5140364774425574,-0.5788527394747778,0
600930,0.4995238158083468,-0.1796235475848035,-0.5,0.0,-0.5,0.0,2.0,-1.315623218529378,0.1350614931535953,1.223901085741545,-0.8521289889920516,0.0,0.0,-0.5358369345489745,2.6303167041658844,0.0,-1.9629221963900036,0.2572586058573677,0
601094,-0.1492239757321465,-0.2948576299622514,-1.5,-1.0,-1.0,0.0,0.0,-5.01837906474446,-0.658683161076804,-3.801784016923932,-1.7312471447788258,-5.8849491923617165,0.0,-1.945257774202184,0.0,0.0,,,1
601104,0.4501448174895978,0.0171841500464987,-0.5,-0.5,0.0,0.0,2.0,0.3386264569898068,0.1350614931535953,-1.577882931182386,1.3100019998680503,1.8945304820059297,0.0,-0.5358369345489745,0.0,1.8170594925112875,0.9941707407865432,-3.7386412186317073,2
601116,-0.3238171625337165,-0.8024290039733696,-0.5,-0.5,0.0,0.0,0.0,-0.0921790810977816,-0.658683161076804,-1.577882931182386,0.4308838440812761,1.8945304820059297,0.0,-0.5358369345489745,0.0,1.8170594925112875,0.288587560169589,-1.1718653157133858,2
601158,0.5680807039753409,0.4226289536358835,-0.5,0.0,-0.5,1.5,0.0,-0.5456411724586002,0.1350614931535953,0.0,0.0269891667947226,0.0,0.0,-0.5358369345489745,2.6303167041658844,0.0,-0.5698196306335603,0.2591000001752531,0
601282,0.2620343344116543,0.8605538768015021,-0.5,0.0,0.0,3.0,0.0,0.0043545234098094,0.1350614931535953,0.0,-0.5691161559187239,0.0,0.0,0.4641630654510255,0.0,0.0,-0.5483438047301712,-0.2847745207839266,0
601582,-0.2134663218814831,-0.8526164401574539,-0.5,-0.5,0.0,0.0,0.0,0.21623471061648,-0.658683161076804,-1.577882931182386,1.251000691777781,0.0,0.0,-0.5358369345489745,0.0,1.8170594925112875,0.5340199196418778,-1.371597380523324,2
601673,-2.1307747618054784,-0.1984164451611818,1.0,1.5,1.0,0.6000000000000001,0.0,0.207867465655135,-0.658683161076804,1.0,-0.2363597157400465,1.8945304820059297,0.0,0.0979236444127681,1.18274896353532,0.0,-0.0699536290779298,0.6886017159755153,6
601882,0.9049872674458824,0.7528177715328302,0.0,0.5,0.0,0.0,0.0,-0.0970637232090711,-0.658683161076804,0.0,-0.1423686188473956,0.0,0.0,-0.1695975135107168,1.8662394014360388,0.0,-0.4224809966055943,0.0606853614721105,0
601894,0.140660061063292,-0.2364889768829301,-0.5,-0.5,0.0,0.0,0.0,-0.6197155758110998,-0.658683161076804,-1.577882931182386,0.1763733206847534,0.0,0.0,-0.5358369345489745,0.0,1.8170594925112875,-0.4337101924102075,-0.7293617958628954,2
601917,0.5779753101425147,0.5201657237419183,0.5,1.0,0.5,1.5,0.0,-0.1902061302045683,0.1350614931535953,0.6460181545591593,-0.3378778341536493,1.3087681003312956,0.0,0.0,1.4475677406305645,0.0,-0.436546137821825,0.6323692619058917,5
602120,0.5669778928791185,0.3939512500814855,0.5,1.0,1.0,0.75,1.0,0.3855912196453804,0.1350614931535953,0.0,0.1038793384945924,0.0,0.0,0.4641630654510255,0.0,0.0,-0.1109474877871055,0.2052549818514652,5
602190,-0.6076479346569527,-0.8781444948462946,-0.5,-0.5,0.0,0.0,0.0,0.0528779748941063,-0.658683161076804,-1.577882931182386,0.9061073225814968,0.0,0.0,-0.5358369345489745,0.0,1.8170594925112875,0.6498091297373264,-1.141490060290492,2
602323,0.1939463741786511,0.0,-0.5,-0.5,0.0,1.5,0.0,-0.5972449533698806,-0.658683161076804,0.0,-0.5691161559187239,3.4424745961808574,0.0,-0.5358369345489745,0.0,1.8170594925112875,-0.4023548751287451,-0.6854266482461793,6
602433,0.5489605680402272,0.084613882090961,0.0,0.5,0.5,1.0,1.3333333333333333,0.5299556561929079,0.341316838923196,0.0,-0.8521289889920516,0.0,0.0,0.4641630654510255,0.0,0.0,-0.713441070785045,0.2506984174690638,5
602476,-0.6531076027838256,0.2905406156119291,0.5,0.5,1.0,0.75,1.0,0.7641698029995853,-0.658683161076804,-0.7323949782604657,0.3100019998680502,0.0,0.0,0.0,0.0,1.0,0.6604433362519134,0.1019138669468906,5
602478,0.4554386432073693,0.2291991117677428,-0.5,-1.0,0.0,0.0,0.0,-0.0379512433783162,-0.658683161076804,-3.801784016923932,1.6603739927181496,1.8945304820059297,0.0,-1.945257774202184,0.0,3.10628371950539,1.166918692108443,-5.846818380501243,3
602598,0.2442635414416244,0.2135937313624968,0.5,0.5,1.0,0.75,0.0,0.1676945449619792,0.1350614931535953,0.6460181545591593,0.0269891667947226,2.703731733044999,0.0,0.0,0.0,1.0,-0.2167683773691338,-0.0126948165015465,6
602656,-1.1596732056828336,-0.5231327642549591,0.0,0.5,0.5,1.0,0.0,0.1292632009543175,0.69823228777992,0.8454879529219202,0.1285072852083251,1.3087681003312956,0.0,0.4641630654510255,0.0,0.0,0.3086015584701143,-0.0521211896482193,6
602734,0.1939463741786511,0.9964830697690392,-1.0,0.0,0.0,1.5,2.0,-0.3626412343037853,-0.658683161076804,0.0,-0.8521289889920516,0.0,1.0986122886681096,1.8735839051042344,0.0,0.0,-1.1786980987937057,-0.8212419918093405,0
602748,1.8637110648454596,1.103695978225202,0.5,1.0,0.5,0.0,1.0,0.3044538210306228,0.1350614931535953,0.6460181545591593,-0.4872619880436798,0.0,0.0,0.0,1.4475677406305645,0.0,-0.0830851899875052,0.782698070381188,5
602769,0.0338310650438883,1.2650939780789934,1.0,2.0,2.0,0.4999999999999998,0.6666666666666664,0.8335098804559891,0.341316838923196,0.0,-0.4872619880436798,0.0,0.3364722366212129,0.7954669210998687,0.0,0.0,-0.0447367524206679,0.5507561788738337,5
602793,-0.436621875182693,-0.8024290039733696,-0.5,-0.5,0.0,0.0,0.0,-0.329723047939766,0.1350614931535953,-1.577882931182386,0.0269891667947226,0.0,0.0,-0.5358369345489745,0.0,1.8170594925112875,-0.4907061237717341,-0.8409068667026673,2
602827,-0.0383616903038499,0.2291991117677428,1.0,1.5,1.5,0.0,1.6,0.7170444937650701,0.2614030824062447,0.0,-0.3378778341536493,0.0,0.0,0.4641630654510255,0.0,0.0,0.1544826934709109,1.0786123054385208,5
602918,0.0974650969708461,-0.5013773948113078,0.0,0.0,-0.5,0.0,1.3333333333333333,-1.2457822086274737,0.341316838923196,-1.0,0.7367495369393785,0.0,0.0,-1.945257774202184,3.313807142066604,1.2892242269941023,-0.6696624192529816,-0.3143400410529916,0
602921,-0.0528240337755813,-0.8273801410529529,-1.0,-0.5,-0.5,0.0,0.0,-0.2208494491569787,0.69823228777992,0.0,-0.8521289889920516,0.0,0.0,0.4641630654510255,0.0,0.0,-1.0620153738378055,-0.3072937272332634,0
602925,-0.1545389239780106,0.3794715120532125,1.0,1.0,1.0,0.0,0.8,0.6730395722545833,0.0,-0.5778829311823854,0.7812558369313752,1.0,0.0,-0.311497195240441,1.18274896353532,0.8170594925112873,0.8767589026998951,0.5669890811978038,5
602946,-0.5727284017079248,-0.2173706571356206,0.5,0.5,1.0,0.0,0.0,0.1292632009543175,-0.2218539557031286,0.0,0.3718825359910068,1.0,0.0,0.0,0.0,1.0,0.3503334735005712,0.5996575230856049,5
602953,1.359176930248998,2.711396481337664,1.0,2.0,1.5,0.4999999999999998,1.3333333333333333,0.979202233398558,0.1350614931535953,0.0,-0.1791334945787352,0.0,0.3364722366212129,0.4641630654510255,1.18274896353532,0.0,0.401449260375904,0.7556618591979898,5
602962,0.7562010598806398,0.3205839652723227,0.0,0.5,0.5,1.0,0.0,-0.0448296358979986,0.341316838923196,0.0,0.222498382100976,0.0,0.0,0.4641630654510255,0.0,0.0,0.1125674888089537,-0.2627733423378136,5
603033,0.0888223684153056,0.963277148732632,-1.0,0.0,-0.5,3.0,2.0,-5.01837906474446,0.69823228777992,2.2239010857415447,-1.7312471447788258,-5.8849491923617165,1.0986122886681096,0.4641630654510255,4.496556105601924,0.0,-5.009979129451652,0.6757749439853526,4
603053,0.7352529813299861,0.6395543739241726,0.0,0.5,0.5,1.0,0.0,-0.0995167042849277,-0.658683161076804,0.8454879529219202,-0.6566197736857983,1.3087681003312956,0.0,0.4641630654510255,0.0,0.0,-0.5450128726885327,-0.0545443933668364,6
603100,-0.6159109089409733,-1.5305744279146267,-1.0,-1.0,-0.5,3.0,0.0,-0.8249911539501583,-0.658683161076804,-3.801784016923932,1.9346096322583015,0.0,0.0,-1.945257774202184,0.0,3.10628371950539,0.4008266519056685,-5.846818380501243,3
603160,-0.8256779223810709,0.3205839652723227,1.5,2.0,1.5,0.0,1.3333333333333333,0.7570891024705196,0.341316838923196,0.0,-0.3378778341536493,0.0,0.0,0.1617063421381263,1.0,0.0,0.3098939869646337,0.9606256139953046,5
603221,0.2956058935115887,-0.5672972791819948,-1.5,-1.0,-1.0,0.0,0.0,-5.01837906474446,-0.658683161076804,-3.801784016923932,-1.7312471447788258,-5.8849491923617165,0.0,-1.945257774202184,0.0,0.0,,,1
603278,-0.0839247720505603,0.5872879779418604,0.0,0.5,0.5,1.0,2.6666666666666665,-0.5540253053593464,0.69823228777992,0.0,-0.6566197736857983,0.0,0.0,0.4641630654510255,0.0,0.0,-1.2192253658744694,0.3140600899127274,0
603296,-0.5695876807950593,-0.983314472996574,0.0,0.5,-0.5,2.0,0.0,-0.5840447083969388,0.69823228777992,0.0,-1.7312471447788258,0.0,0.0,-0.9452577742021836,3.313807142066604,0.0,-5.009979129451652,-0.2199260119254051,0
603341,0.7634584434360591,0.2753642525262495,-1.5,-1.0,-1.0,0.0,0.0,-5.01837906474446,-0.658683161076804,-3.801784016923932,-1.7312471447788258,-5.8849491923617165,0.0,-1.945257774202184,0.0,0.0,,,1
603345,0.140660061063292,-0.5231327642549591,-0.5,0.0,0.0,0.0,0.0,-0.2497083796660127,0.69823228777992,0.0,-0.8521289889920516,0.0,0.0,0.4641630654510255,0.0,0.0,-0.986861692004618,-0.4650279679053331,0
603440,0.067029736556652,1.4515466329356972,0.5,1.0,1.5,0.6000000000000001,0.8,1.0885994005225026,0.4919769420103195,1.4390194395059634,0.8739967618118026,1.5479441141749286,0.4054651081081644,0.4641630654510255,0.0,1.0,1.7456332520758748,1.0349732818882715,5
603515,0.4448351656624345,0.3939512500814855,0.0,0.0,0.5,0.0,0.0,0.3298176537006207,-0.0955123664504794,-1.0,0.3100019998680502,0.0,0.0,-0.1695975135107168,0.0,1.2892242269941023,0.5393568932554479,-0.8607642761214205,2
603592,1.2253812155307162,2.295625760582482,0.0,1.0,1.0,0.75,1.0,1.0579800697953,0.4368292053736752,0.0,0.3100019998680502,0.0,0.5108256237659907,1.0,0.0,0.0,0.9512093652095218,0.2384798233862284,5
603635,0.3250817245048324,1.2059435090930102,0.0,1.0,1.0,0.75,2.0,0.3044538210306228,0.69823228777992,1.223901085741545,1.0197623700127063,0.0,0.5108256237659907,1.0,0.0,0.0,0.7265798011366533,1.3060829483792231,5
603715,-0.0637486027703328,-0.2364889768829301,0.0,0.0,0.5,0.0,1.3333333333333333,0.4468496671018975,-0.658683161076804,-1.0,0.0269891667947226,0.0,0.0,-0.1695975135107168,0.0,1.2892242269941023,0.3813014021057886,0.1641471148847558,2
603809,-0.076437943816337,-0.2948576299622514,-0.5,-0.5,0.0,1.5,2.0,-0.279590887366316,0.1350614931535953,-1.577882931182386,-0.3378778341536493,0.0,0.0,-0.5358369345489745,0.0,1.8170594925112875,-0.664379439894162,-1.1468921921916932,2
603875,0.2964090032758492,0.3794715120532125,-0.5,0.0,0.0,0.0,2.0,-0.4326065854446759,0.1350614931535953,0.0,0.7367495369393785,0.0,0.0,0.4641630654510255,0.0,0.0,-0.167826546820645,-0.2858179160404208,0
603883,-0.9534002199004876,-0.9565486648353788,0.0,0.0,0.5,0.0,1.3333333333333333,0.1765921820706387,-0.0955123664504794,-1.0,-0.3378778341536493,0.0,0.0,-0.1695975135107168,0.0,1.2892242269941023,0.0076593847031866,-0.627852012650824,2
604136,0.9262904778125856,0.0511563914573724,0.0,0.0,-0.5,0.0,1.3333333333333333,-1.3260904140595566,-0.658683161076804,0.0,0.9061073225814968,0.0,0.0,-1.945257774202184,3.313807142066604,1.2892242269941023,-0.6297349216926192,-0.9652100121028864,0
604355,0.3595089686733146,-0.3548111444861987,0.0,0.0,0.5,2.0,1.3333333333333333,0.7123711683937849,0.69823228777992,-1.0,0.0269891667947226,0.0,0.0,-0.1695975135107168,0.0,1.2892242269941023,0.3905582796690658,-1.0599067088640426,2
604388,0.6583545112184155,-0.1060116599355281,-1.0,-0.5,-0.5,0.0,4.0,-1.4266518016184342,1.491976942010319,0.0,-0.8521289889920516,0.0,0.0,0.4641630654510255,0.0,0.0,-2.089341718865289,-0.6068313474644759,0
604592,0.179304269705432,-0.6817349135302966,-1.0,-0.5,-1.0,0.0,4.0,-5.01837906474446,0.69823228777992,2.2239010857415447,-1.7312471447788258,-5.8849491923617165,0.0,-1.945257774202184,4.496556105601924,0.0,-5.009979129451652,-1.1390924500526318,4
604617,-0.0461344695078639,-0.5013773948113078,-0.5,-0.5,-0.5,0.0,0.0,-1.0130115542534297,0.1350614931535953,-1.577882931182386,1.3100019998680503,0.0,0.0,-1.945257774202184,2.6303167041658844,1.8170594925112875,-0.1227147835306023,-0.4322522228666731,2
604664,0.393281549524254,-0.6123631726854253,-1.5,-1.0,-1.0,0.0,0.0,-5.01837906474446,-0.658683161076804,-3.801784016923932,-1.7312471447788258,-5.8849491923617165,0.0,-1.945257774202184,0.0,0.0,,,1
604688,-0.6641050200472217,2.2337687147762986,0.5,1.5,1.0,0.6000000000000001,1.6,0.1532599580500368,0.0,0.0,0.0269891667947226,0.0,0.4054651081081644,0.4641630654510255,1.4475677406305645,0.0,0.0140688754758004,0.9672142973936964,5
604804,-0.436621875182693,-0.8781444948462946,-0.5,0.0,-0.5,0.0,0.0,-1.6730174331382357,0.1350614931535953,0.0,-1.7312471447788258,0.0,0.0,-0.5358369345489745,2.6303167041658844,0.0,-5.009979129451652,-0.7171362521007515,0
604840,-1.3634051540010357,-0.6123631726854253,0.0,0.5,0.5,0.0,0.0,0.4979318767155203,-0.0955123664504794,1.577882931182386,-0.3378778341536493,2.4424745961808583,0.0,0.4641630654510255,0.0,0.0,0.4053420129925537,0.966811776719251,6
604916,0.2737835098716158,-0.589715259924501,-1.5,-1.0,-1.0,0.0,0.0,-5.01837906474446,-0.658683161076804,-3.801784016923932,-1.7312471447788258,-5.8849491923617165,0.0,-1.945257774202184,0.0,0.0,,,1
604982,-0.8438942586172689,-0.7777566563817965,0.0,0.5,0.5,1.0,0.0,0.4352095961256225,-0.0955123664504794,0.8454879529219202,0.0269891667947226,1.3087681003312956,0.0,0.4641630654510255,0.0,0.0,0.3636044563315421,0.1883319223763791,6
605004,0.2102034873504153,0.2135937313624968,0.0,0.5,0.5,0.0,0.0,-0.4852861384835237,0.341316838923196,1.577882931182386,-0.2042491549703521,2.4424745961808583,0.0,0.4641630654510255,0.0,0.0,-0.2349428854186659,0.3454705345990031,6
605096,-0.3444295085470803,-0.0879858281037825,0.0,0.5,0.5,0.0,0.0,0.2396674057973429,0.9999999999999998,0.0,-0.3378778341536493,0.0,0.0,0.4641630654510255,0.0,0.0,-0.0345829169903034,-0.2460785662993699,5
605136,0.2055737624391109,-0.6817349135302966,-1.0,-1.0,-0.5,0.0,0.0,-0.329723047939766,-0.658683161076804,-3.801784016923932,1.7852254783682713,0.0,0.0,-1.945257774202184,0.0,3.10628371950539,0.7236354753259043,-5.846818380501243,3
605308,-0.3044062893978296,-1.4294200030383808,-1.5,-1.0,-1.0,0.0,0.0,-5.01837906474446,-0.658683161076804,-3.801784016923932,-1.7312471447788258,-5.8849491923617165,0.0,-1.945257774202184,0.0,0.0,,,1
605311,-1.7329436727736949,-0.5013773948113078,0.0,0.5,0.5,0.0,0.0,0.2575438380146787,0.341316838923196,0.8454879529219202,0.0269891667947226,1.3087681003312956,0.0,0.4641630654510255,0.0,0.0,0.3115061422748404,-0.2830300013914001,6
605439,0.2303178270618515,0.1175719885109969,-0.5,0.0,0.0,0.0,0.0,0.2129689852014099,-0.658683161076804,0.0,0.4308838440812761,0.0,0.0,0.4641630654510255,0.0,0.0,0.2965309904686194,0.045927810695236,5
605494,-0.4883200801816292,0.2600828618709601,0.0,0.5,0.5,0.0,0.0,0.555099104036092,0.69823228777992,0.0,-0.3378778341536493,0.0,0.0,0.4641630654510255,0.0,0.0,-0.1687915959486728,0.3245116808668747,5
605558,-0.1753607007107251,0.1661047583479931,1.0,0.5,1.5,0.0,0.0,0.6202868375163446,-0.30176771222008,-1.2239010857415449,0.0888697029176791,0.0,0.0,-0.311497195240441,0.0,1.5078734502500786,0.2021739245112936,-0.2849881243377433,2
605578,-1.2850243278104354,-0.589715259924501,-1.0,-1.0,-0.5,0.0,0.0,-0.9105455787791988,-0.658683161076804,-3.801784016923932,1.055491476471528,0.0,0.0,-1.945257774202184,0.0,3.10628371950539,-0.1923651190837629,-5.846818380501243,3
605607,0.1466603276263579,-0.589715259924501,-1.0,-0.5,-0.5,0.0,0.0,-0.9433356464201366,1.491976942010319,0.0,-0.3378778341536493,0.0,0.0,0.4641630654510255,0.0,0.0,-1.1786980987937057,-0.3264170617870122,0
605615,0.6266380038686127,1.4870197192823456,0.0,1.0,0.5,0.75,1.0,-0.1397678628496181,-0.2218539557031286,0.0,-0.5691161559187239,0.0,0.5108256237659907,0.4641630654510255,1.8662394014360388,0.0,-0.7769906731033674,1.3066393195715964,5
605619,0.4880281302815064,0.1661047583479931,-0.5,0.0,0.0,0.0,0.0,-0.4039196137942915,1.1350614931535954,0.0,0.0269891667947226,0.0,0.0,0.4641630654510255,0.0,0.0,-0.4528393417577023,0.0517734463847289,0
605776,-0.0755891613803968,0.0511563914573724,1.0,0.0,1.0,0.6000000000000001,0.0,0.7517392533589181,0.0,-1.2239010857415449,0.5930148329413781,1.0,0.0,-1.3114971952404413,1.18274896353532,2.10628371950539,1.2156260738508369,0.1179460896290824,2
605780,-1.1494950849147865,-1.151102915861414,-0.5,0.0,-0.5,1.5,0.0,-1.6266241527337997,0.69823228777992,0.0,-0.8521289889920516,0.0,0.0,-0.5358369345489745,2.6303167041658844,0.0,-2.218849833024457,-1.3998666453997135,0
605878,0.7562010598806398,0.5606834135017086,-0.5,0.0,0.0,0.0,2.0,-0.4775558236714001,0.1350614931535953,0.0,0.1763733206847534,0.0,0.0,0.4641630654510255,0.0,0.0,-0.4670950854585962,-0.2935764266122198,0
605943,0.4387474914473807,-0.0701059560259865,-1.0,-0.5,-1.0,0.0,0.0,-5.01837906474446,-0.658683161076804,0.0,-1.7312471447788258,-5.8849491923617165,0.0,-1.945257774202184,4.496556105601924,0.0,-5.009979129451652,0.4926206152799864,4
605945,-0.4077419345842769,-0.5231327642549591,0.5,1.0,0.5,0.75,0.0,0.1045629446768353,0.1350614931535953,0.6460181545591593,-0.4872619880436798,1.3087681003312956,0.0,0.0,1.4475677406305645,0.0,-0.2698011244596248,0.8274561991180587,6
606041,-0.0736102450604584,-0.7053517390478198,-0.5,0.0,-0.5,0.0,0.0,-0.3761772427418038,0.1350614931535953,0.0,0.3100019998680502,0.0,0.0,-0.5358369345489745,2.6303167041658844,0.0,-0.2307062875957,0.2446886680153923,0
606060,-0.4317758224807042,-0.1425108733599631,-0.5,0.0,0.0,0.0,0.0,-0.203996919301769,0.69823228777992,0.0,0.5412403216331251,0.0,0.0,0.4641630654510255,0.0,0.0,0.1138535250723149,-0.2885771132305262,0
606094,0.5321653864945586,0.4509389841865806,0.5,1.0,1.0,0.0,1.0,0.3254823235723821,-0.658683161076804,0.0,-0.4482343117054982,0.0,0.0,0.4641630654510255,0.0,0.0,-0.2664577002591454,0.0564179131453305,5
606161,0.0844851813676359,-0.6352457830218333,0.0,-0.5,0.5,1.0,0.0,0.5050702885269843,-0.0955123664504794,-2.223901085741545,0.6748690008164222,1.3087681003312956,0.0,-0.9452577742021836,0.0,2.2892242269941026,0.773959454909391,-0.9867646337765515,2
606283,-0.4744569033574903,-1.1803503916127198,-1.0,-0.5,-0.5,0.0,0.0,-1.4032447852251708,-0.658683161076804,0.0,-1.7312471447788258,0.0,0.0,0.4641630654510255,0.0,0.0,-5.009979129451652,-0.7595524199034844,0
606290,-1.1207320722741068,-0.1241858541912811,0.5,0.5,1.0,0.0,0.0,0.5596840564976959,0.4368292053736752,-0.7323949782604657,-0.1423686188473956,1.0,0.0,0.0,0.0,1.0,0.5825943303933301,0.5518499207134006,5
606333,0.9522321322468084,0.3354537328232688,0.5,0.5,0.5,0.75,2.0,0.1292632009543175,0.1350614931535953,-0.7323949782604657,0.7367495369393785,0.0,0.0,-0.5358369345489745,1.4475677406305645,1.0,0.3105070476176432,-0.8288634030326643,2
606362,-0.4659791917316795,-0.8024290039733696,-1.0,-0.5,-0.5,0.0,0.0,0.1216076941696255,-0.658683161076804,0.0,0.5412403216331251,0.0,0.0,0.4641630654510255,0.0,0.0,0.3345174534042719,-1.317470163509726,0
606456,-0.4149180138957635,-1.462625924074788,-1.5,-1.0,-1.0,0.0,0.0,-5.01837906474446,-0.658683161076804,-3.801784016923932,-1.7312471447788258,-5.8849491923617165,0.0,-1.945257774202184,0.0,0.0,,,1
606568,0.3250817245048324,-0.2557742709686207,-0.5,-0.5,0.0,0.0,2.0,-0.0658082731694688,-0.658683161076804,-1.577882931182386,0.1763733206847534,1.8945304820059297,0.0,-0.5358369345489745,0.0,1.8170594925112875,0.1575054002539076,-0.7468896769618516,2
606635,0.7201373393404776,0.4226289536358835,-0.5,0.0,0.0,1.5,0.0,0.0771270845060327,-0.658683161076804,0.0,0.4308838440812761,0.0,0.0,0.4641630654510255,0.0,0.0,0.4978958738685952,-0.0905621604661923,5
606648,-0.2567874259770644,-0.2557742709686207,0.5,0.0,1.0,0.0,0.0,0.4832988304374854,-0.658683161076804,0.0,-0.2363597157400465,2.703731733044999,0.0,-0.5358369345489745,0.0,1.8170594925112875,0.3469756573184285,0.1311557409550721,6
606762,1.1303686296311664,0.3648961975046188,0.0,0.0,0.5,0.0,0.0,0.3978368905786776,0.69823228777992,-1.0,-0.2042491549703521,1.3087681003312956,0.0,-0.1695975135107168,0.0,1.2892242269941023,0.1705167854962213,-0.37533697672007,2
606862,0.2980141341699191,-0.2557742709686207,-0.5,0.0,0.0,1.5,2.0,-0.5753580499713764,0.69823228777992,0.0,0.1763733206847534,0.0,0.0,0.4641630654510255,0.0,0.0,-0.371838423025508,-0.1168257261051111,0
606930,-0.101517756375332,2.25250844934424,1.0,2.0,1.5,1.5,0.6666666666666664,0.2607537405803148,0.69823228777992,0.8454879529219202,-0.2363597157400465,1.8945304820059297,0.3364722366212129,0.4641630654510255,1.18274896353532,0.0,0.2795410595175511,1.0038199247498183,5
607017,1.1849484434184765,0.3502240363019069,0.5,0.5,0.5,2.25,0.0,0.2413082990217914,-0.2218539557031286,-0.7323949782604657,0.95788183388975,0.0,0.0,-0.5358369345489745,1.4475677406305645,1.0,0.6716070013343857,-0.5205067807164234,2
607028,-0.4898195122786246,-0.1425108733599631,0.5,1.0,1.0,0.75,0.0,0.4194350623166895,0.4368292053736752,0.6460181545591593,0.2449467451820483,1.0,0.0,0.4641630654510255,0.0,0.0,0.7017875775619051,0.4831241682414898,5
607152,-0.0696590149249183,2.2148685811006907,1.0,1.5,2.0,1.5,0.6666666666666664,0.6460980741874547,-0.0955123664504794,0.0,-0.0269891667947223,0.6795775573916313,0.3364722366212129,0.4641630654510255,0.0,0.8170594925112873,0.3692575089029051,0.5419410877460796,5
607197,0.5697336377506751,1.195929196523542,-1.0,0.0,-0.5,3.0,4.0,-5.01837906474446,-0.658683161076804,0.0,-1.7312471447788258,-5.8849491923617165,1.0986122886681096,0.4641630654510255,4.496556105601924,0.0,-5.009979129451652,0.9937791077587156,4
607270,1.2158375213503765,0.3939512500814855,-1.0,-0.5,-0.5,0.0,0.0,-0.1371950412950404,0.69823228777992,0.0,0.3100019998680502,0.0,0.0,0.4641630654510255,0.0,0.0,-0.0335226909633083,-0.488614887364166,0
607280,0.7714355539736927,0.1820481643393343,-1.0,-0.5,-0.5,3.0,0.0,-0.3830276740076228,0.69823228777992,0.0,0.5412403216331251,0.0,0.0,0.4641630654510255,0.0,0.0,-0.0817778225640124,-1.1737868097482378,0
607350,0.6833261312070311,0.0342356026297282,0.0,0.5,0.0,0.0,1.3333333333333333,-0.3559539102774862,0.69823228777992,0.0,-0.1423686188473956,0.0,0.0,-0.1695975135107168,1.8662394014360388,0.0,-0.4299468850091401,0.3861670679783828,0
607524,0.3963201768067612,-0.7533569369943934,-1.0,-1.0,-0.5,3.0,0.0,-0.3526300463835208,-0.658683161076804,-3.801784016923932,2.0031830567555966,0.0,0.0,-1.945257774202184,0.0,3.10628371950539,0.8311054358036877,-5.846818380501243,3
607626,-0.4077419345842769,-1.2400338123026975,-1.0,-1.0,-0.5,0.0,0.0,-1.380470468996392,-0.658683161076804,-3.801784016923932,1.189120155654825,0.0,0.0,-1.945257774202184,0.0,3.10628371950539,-0.5010245833321092,-5.846818380501243,3
607706,0.1280940173226577,-0.2948576299622514,-0.5,-0.5,-0.5,0.0,0.0,-1.275008204445934,0.1350614931535953,-1.577882931182386,0.3100019998680502,3.4424745961808574,0.0,-1.945257774202184,2.6303167041658844,1.8170594925112875,-0.4948150998647015,-0.9190319106124412,2
607799,0.1255701044161817,-0.5672972791819948,-1.0,-0.5,-0.5,0.0,0.0,-0.6522165130024442,0.69823228777992,0.0,-0.8521289889920516,0.0,0.0,0.4641630654510255,0.0,0.0,-1.4169942212625797,-1.7698645684155685,0
607931,1.0889208837283773,0.6004710149305419,0.0,0.5,0.0,1.0,0.0,0.1404236078806186,-0.0955123664504794,0.0,-0.3378778341536493,0.0,0.0,-0.1695975135107168,1.8662394014360388,0.0,-0.2064957793103949,0.3248560269823873,5
607949,-0.4758737978988532,-0.5451046085908845,-0.5,-0.5,-0.5,0.0,0.0,-1.0425794443368617,-0.658683161076804,-1.577882931182386,1.521876595833502,3.4424745961808574,0.0,-1.945257774202184,2.6303167041658844,1.8170594925112875,0.4594347466287483,-0.4295086860124981,2
607998,-0.0508145175739537,0.4649590448526473,0.0,0.5,0.0,0.0,1.3333333333333333,-0.1423485644212579,-0.658683161076804,0.0,-0.3378778341536493,0.0,0.0,-0.1695975135107168,1.8662394014360388,0.0,-0.5178603162872742,0.4123208177273863,0
608039,-0.6421778623628336,-1.209990462642304,-0.5,-0.5,0.0,0.0,0.0,-0.1739497081948526,0.1350614931535953,-1.577882931182386,0.0269891667947226,0.0,0.0,-0.5358369345489745,0.0,1.8170594925112875,-0.3370060964627953,-0.6346789208866092,2
608086,0.1734134609439123,1.3321579827534449,0.0,1.0,0.5,1.5,1.0,-0.1143864737947603,0.1350614931535953,2.2239010857415447,0.1763733206847534,3.4424745961808574,0.5108256237659907,0.4641630654510255,1.8662394014360388,0.0,0.7307091167446083,-0.4348398174795913,6
608287,0.5222943483873299,0.1820481643393343,0.5,0.5,1.0,0.0,0.0,0.4312935624100654,0.1350614931535953,-0.7323949782604657,-0.0548650010803214,1.0,0.0,0.0,0.0,1.0,0.3386641404699754,0.0417570679507699,5
608296,-1.3007419278512578,0.2600828618709601,0.5,0.0,1.0,0.0,1.0,0.4583311250530248,-0.2218539557031286,-1.577882931182386,0.6906244755231556,1.0,0.0,-0.5358369345489745,0.0,1.8170594925112875,1.137353734643524,-0.3325335912378788,2
608343,0.6008505858709621,1.4245627679790984,-0.5,0.5,0.5,1.0,1.3333333333333333,-0.3011576545890609,0.69823228777992,0.0,-0.3378778341536493,0.0,0.6931471805599453,1.2398233261424922,0.0,0.0,-0.5919819310444878,-0.7565765533171871,5
608478,0.2462468774527542,-0.1060116599355281,0.0,-0.5,0.0,0.0,4.0,-0.4775558236714001,-0.0955123664504794,-2.223901085741545,1.56974263130993,1.8945304820059297,0.0,-1.945257774202184,1.8662394014360388,2.2892242269941026,0.620943241527249,-0.9178171859237658,2
608520,1.3063162539682942,0.6906121893614907,0.5,0.0,1.0,0.75,1.0,-0.0311285469557203,0.1350614931535953,-0.7323949782604657,0.1763733206847534,1.8945304820059297,0.0,-0.5358369345489745,0.0,1.8170594925112875,0.23261102891884,0.2890926811324815,2
608521,-0.026215637777524,-0.1060116599355281,-0.5,0.0,0.0,1.5,0.0,-0.0021857299012968,0.69823228777992,0.0,-0.3378778341536493,0.0,0.0,0.4641630654510255,0.0,0.0,-0.3898449641396619,0.3025579943770099,0
608629,0.7944610377436472,0.7893169849572652,1.0,1.5,1.5,0.6000000000000001,2.4,0.5563069040630815,0.0,0.0,-0.1791334945787352,0.0,0.0,0.4641630654510255,0.0,0.0,0.2047970674727093,0.3003970262069641,5
608725,-0.5948703456364245,-0.4373685033222146,-0.5,-0.5,0.0,0.0,0.0,-0.5928218544757642,0.1350614931535953,-1.577882931182386,0.0269891667947226,0.0,0.0,-0.5358369345489745,0.0,1.8170594925112875,-0.5505733490516266,-0.3970559617463595,2
608727,1.2898709770911512,0.7650513326678573,0.5,0.0,1.0,0.75,0.0,0.3674400964516086,-0.658683161076804,-1.577882931182386,0.9829974942813668,0.0,0.0,-0.5358369345489745,0.0,1.8170594925112875,0.87132166227387,-0.3462759773900554,2
608764,0.4353564122054657,-0.0173189290703666,-0.5,0.0,0.0,0.0,0.0,0.0467050652015033,0.1350614931535953,0.0,-0.5691161559187239,0.0,0.0,0.4641630654510255,0.0,0.0,-0.5721194260637886,-0.1030089134698954,0
608786,-0.2436797855732951,-1.2400338123026975,-1.5,-1.0,-1.0,0.0,0.0,-5.01837906474446,-0.658683161076804,-3.801784016923932,-1.7312471447788258,-5.8849491923617165,0.0,-1.945257774202184,0.0,0.0,,,1
608820,0.2222994061583828,-0.2557742709686207,0.0,0.0,0.5,2.0,1.3333333333333333,0.0610387980526892,0.9999999999999998,0.8454879529219202,0.9061073225814968,3.4424745961808574,0.0,-0.1695975135107168,0.0,1.2892242269941023,0.988607542101664,0.6797989996113504,6
608823,0.334088220546409,-0.3957040193861091,-1.0,-0.5,-0.5,0.0,0.0,-1.0654568244033888,-0.658683161076804,0.0,0.9061073225814968,0.0,0.0,0.4641630654510255,0.0,0.0,-0.413260279788136,-0.3556440357363858,0
608860,0.6266380038686127,0.2753642525262495,-0.5,0.0,0.0,0.0,0.0,0.0630667133623977,0.1350614931535953,0.0,0.7367495369393785,0.0,0.0,0.4641630654510255,0.0,0.0,0.7038024421555115,-0.2986435200474058,5
608866,-0.3699516320415804,-0.9039711300422292,-1.0,-0.5,-0.5,0.0,4.0,-0.1739497081948526,0.69823228777992,0.0,0.0269891667947226,0.0,0.0,0.4641630654510255,0.0,0.0,-0.3361040486089888,-2.1843703431860058,0
608970,-0.2624347350701501,-1.1803503916127198,-1.0,-0.5,-1.0,0.0,0.0,-5.01837906474446,-0.658683161076804,0.0,-1.7312471447788258,-5.8849491923617165,0.0,-1.945257774202184,4.496556105601924,0.0,-5.009979129451652,-0.7410140893822553,4
609051,-0.3458122078877629,-0.983314472996574,-0.5,0.0,-0.5,1.5,0.0,0.1216076941696255,-0.658683161076804,1.223901085741545,-0.8521289889920516,3.4424745961808574,0.0,-0.5358369345489745,2.6303167041658844,0.0,-0.3003600989376054,0.5552072327170603,6
609102,0.7023382777150848,-0.0347747680912913,-1.0,-0.5,-0.5,0.0,0.0,-0.5250387180961157,1.491976942010319,0.0,0.3100019998680502,0.0,0.0,0.4641630654510255,0.0,0.0,-0.3536149788409838,-1.3305977579813335,0
609167,0.8089597077557817,0.3794715120532125,0.5,1.0,1.0,1.5,0.0,0.284445978220114,0.4368292053736752,0.6460181545591593,0.0269891667947226,1.0,0.0,0.4641630654510255,0.0,0.0,0.2641962258181189,0.1271576978338795,5
609221,0.2200017639059915,-0.5672972791819948,-1.0,-0.5,-1.0,0.0,0.0,-5.01837906474446,0.69823228777992,0.0,-1.7312471447788258,-5.8849491923617165,0.0,-1.945257774202184,4.496556105601924,0.0,-5.009979129451652,-0.2741123419216132,4
609228,0.4589591145550679,0.6906121893614907,0.0,0.5,0.5,0.0,1.3333333333333333,0.1441111341357359,-0.658683161076804,0.0,0.3918561677430946,0.0,0.0,0.4641630654510255,0.0,0.0,0.1138321106685526,0.5410731557224843,5
609230,-0.9638171249137728,-0.6817349135302966,-0.5,0.0,-0.5,0.0,4.0,-1.155092782707833,-0.658683161076804,1.223901085741545,-0.8521289889920516,3.4424745961808574,0.0,-0.5358369345489745,2.6303167041658844,0.0,-1.507582765912477,-0.2313193716317505,6
609236,-1.277217382434204,-0.8781444948462946,0.5,0.5,1.0,1.5,0.0,0.7552472398971912,0.1350614931535953,-0.7323949782604657,0.4872619880436801,0.0,0.0,0.0,0.0,1.0,0.5482081143256301,-0.5007465282202023,2
609240,0.0113487748014657,0.3354537328232688,0.0,0.5,0.5,0.0,1.3333333333333333,-0.1984534887515583,0.9999999999999998,0.0,-0.3378778341536493,0.0,0.0,0.4641630654510255,0.0,0.0,-0.5922190271953911,-0.0357896991561276,5
609243,0.2020935316454541,0.1011544248762458,0.0,0.0,0.5,2.0,0.0,0.4047109665192296,0.341316838923196,0.0,0.5412403216331251,1.3087681003312956,0.0,-0.1695975135107168,0.0,1.2892242269941023,0.3423704531870257,0.1391648351337208,5
609262,-0.4005947329336307,-0.0523696989290143,0.5,1.0,1.0,0.75,0.0,0.7169792457871713,-0.2218539557031286,1.223901085741545,0.5930148329413781,1.8945304820059297,0.0,0.4641630654510255,0.0,0.0,0.9483037370993472,0.9098418852115652,6
609393,0.8901054505843685,1.4335940776519958,0.5,1.5,1.0,0.6000000000000001,1.6,0.6328124390213116,0.0,0.5227586988632229,0.4308838440812761,1.0,0.4054651081081644,0.4641630654510255,1.4475677406305645,0.0,0.4730380921414655,-0.1964637275779809,5
609413,-0.5508591007847717,-0.3346452313910828,0.0,0.5,0.5,1.0,0.0,0.2280907981194525,0.341316838923196,0.0,-0.3378778341536493,0.0,0.0,0.4641630654510255,0.0,0.0,-0.2126410575248123,-0.881904222573771,0
609673,-0.0602117734301469,-0.4164379946042029,0.0,0.5,0.5,3.0,0.0,0.3284440081838901,0.341316838923196,0.0,-0.0833673107571263,0.0,0.0,0.4641630654510255,0.0,0.0,-0.0851935323607685,-0.177753137265703,5
609683,0.5916270085114503,1.1245277566605365,-1.0,0.0,-0.5,1.5,2.0,-5.01837906474446,0.69823228777992,2.2239010857415447,-1.7312471447788258,-5.8849491923617165,1.0986122886681096,0.4641630654510255,4.496556105601924,0.0,-5.009979129451652,-0.2237887863206289,4
609720,-1.6823227900803228,0.9067995908805876,0.0,1.0,0.5,0.75,1.0,-0.3394641784491781,-0.2218539557031286,0.0,-0.6566197736857983,0.0,0.5108256237659907,0.4641630654510255,1.8662394014360388,0.0,-0.9541293523491752,0.4154224201759714,0
609763,-0.2852052676491315,-1.3013753161468835,-1.0,-1.0,-0.5,0.0,0.0,-1.190206130204569,-0.658683161076804,-3.801784016923932,-0.3378778341536493,0.0,0.0,-1.945257774202184,0.0,3.10628371950539,-1.3827928274694132,-5.846818380501243,3
609800,0.4937852737776073,0.1175719885109969,-0.5,0.0,0.0,1.5,0.0,-0.7964257605994532,0.69823228777992,0.0,-0.5691161559187239,0.0,0.0,0.4641630654510255,0.0,0.0,-1.2764365545733058,-0.3206715998647661,0
609817,-1.1861165310721564,0.1500453992945883,0.5,1.0,0.5,0.75,0.0,0.0321232703090544,0.1350614931535953,0.0,-0.3378778341536493,0.0,0.0,0.0,1.4475677406305645,0.0,-0.3394722082024866,0.1837381268543919,5
609838,-0.0775702850809607,0.8605538768015021,-1.0,0.0,-0.5,1.5,2.0,-5.01837906474446,0.69823228777992,2.2239010857415447,-1.7312471447788258,-5.8849491923617165,1.0986122886681096,0.4641630654510255,4.496556105601924,0.0,-5.009979129451652,1.083623071418565,4
609868,-1.0371365387476892,0.0342356026297282,0.5,1.0,1.0,0.0,1.0,0.0630667133623977,-0.2218539557031286,0.0,-0.702744835102021,0.0,0.0,0.4641630654510255,0.0,0.0,-0.6435133821407893,0.5093581763836955,5
610144,-1.8195987715931643,0.3939512500814855,1.5,2.0,2.0,0.0,0.6666666666666664,0.8622376085349612,0.341316838923196,0.0,-0.2693044096563544,0.0,0.0,0.4641630654510255,0.0,0.0,0.505241151101501,1.026543213845789,5
610226,-0.2744161286542274,-0.1241858541912811,-1.0,-0.5,-0.5,0.0,0.0,-0.0288665364577208,0.69823228777992,0.0,0.5412403216331251,0.0,0.0,0.4641630654510255,0.0,0.0,0.210446106820419,-1.139742563905067,0
610280,0.5779753101425147,0.2446949798295298,-0.5,-1.0,0.0,0.0,0.0,-0.4145631035827674,-0.658683161076804,-3.801784016923932,1.189120155654825,0.0,0.0,-1.945257774202184,0.0,3.10628371950539,0.3922802698419101,-5.846818380501243,3
610294,0.0597056964318799,-0.3346452313910828,-0.5,0.0,0.0,0.0,0.0,0.185396843213915,0.1350614931535953,0.0,-1.2169959899404237,0.0,0.0,0.4641630654510255,0.0,0.0,-0.9581373848186274,0.3457285387320218,0
610306,1.4653964159443174,0.5201657237419183,0.5,1.0,0.5,0.0,0.0,-0.0043771444121186,0.4368292053736752,0.6460181545591593,0.1285072852083251,1.3087681003312956,0.0,0.0,1.4475677406305645,0.0,0.2078330680316423,0.5541741746252307,5
610338,-0.5633228516771859,-0.7292238865448002,-0.5,0.5,0.5,1.0,1.3333333333333333,-0.3864738890548298,0.69823228777992,1.577882931182386,1.521876595833502,0.0,0.6931471805599453,1.2398233261424922,0.0,0.0,0.4594347466287483,0.6700189449838562,5
610395,-0.7546253591591585,-0.4164379946042029,0.0,0.0,0.5,0.0,0.0,0.6460270941963029,0.341316838923196,-1.0,-0.0833673107571263,0.0,0.0,-0.1695975135107168,0.0,1.2892242269941023,0.2747320875981051,-0.1645355576183415,2
610474,0.3734027335024049,0.2753642525262495,0.0,0.5,0.5,0.0,0.0,0.4807487291478606,-0.0955123664504794,0.0,0.60981374613042,0.0,0.0,0.4641630654510255,0.0,0.0,0.3336477006559796,-0.5963763485925906,5
610482,0.6817756490366277,0.3205839652723227,1.0,0.5,1.5,0.0,0.8,0.7516766375628544,0.0,-1.2239010857415449,-0.0380660878912795,1.5479441141749286,0.0,-0.311497195240441,0.0,1.5078734502500786,0.761191999795182,0.1557183334588232,2
610492,-0.3680830603664354,0.9182112552292012,-0.5,0.0,0.0,1.0,4.0,0.0043545234098094,0.341316838923196,0.8454879529219202,-0.3378778341536493,0.0,0.6931471805599453,-0.5358369345489745,2.6303167041658844,1.8170594925112875,-0.4699221054423421,0.6771631519089217,5
610530,0.101156287520233,-0.983314472996574,-1.5,-1.0,-1.0,0.0,0.0,-5.01837906474446,-0.658683161076804,-3.801784016923932,-1.7312471447788258,-5.8849491923617165,0.0,-1.945257774202184,0.0,0.0,,,1
610670,0.8399732610855268,0.3648961975046188,0.0,0.5,0.5,0.0,0.0,-0.4852861384835237,0.341316838923196,0.0,-0.3378778341536493,0.0,0.0,0.4641630654510255,0.0,0.0,-0.7863398622008101,0.1190423507462778,0
610763,-0.8530729726552201,0.8605538768015021,-0.5,0.0,0.5,1.0,1.3333333333333333,-0.1685998590832503,-0.0955123664504794,-2.223901085741545,0.60981374613042,0.0,0.6931471805599453,0.4641630654510255,0.0,1.8170594925112875,0.0234026090763114,-1.134929798581236,2
610793,-1.3054844599439297,-0.5672972791819948,-0.5,0.0,0.0,0.0,0.0,-0.0471349681280216,0.1350614931535953,0.0,-0.1423686188473956,0.0,0.0,0.4641630654510255,0.0,0.0,-0.2727866519420543,-0.1524873866421278,0
610806,-2.0567608353074105,-0.1060116599355281,0.5,1.0,0.5,0.0,1.0,0.0065233750692196,0.1350614931535953,0.6460181545591593,0.7367495369393785,1.3087681003312956,0.0,0.0,1.4475677406305645,0.0,0.4597989071807595,0.4385846997964395,5
610905,0.1910275942063828,-0.5231327642549591,-1.5,-1.0,-1.0,0.0,0.0,-5.01837906474446,-0.658683161076804,-3.801784016923932,-1.7312471447788258,-5.8849491923617165,0.0,-1.945257774202184,0.0,0.0,,,1
610909,1.05152840338768,0.4368293378606515,-0.5,0.0,0.0,1.5,0.0,0.0172846759332341,0.1350614931535953,1.223901085741545,-0.8521289889920516,1.8945304820059297,0.0,0.4641630654510255,0.0,0.0,-0.44897106011236,0.1296963460717757,6
611031,0.527941657480414,-0.2752294817283874,-1.5,-1.0,-1.0,0.0,0.0,-5.01837906474446,-0.658683161076804,-3.801784016923932,-1.7312471447788258,-5.8849491923617165,0.0,-1.945257774202184,0.0,0.0,,,1
611065,0.067029736556652,0.4927349096618701,0.5,1.0,1.0,0.0,0.0,0.4942973704140114,0.4368292053736752,1.223901085741545,-0.702744835102021,1.8945304820059297,0.0,0.4641630654510255,0.0,0.0,0.1189739497192179,1.1058979124836363,6
611087,-0.3121452001754657,-0.3548111444861987,-0.5,-0.5,0.0,1.5,4.0,0.1818860114493234,0.1350614931535953,-1.577882931182386,0.1763733206847534,0.0,0.0,-0.5358369345489745,0.0,1.8170594925112875,0.1249003762805993,-0.3466136095608818,2
611126,-0.5674969481070116,-1.0656153830619794,-0.5,0.0,0.0,0.0,0.0,-0.32650087038226,0.1350614931535953,1.223901085741545,0.1763733206847534,1.8945304820059297,0.0,0.4641630654510255,0.0,0.0,0.0388440307588156,0.5489285776719947,6
611177,-0.145689492548958,-0.3957040193861091,-0.5,0.0,0.0,0.0,0.0,-0.1295233791538115,0.1350614931535953,1.223901085741545,-0.5691161559187239,1.8945304820059297,0.0,0.4641630654510255,0.0,0.0,-0.507290177350057,0.7378507294499249,6
611251,0.4589591145550679,0.5064929114075749,0.0,0.5,0.5,0.0,0.0,-0.3074223555998511,-0.0955123664504794,1.577882931182386,-0.4872619880436798,2.4424745961808583,0.0,0.4641630654510255,0.0,0.0,-0.5340239313350723,0.3862471640857176,6
611350,-0.3044062893978296,-1.0378395182527564,-1.0,-0.5,-0.5,0.0,0.0,-0.8134485295510019,0.69823228777992,0.0,-1.7312471447788258,0.0,0.0,0.4641630654510255,0.0,0.0,-5.009979129451652,-0.3274598580756347,0
611371,-0.5885158586668233,-0.3548111444861987,1.0,1.0,1.0,0.0,2.4,0.8423359405235126,0.2614030824062447,-0.5778829311823854,0.1038793384945924,0.0,0.0,-0.311497195240441,1.18274896353532,0.8170594925112873,0.6948373270661132,0.5812772720997269,5
611583,-0.5493072638897125,0.1820481643393343,0.0,0.5,0.0,0.0,0.0,-0.1219209359602892,0.69823228777992,0.0,-0.5691161559187239,0.0,0.0,-0.1695975135107168,1.8662394014360388,0.0,-0.8573070277003173,-0.2101319443839105,0
611839,-0.7201373393404769,0.6004710149305419,1.0,1.0,1.5,0.0,0.8,0.7472549511064115,-0.30176771222008,-0.5778829311823854,0.2582274885597975,0.8092012510390698,0.0,0.0979236444127681,0.0,0.8170594925112873,0.9915064583735428,0.1601445053291326,5
611852,0.0181233941281466,-0.3957040193861091,-0.5,0.0,0.0,1.5,2.0,0.0043545234098094,0.69823228777992,0.0,-1.2169959899404237,0.0,0.0,0.4641630654510255,0.0,0.0,-1.1677352192577883,-1.8516945939518432,0
611887,0.2737835098716158,-0.3751629211508731,0.0,0.5,-0.5,0.0,2.6666666666666665,-0.9568175085094904,0.341316838923196,0.0,0.5412403216331251,0.0,0.0,-0.9452577742021836,3.313807142066604,0.0,-0.7106224177712694,-0.044579708975816,0
611954,-0.7546253591591585,0.1175719885109969,0.5,1.0,1.0,0.75,2.0,0.5182364352274699,0.4368292053736752,0.0,-0.4482343117054982,0.0,0.0,0.4641630654510255,0.0,0.0,0.0800433690830249,-0.2281039863584549,5
612002,1.1315731581367472,1.8436857899916927,0.5,1.0,1.0,0.6000000000000001,1.6,-0.2180171829458386,0.2614030824062447,0.5227586988632229,1.055491476471528,0.0,0.4054651081081644,0.0,1.4475677406305645,1.0,0.3801355545229186,0.9189956096244416,5
612128,-0.1964294793676732,-0.8526164401574539,-0.5,-0.5,0.0,0.0,2.0,0.2095714063863997,0.69823228777992,-1.577882931182386,0.1763733206847534,1.8945304820059297,0.0,-0.5358369345489745,0.0,1.8170594925112875,0.3855980737681791,-1.088722648214181,2
612175,-0.2091917657546151,-0.589715259924501,0.0,0.0,0.5,0.0,0.0,0.4929972608603271,0.69823228777992,-1.0,0.3100019998680502,2.4424745961808583,0.0,-0.1695975135107168,0.0,1.2892242269941023,0.7484148950351669,-0.375420804216244,2
612220,-0.4600687795770939,0.7772174909202333,-0.5,0.5,-0.5,2.0,2.6666666666666665,-5.01837906474446,0.9999999999999998,1.577882931182386,-1.7312471447788258,-5.8849491923617165,0.6931471805599453,-0.5358369345489745,4.496556105601924,0.0,-5.009979129451652,1.066290244067707,4
612226,0.08520878179052,-0.8024290039733696,-1.5,-1.0,-1.0,0.0,0.0,-5.01837906474446,-0.658683161076804,-3.801784016923932,-1.7312471447788258,-5.8849491923617165,0.0,-1.945257774202184,0.0,0.0,,,1
612236,0.2931943830075027,0.2291991117677428,0.0,0.5,0.5,1.0,0.0,0.2781929001380224,0.341316838923196,0.0,0.1285072852083251,0.0,0.0,0.4641630654510255,0.0,0.0,0.217120478331968,-0.3070099869531461,5
612562,0.7761696586337337,1.1245277566605365,-0.5,0.5,-0.5,1.0,4.0,-5.01837906474446,-0.0955123664504794,0.8454879529219202,-1.7312471447788258,-5.8849491923617165,0.6931471805599453,-0.5358369345489745,4.496556105601924,0.0,-5.009979129451652,0.3878760591704725,4
612685,0.588905050563506,0.4788906502885904,-0.5,0.0,0.0,0.0,0.0,-0.0753024401469103,0.1350614931535953,0.0,-0.5691161559187239,0.0,0.0,0.4641630654510255,0.0,0.0,-0.7248316790763464,-0.5069510235921123,0
612797,-0.2436797855732951,-0.4164379946042029,-1.0,-0.5,-0.5,0.0,4.0,0.1216076941696255,-0.658683161076804,0.0,-0.8521289889920516,0.0,0.0,0.4641630654510255,0.0,0.0,-0.8530796747552803,-1.4564486597059447,0
612812,0.89355080028439,0.1338683882105274,-1.0,-1.0,-0.5,0.0,4.0,-1.380470468996392,-0.658683161076804,-3.801784016923932,1.703371310493227,0.0,0.0,-1.945257774202184,0.0,3.10628371950539,-0.2680159588653913,-5.846818380501243,3
612976,-0.1298707883550653,-1.1222377710152045,-1.5,-1.0,-1.0,0.0,0.0,-5.01837906474446,-0.658683161076804,-3.801784016923932,-1.7312471447788258,-5.8849491923617165,0.0,-1.945257774202184,0.0,0.0,,,1
613164,-0.7133193762139726,-0.8273801410529529,0.0,-0.5,0.5,1.0,0.0,-0.1659376186237856,-0.658683161076804,-2.223901085741545,1.3478644952297385,0.0,0.0,-0.9452577742021836,0.0,2.2892242269941026,0.7888977945627115,-2.612720941984614,2
613252,0.0310362930849874,-0.9039711300422292,-1.5,-1.0,-1.0,0.0,0.0,-5.01837906474446,-0.658683161076804,-3.801784016923932,-1.7312471447788258,-5.8849491923617165,0.0,-1.945257774202184,0.0,0.0,,,1
613275,0.2286026388905004,0.5606834135017086,0.0,0.5,0.0,0.0,1.3333333333333333,-0.5710480743108943,-0.0955123664504794,0.0,-0.5691161559187239,0.0,0.0,-0.1695975135107168,1.8662394014360388,0.0,-1.1317069760863872,-0.1051842625143894,0
613383,-0.2393319811660805,-1.0104087041727063,-1.0,-0.5,-0.5,0.0,0.0,-1.414867016446103,0.69823228777992,2.2239010857415447,-0.3378778341536493,3.4424745961808574,0.0,0.4641630654510255,0.0,0.0,-1.090612733442599,-1.5448835094949394,6
613386,-0.2325211485745366,-0.983314472996574,-1.5,-1.0,-1.0,0.0,0.0,-5.01837906474446,-0.658683161076804,-3.801784016923932,-1.7312471447788258,-5.8849491923617165,0.0,-1.945257774202184,0.0,0.0,,,1
613442,0.4501448174895978,0.5201657237419183,0.5,0.5,1.0,0.0,2.0,0.8838697989454755,0.4368292053736752,-0.7323949782604657,-0.5691161559187239,0.0,0.0,0.0,0.0,1.0,-0.0665008842865565,0.1411496947234577,5
613655,-0.0383616903038499,-0.4584993070321419,-0.5,0.0,0.0,1.5,0.0,-0.3074223555998511,0.1350614931535953,0.0,-0.8521289889920516,0.0,0.0,0.4641630654510255,0.0,0.0,-0.8435420558294248,0.0497218421953918,0
613874,-0.9091642831371683,-0.2364889768829301,0.5,1.0,1.0,3.0,0.0,0.6410129748401372,0.4368292053736752,0.6460181545591593,-0.3378778341536493,1.0,0.0,0.4641630654510255,0.0,0.0,0.2839115175869214,0.6105284314204881,5
613921,0.8017251673520314,0.3648961975046188,-1.0,-0.5,-0.5,0.0,0.0,-0.3899342569756081,0.69823228777992,0.0,-0.8521289889920516,0.0,0.0,0.4641630654510255,0.0,0.0,-1.2011579631245917,-1.7024538443694643,0
613941,1.257451457691521,1.195929196523542,0.5,0.5,1.5,1.2000000000000002,2.4,0.6481235520966053,-0.658683161076804,-0.5778829311823854,0.2042491549703524,1.5479441141749286,0.4054651081081644,0.0,0.0,1.8170594925112875,0.5435569931957651,0.5395115171487149,5
614033,0.5080970128895929,0.1338683882105274,-0.5,0.0,0.0,1.5,0.0,0.1064888847255386,0.1350614931535953,0.0,-0.1423686188473956,0.0,0.0,0.4641630654510255,0.0,0.0,-0.2024289777019014,0.8743096081248247,0
614092,-0.3559850289023943,-1.1222377710152045,-0.5,-1.0,0.0,0.0,0.0,-0.7212397496919792,-0.658683161076804,-3.801784016923932,1.521876595833502,1.8945304820059297,0.0,-1.945257774202184,0.0,3.10628371950539,0.5729424636316341,-5.846818380501243,3
614111,0.2142446204098905,0.0,0.0,0.0,0.5,0.0,1.3333333333333333,0.284445978220114,-0.658683161076804,0.0,1.189120155654825,1.3087681003312956,0.0,-0.1695975135107168,0.0,1.2892242269941023,1.0472156459274622,-0.3367826527159365,2
614165,-1.9857082720854988,0.3205839652723227,0.5,1.0,1.0,0.0,0.0,1.0288753739070586,0.4368292053736752,0.0,0.0269891667947226,0.0,0.0,0.4641630654510255,0.0,0.0,0.7278141128536081,0.1249845652170232,5
614311,-0.471909338187158,-0.1984164451611818,-0.5,0.5,0.0,2.0,1.3333333333333333,-1.8108913245397704,1.2614030824062443,1.577882931182386,-0.3378778341536493,0.0,0.6931471805599453,0.4641630654510255,2.6303167041658844,0.0,-1.897613941236276,1.1376102795985474,0
614412,-0.6205181157096885,-0.9039711300422292,-0.5,0.0,0.0,0.0,0.0,-0.2765544934337305,-0.658683161076804,0.0,-0.5691161559187239,0.0,0.0,0.4641630654510255,0.0,0.0,-0.8350756785254849,-0.1971209890210598,0
614549,0.4633499133634132,0.2135937313624968,0.0,0.0,0.5,0.0,1.3333333333333333,-0.0681718046055054,0.341316838923196,0.0,-0.3378778341536493,1.3087681003312956,0.0,-0.1695975135107168,0.0,1.2892242269941023,-0.4130771104074486,0.4989852512676964,5
614595,-0.9250648120180158,0.5472599549180527,-1.0,0.0,-0.5,1.5,2.0,-5.01837906474446,1.491976942010319,3.801784016923932,-1.7312471447788258,-5.8849491923617165,1.0986122886681096,0.4641630654510255,4.496556105601924,0.0,-5.009979129451652,1.083623071418565,4
614632,-0.3467346058380727,-0.7777566563817965,-0.5,-0.5,-0.5,0.0,0.0,-1.0425794443368617,0.1350614931535953,-1.577882931182386,0.9061073225814968,0.0,0.0,-1.945257774202184,2.6303167041658844,1.8170594925112875,-0.3942869247923726,-1.875039649129396,2
614668,0.8089597077557817,0.5064929114075749,-0.5,0.0,0.0,0.0,0.0,-1.0732227632892712,0.69823228777992,1.223901085741545,-1.2169959899404237,1.8945304820059297,0.0,0.4641630654510255,0.0,0.0,-1.5884756645700322,-0.1214400190064513,6
614748,-0.3699516320415804,1.828664288954412,0.0,1.0,1.0,0.75,1.0,0.7038270297037543,0.69823228777992,0.6460181545591593,-0.0548650010803214,1.0,0.5108256237659907,1.0,0.0,0.0,0.749247914732299,0.4711055659459842,5
614793,0.7416919390050603,-0.1425108733599631,-1.0,-0.5,-1.0,3.0,4.0,-5.01837906474446,0.69823228777992,0.0,-1.7312471447788258,-5.8849491923617165,0.0,-1.945257774202184,4.496556105601924,0.0,-5.009979129451652,-0.6933608440852521,4
614814,-0.2586678678821074,-1.1803503916127198,-1.0,-1.0,-0.5,0.0,0.0,-0.2409464455532194,-0.658683161076804,-3.801784016923932,0.9061073225814968,0.0,0.0,-1.945257774202184,0.0,3.10628371950539,0.2686641668908374,-5.846818380501243,3
614828,0.393281549524254,-0.3751629211508731,-0.5,0.0,-0.5,0.0,0.0,-0.2918470802486814,-0.658683161076804,0.0,-0.3378778341536493,0.0,0.0,-0.5358369345489745,2.6303167041658844,0.0,-0.6410918437831794,-0.3401677131387089,0
614846,-0.5415683531120764,-1.6006803839406132,-1.5,-1.0,-1.0,0.0,0.0,-5.01837906474446,-0.658683161076804,-3.801784016923932,-1.7312471447788258,-5.8849491923617165,0.0,-1.945257774202184,0.0,0.0,,,1
614918,-1.1422605445110343,0.7528177715328302,1.0,1.5,1.5,0.6000000000000001,0.8,0.8383663688541109,0.2614030824062447,0.0,-1.1351418220653793,0.0,0.0,0.4641630654510255,0.0,0.0,-0.9505418254160388,0.0334750251847107,5
614933,-0.3559850289023943,-0.4373685033222146,-0.5,0.0,0.0,0.0,0.0,0.2077480606600221,0.1350614931535953,0.0,0.3100019998680502,0.0,0.0,0.4641630654510255,0.0,0.0,0.0950960423760923,-0.1211703381133165,0
615006,0.164540450582127,-0.589715259924501,-1.0,-0.5,-0.5,3.0,0.0,-0.7110263106475204,-0.658683161076804,0.0,0.3100019998680502,0.0,0.0,0.4641630654510255,0.0,0.0,-0.507290177350057,-0.4657421658040375,0
615266,-2.09338228146478,0.3354537328232688,1.5,2.0,2.0,0.0,0.0,0.4955106152664797,0.1350614931535953,0.0,-0.1423686188473956,0.0,0.0,0.4641630654510255,0.0,0.0,0.1303584970617939,0.8090813635412414,5
615307,0.8889555138569827,0.1661047583479931,-1.0,-0.5,-0.5,0.0,0.0,0.1216076941696255,1.491976942010319,0.0,0.0269891667947226,0.0,0.0,0.4641630654510255,0.0,0.0,-0.019475079259349,-1.3962524267646093,0
615489,-1.4957816090594478,0.6395543739241726,-0.5,0.5,0.0,2.0,1.3333333333333333,-1.0654568244033888,0.9999999999999998,3.324542715787154,-1.7312471447788258,3.4424745961808574,0.6931471805599453,0.4641630654510255,2.6303167041658844,0.0,-5.009979129451652,1.139202048316803,6
615544,1.1927212226224904,0.2600828618709601,-1.0,-0.5,-1.0,0.0,0.0,-5.01837906474446,0.69823228777992,0.0,-1.7312471447788258,-5.8849491923617165,0.0,-1.945257774202184,4.496556105601924,0.0,-5.009979129451652,-1.4757691464039708,4
615674,-1.3383503577591738,-2.075679036505512,-1.0,-1.0,-0.5,0.0,0.0,-0.8605992018306694,-0.658683161076804,-3.801784016923932,0.5412403216331251,0.0,0.0,-1.945257774202184,0.0,3.10628371950539,-0.4765134826468863,-5.846818380501243,3
615749,1.3333911260388305,0.8370626750721992,0.5,1.0,1.0,0.0,0.0,0.6066589302734565,-0.658683161076804,0.6460181545591593,-0.702744835102021,1.0,0.0,0.4641630654510255,0.0,0.0,-0.0277202496837168,0.6324207043015981,5
615783,-0.1257925380823218,-0.6123631726854253,-1.0,-0.5,-0.5,0.0,0.0,-0.8852023629859997,0.69823228777992,0.0,0.0269891667947226,0.0,0.0,0.4641630654510255,0.0,0.0,-0.8503903849462744,-1.4217366403645446,0
615881,0.4457212106862503,-0.3548111444861987,-1.5,-1.0,-1.0,0.0,0.0,-5.01837906474446,-0.658683161076804,-3.801784016923932,-1.7312471447788258,-5.8849491923617165,0.0,-1.945257774202184,0.0,0.0,,,1
615922,-0.0775702850809607,-0.9565486648353788,-0.5,-0.5,-0.5,1.5,0.0,-1.6890674118284184,-0.658683161076804,-1.577882931182386,0.7367495369393785,0.0,0.0,-1.945257774202184,2.6303167041658844,1.8170594925112875,-1.039053418473714,-0.2454064869562465,0
616086,0.3171634001389338,-0.5231327642549591,-1.5,-1.0,-1.0,0.0,0.0,-5.01837906474446,-0.658683161076804,-3.801784016923932,-1.7312471447788258,-5.8849491923617165,0.0,-1.945257774202184,0.0,0.0,,,1
616125,-1.3177380117458093,-1.9470124225188288,-1.0,-0.5,-0.5,0.0,0.0,-1.8298269170244128,0.69823228777992,2.2239010857415447,-0.3378778341536493,3.4424745961808574,0.0,0.4641630654510255,0.0,0.0,-1.4367501925763484,-0.934040950714784,6
616222,-0.0798371356929646,-0.0173189290703666,-0.5,0.0,0.0,1.5,2.0,0.0108444019977208,0.1350614931535953,1.223901085741545,-0.3378778341536493,1.8945304820059297,0.0,0.4641630654510255,0.0,0.0,-0.1636601187888628,0.5422317905522873,6
616461,0.7626352326619225,0.1175719885109969,-0.5,0.0,-0.5,0.0,0.0,-0.2980426846663403,0.1350614931535953,0.0,0.0269891667947226,0.0,0.0,-0.5358369345489745,2.6303167041658844,0.0,-0.365482539453199,-0.4372249536912335,0
616470,-0.1055405830405939,-0.4798342762580817,-0.5,0.0,0.0,0.0,0.0,-0.2615345163169901,0.1350614931535953,0.0,-0.3378778341536493,0.0,0.0,0.4641630654510255,0.0,0.0,-0.616102195601344,0.1683747922929526,0
616491,-0.4250134860580404,0.3205839652723227,0.0,0.5,0.5,0.0,0.0,0.7859210987041526,-0.0955123664504794,0.0,0.0269891667947226,0.0,0.0,0.4641630654510255,0.0,0.0,0.5277650535882804,-0.9276371526044626,5
616518,-0.1958240328939725,0.0,-0.5,0.0,0.0,0.0,0.0,-0.8666829712529469,0.69823228777992,0.0,-0.5691161559187239,0.0,0.0,0.4641630654510255,0.0,0.0,-1.1983103710872367,-0.2104658201087933,0
616692,0.5614535425048608,0.0,-1.0,-0.5,-1.0,3.0,0.0,-5.01837906474446,0.69823228777992,0.0,-1.7312471447788258,-5.8849491923617165,0.0,-1.945257774202184,4.496556105601924,0.0,-5.009979129451652,-0.4836356356965507,4
616715,2.062589777898741,0.8605538768015021,-1.0,-0.5,-0.5,0.0,0.0,-0.9105455787791988,0.69823228777992,0.0,-0.3378778341536493,0.0,0.0,0.4641630654510255,0.0,0.0,-1.1516091974050735,-1.5921258158836724,0
616718,0.0056834519327694,2.227486627646236,0.5,1.5,1.5,1.2000000000000002,0.8,0.7216920422520017,-0.658683161076804,0.5227586988632229,0.0888697029176791,0.8092012510390698,0.4054651081081644,0.8735839051042346,0.0,0.0,0.5671752903172779,1.049139855553077,5
616734,0.6914440300891984,-0.0879858281037825,-1.5,-1.0,-1.0,0.0,0.0,-5.01837906474446,-0.658683161076804,-3.801784016923932,-1.7312471447788258,-5.8849491923617165,0.0,-1.945257774202184,0.0,0.0,,,1
616752,0.1436627282423817,-0.3751629211508731,-0.5,-0.5,0.0,1.5,0.0,0.3430982628437193,0.1350614931535953,-1.577882931182386,0.7367495369393785,0.0,0.0,-0.5358369345489745,0.0,1.8170594925112875,0.5334004738658452,0.0849557822746261,2
616789,0.7591735747391822,0.1978772796996186,-0.5,-0.5,-0.5,0.0,2.0,-1.2849798995769686,0.1350614931535953,0.0,0.9061073225814968,0.0,0.0,-1.945257774202184,2.6303167041658844,1.8170594925112875,-0.7080253256625849,-0.3040878011209031,0
616795,1.1073259936495492,1.0720751208824848,0.5,0.5,1.0,1.5,0.0,0.0151433827745718,-0.2218539557031286,-0.7323949782604657,0.0269891667947226,0.0,0.0,0.0,0.0,1.0,-0.1930315176805254,0.0465414434712094,5
616802,-0.2967009531759736,1.3321579827534449,0.5,1.5,0.5,0.6000000000000001,1.6,-0.0379512433783162,0.4919769420103195,1.0,-0.5691161559187239,0.0,0.4054651081081644,0.0,2.6303167041658844,0.0,-0.5416978654824055,1.2601492866283477,5
616950,-0.0895036595157378,-0.7292238865448002,-1.0,-0.5,-0.5,0.0,0.0,-0.1902061302045683,0.69823228777992,0.0,-1.7312471447788258,0.0,0.0,0.4641630654510255,0.0,0.0,-5.009979129451652,-1.253253824355434,0
616992,0.5489605680402272,1.3880635545546636,0.0,1.0,0.0,0.75,1.0,0.1216076941696255,0.1350614931535953,0.0,0.0269891667947226,0.0,0.5108256237659907,-0.1695975135107168,3.313807142066604,0.0,-0.019475079259349,1.2295220242960203,5
617052,0.1174693961272293,0.1011544248762458,0.0,0.5,0.5,1.0,1.3333333333333333,0.1748201553303297,0.341316838923196,0.8454879529219202,-0.3378778341536493,1.3087681003312956,0.0,0.4641630654510255,0.0,0.0,-0.2162166465371115,0.0965074812686761,6
617125,0.2091917657546151,-0.1425108733599631,0.0,0.5,0.0,0.0,0.0,-0.4852861384835237,0.341316838923196,0.0,-1.2169959899404237,0.0,0.0,-0.1695975135107168,1.8662394014360388,0.0,-1.707946361808311,0.2231034707496168,0
617199,-1.047373323359886,-0.3146618177495106,1.0,0.5,1.5,0.6000000000000001,0.0,0.7755505258911795,0.0,-0.5778829311823854,0.9978315745387792,0.8092012510390698,0.0,-0.311497195240441,0.0,1.5078734502500786,1.568180682752778,0.2665314146688718,5
617402,0.1245595341394708,2.030199053421311,0.5,1.5,1.5,1.2000000000000002,1.6,0.7336570486099938,-0.30176771222008,1.0,-0.8521289889920516,1.5479441141749286,0.4054651081081644,0.8735839051042346,0.0,0.0,-0.1784514001887755,0.9809050142652114,5
617407,1.2215698895758451,0.6135758138503429,-0.5,0.0,0.0,1.5,0.0,-0.5540253053593464,-0.658683161076804,1.223901085741545,0.0269891667947226,1.8945304820059297,0.0,0.4641630654510255,0.0,0.0,-0.1963731515532157,0.7603274538230014,6
617458,0.855279291361829,0.1011544248762458,0.0,0.5,0.0,0.0,0.0,-0.329723047939766,0.341316838923196,0.0,-0.1423686188473956,0.0,0.0,-0.1695975135107168,1.8662394014360388,0.0,-0.5318468881445914,-1.1475137366405948,0
617506,-0.4610524834036274,-0.658368006199544,-0.5,0.0,0.0,0.0,0.0,0.0321232703090544,0.69823228777992,2.2239010857415447,0.6427584400467276,3.4424745961808574,0.0,0.4641630654510255,0.0,0.0,0.3739824858684202,0.5727597741944295,6
617606,0.2217970508408211,-0.658368006199544,-1.5,-1.0,-1.0,0.0,0.0,-5.01837906474446,-0.658683161076804,-3.801784016923932,-1.7312471447788258,-5.8849491923617165,0.0,-1.945257774202184,0.0,0.0,,,1
617743,-0.1921956818600621,-0.5451046085908845,-0.5,-0.5,0.0,1.5,0.0,-0.0176466848663658,0.1350614931535953,-1.577882931182386,0.7367495369393785,0.0,0.0,-0.5358369345489745,0.0,1.8170594925112875,0.2808887522383382,-0.5812859024794019,2
617878,0.527941657480414,0.728145423941257,1.5,2.0,2.0,0.4999999999999998,0.6666666666666664,0.8154013153707291,0.5278974945717202,0.4390194395059628,-0.1423686188473956,0.6795775573916313,0.0,0.4641630654510255,0.0,0.0,0.1161325159220759,1.076406666071922,5
617964,0.392412414584765,-0.5013773948113078,-1.0,-1.0,-0.5,3.0,4.0,-1.5545633058487074,-0.658683161076804,-3.801784016923932,0.0269891667947226,0.0,0.0,-1.945257774202184,0.0,3.10628371950539,-1.4407698425961968,-5.846818380501243,3
617990,-0.3000679252049955,-1.332697148215006,-1.5,-1.0,-1.0,0.0,0.0,-5.01837906474446,-0.658683161076804,-3.801784016923932,-1.7312471447788258,-5.8849491923617165,0.0,-1.945257774202184,0.0,0.0,,,1
617994,-0.1871284110521461,0.0171841500464987,0.0,0.0,0.5,1.0,1.3333333333333333,-0.0753024401469103,0.341316838923196,0.0,0.7367495369393785,1.3087681003312956,0.0,-0.1695975135107168,0.0,1.2892242269941023,0.3577241862956851,-1.1643632495397147,2
618063,0.0597056964318799,1.8586057936254248,0.5,1.5,1.5,0.6000000000000001,0.8,0.6192406901010498,0.4919769420103195,0.0,0.2582274885597975,0.0,0.4054651081081644,0.8735839051042346,0.0,0.0,0.5363850794816345,0.5269047024397403,5
618088,1.242431687727806,0.8488395143843301,0.5,1.0,1.0,0.75,1.0,0.7772270971665839,0.1350614931535953,2.2239010857415447,-0.0548650010803214,3.4424745961808574,0.0,0.4641630654510255,0.0,0.0,1.113828253353354,0.8809981538506757,6
618157,0.4545574339541638,1.3321579827534449,0.0,1.0,1.0,0.75,2.0,0.790999148900813,1.3216421488021193,2.2239010857415447,0.8658404674405767,3.4424745961808574,0.5108256237659907,1.0,0.0,0.0,1.3237331685826432,-0.5758784496983739,6
618181,-0.8184433819773189,-0.8526164401574539,-0.5,0.0,0.0,0.0,0.0,0.149612340213055,-0.658683161076804,0.0,-0.3378778341536493,0.0,0.0,0.4641630654510255,0.0,0.0,-0.2507023748528758,-1.332784006058641,0
618201,0.0188745369659033,-0.7053517390478198,-0.5,0.0,-0.5,1.5,0.0,-0.5129147908767582,-0.658683161076804,1.223901085741545,-0.3378778341536493,3.4424745961808574,0.0,-0.5358369345489745,2.6303167041658844,0.0,-0.3436019862625545,0.6430115122104331,6
618230,0.7853388953822347,0.0342356026297282,-1.5,-1.0,-1.0,0.0,0.0,-5.01837906474446,-0.658683161076804,-3.801784016923932,-1.7312471447788258,-5.8849491923617165,0.0,-1.945257774202184,0.0,0.0,,,1
618266,0.5943448012581543,0.5606834135017086,-0.5,0.5,0.0,1.0,2.6666666666666665,-0.0402378076159011,0.69823228777992,1.577882931182386,0.0269891667947226,0.0,0.6931471805599453,0.4641630654510255,2.6303167041658844,0.0,-0.2258659876659005,0.3994230443973204,5
618308,-0.2145365703100133,0.3502240363019069,-0.5,0.0,0.0,1.5,2.0,0.1992956887355739,0.69823228777992,0.0,-0.5691161559187239,0.0,0.0,0.4641630654510255,0.0,0.0,-1.032310535321271,-0.6744452836096865,0
618343,0.2625955849182689,-0.1796235475848035,-1.0,-1.0,-0.5,0.0,0.0,-1.236261221399383,-0.658683161076804,-3.801784016923932,0.7367495369393785,3.4424745961808574,0.0,-1.945257774202184,0.0,3.10628371950539,-0.1817889340748489,-5.846818380501243,3
618392,0.544776638629751,0.0511563914573724,-0.5,-0.5,-0.5,0.0,0.0,-1.4881826638675812,0.1350614931535953,-1.577882931182386,1.189120155654825,0.0,0.0,-1.945257774202184,2.6303167041658844,1.8170594925112875,-0.5907976648530034,-0.8081938367554174,2
618418,-0.4958299315963542,0.6906121893614907,1.0,1.5,1.5,0.6000000000000001,0.8,0.6266092325664143,0.0,0.0,0.0888697029176791,0.0,0.0,0.4641630654510255,0.0,0.0,0.4941443544887967,0.4554881696452441,5
618429,0.1837095895664544,0.6395543739241726,0.0,0.5,0.5,0.0,1.3333333333333333,0.0021800747076538,0.69823228777992,0.0,0.0269891667947226,0.0,0.0,0.4641630654510255,0.0,0.0,-0.069060950890186,0.1809480948729714,5
618535,-1.0168382925164503,-0.2173706571356206,0.0,0.5,0.5,0.0,0.0,0.1888931071699577,0.69823228777992,1.577882931182386,1.0076254409950998,2.4424745961808583,0.0,0.4641630654510255,0.0,0.0,1.4221037184389038,0.5103183280814114,6
618642,0.4353564122054657,-0.4164379946042029,-0.5,0.0,-1.0,0.0,0.0,-5.01837906474446,0.69823228777992,0.0,-1.7312471447788258,-5.8849491923617165,0.0,-1.945257774202184,4.496556105601924,0.0,-5.009979129451652,0.7669909954248186,4
618664,0.1164542047801245,-0.4584993070321419,-1.0,-1.0,-0.5,0.0,4.0,-1.0350896314257456,-0.658683161076804,-3.801784016923932,-0.3378778341536493,5.8849491923617165,0.0,-1.945257774202184,0.0,3.10628371950539,-0.567756316438193,-5.846818380501243,3
618759,-0.4512398771539826,-0.658368006199544,-0.5,-0.5,-0.5,0.0,2.0,-0.7797400984355424,0.1350614931535953,-1.577882931182386,1.8621156500681413,0.0,0.0,-1.945257774202184,2.6303167041658844,1.8170594925112875,0.360730554544047,-1.7718731488088524,2
618780,0.009084813738509,0.0342356026297282,0.0,0.5,0.5,0.0,0.0,0.2559342894747026,0.341316838923196,0.0,0.0269891667947226,0.0,0.0,0.4641630654510255,0.0,0.0,-0.044198616820076,0.1085150872454743,5
618815,0.2084687544629675,-0.589715259924501,-1.0,-1.0,-0.5,0.0,0.0,-1.0969594992736968,-0.658683161076804,-3.801784016923932,1.055491476471528,0.0,0.0,-1.945257774202184,0.0,3.10628371950539,-0.3469236102748136,-5.846818380501243,3
618881,0.2541581476087982,0.3794715120532125,0.0,0.5,0.0,0.0,0.0,0.0,0.69823228777992,1.577882931182386,-0.5691161559187239,3.4424745961808574,0.0,-0.1695975135107168,1.8662394014360388,0.0,-0.5104443345095271,0.733772322253124,6
619079,1.746292779589279,2.67059805263695,0.5,1.5,1.5,0.6000000000000001,0.8,0.3254823235723821,0.2614030824062447,0.0,0.3597456069733999,0.0,0.4054651081081644,0.8735839051042346,0.0,0.0,0.3004688393102263,0.4730920442902407,5
619109,-0.3887462752932755,-0.7292238865448002,-1.0,-0.5,-0.5,0.0,0.0,-1.4266518016184342,-0.658683161076804,0.0,0.7367495369393785,0.0,0.0,0.4641630654510255,0.0,0.0,-0.8200919281761833,-2.1341593897776545,0
619218,0.3841343505238492,-0.1796235475848035,-1.0,-0.5,-0.5,0.0,0.0,-0.5972449533698806,-0.658683161076804,0.0,0.0269891667947226,0.0,0.0,0.4641630654510255,0.0,0.0,-0.6124302310451738,-0.2448308401114161,0
619321,-1.3732449421243034,0.4083366568994223,2.0,2.0,2.5,0.8571428571428571,1.1428571428571428,0.9974873427380958,0.0395491267031159,-0.4064685134159581,-0.222498382100976,0.0,0.0,0.2065593450588091,0.0,0.598410269255311,0.498818300087591,0.2362932785166448,5
619362,1.276049294780523,0.8133188749341947,0.5,1.0,1.0,0.0,0.0,0.271893069636307,0.1350614931535953,0.6460181545591593,-0.2363597157400465,1.0,0.0,0.4641630654510255,0.0,0.0,0.1493340022202379,0.9797275432219325,5
619432,-0.9250648120180158,-0.5013773948113078,0.5,0.5,0.5,0.75,2.0,0.0279102695096463,0.4368292053736752,0.0,0.9061073225814968,0.0,0.0,-0.5358369345489745,1.4475677406305645,1.0,0.5509268820290482,0.2364364949790306,5
619520,-0.8782284189293434,-0.9565486648353788,-0.5,0.0,0.0,0.0,0.0,-0.6665386437303178,0.1350614931535953,1.223901085741545,-0.8521289889920516,1.8945304820059297,0.0,0.4641630654510255,0.0,0.0,-1.2184935582217804,-0.1647756458262823,6
619615,-1.38562183690435,0.0511563914573724,0.5,1.0,1.0,0.0,0.0,0.6328124390213116,-0.2218539557031286,0.0,-0.5691161559187239,0.0,0.0,0.4641630654510255,0.0,0.0,0.108695006401557,0.4141997417071101,5
619918,-0.0414667211880572,-0.1060116599355281,0.0,0.5,0.0,1.0,0.0,-0.6665386437303178,0.341316838923196,0.0,-1.2169959899404237,0.0,0.0,-0.1695975135107168,1.8662394014360388,0.0,-1.7570562745470026,0.0380908642172946,0
619938,-0.1985501688296633,-0.6352457830218333,-1.5,-1.0,-1.0,0.0,0.0,-5.01837906474446,-0.658683161076804,-3.801784016923932,-1.7312471447788258,-5.8849491923617165,0.0,-1.945257774202184,0.0,0.0,,,1
619971,0.0097319542861672,-0.9301034129840848,-1.0,-1.0,-0.5,0.0,0.0,-0.8666829712529469,-0.658683161076804,-3.801784016923932,-0.3378778341536493,0.0,0.0,-1.945257774202184,0.0,3.10628371950539,-1.1153792121063957,-5.846818380501243,3
619983,0.8041399565933652,-0.2557742709686207,-1.0,-1.0,-0.5,0.0,0.0,-0.1984534887515583,-0.658683161076804,-3.801784016923932,-0.3378778341536493,0.0,0.0,-1.945257774202184,0.0,3.10628371950539,-0.5641032941643811,-5.846818380501243,3
619988,-0.0403016983759318,-0.983314472996574,-1.5,-1.0,-1.0,0.0,0.0,-5.01837906474446,-0.658683161076804,-3.801784016923932,-1.7312471447788258,-5.8849491923617165,0.0,-1.945257774202184,0.0,0.0,,,1
620033,-0.4575417544222087,0.7772174909202333,-1.0,0.0,0.0,1.5,2.0,-0.0471349681280216,0.69823228777992,2.2239010857415447,1.6158676927261533,0.0,1.0986122886681096,1.8735839051042344,0.0,0.0,0.8576855653788371,-0.0641029233739113,5
620274,0.7314861141419434,0.8252226888668068,0.0,0.5,0.5,2.0,0.0,0.2734724485513264,0.341316838923196,0.0,-0.3378778341536493,0.0,0.0,0.4641630654510255,0.0,0.0,-0.2420619180417934,0.2595315210932009,5
620300,-0.877162026094303,-0.7777566563817965,0.0,0.5,0.5,0.0,0.0,-0.2409464455532194,0.341316838923196,0.8454879529219202,-1.0833673107571262,1.3087681003312956,0.0,0.4641630654510255,0.0,0.0,-1.2184935582217804,0.482638894916175,6
620382,0.3351659373351822,-0.4164379946042029,-0.5,-0.5,0.0,1.5,2.0,-0.3362046060884055,-0.658683161076804,-1.577882931182386,0.4308838440812761,1.8945304820059297,0.0,-0.5358369345489745,0.0,1.8170594925112875,-0.1148378458496015,-1.4067199655001938,2
620394,0.1768521400691931,0.0171841500464987,-0.5,-0.5,0.0,1.5,0.0,0.5483738409827771,0.69823228777992,-1.577882931182386,0.0269891667947226,1.8945304820059297,0.0,-0.5358369345489745,0.0,1.8170594925112875,0.6053093080822636,-1.050452075841984,2
620453,0.1496528762928882,-0.2173706571356206,-1.0,-0.5,-0.5,0.0,4.0,-1.1213843515923745,0.69823228777992,2.2239010857415447,-0.3378778341536493,3.4424745961808574,0.0,0.4641630654510255,0.0,0.0,-0.9198232461047436,-0.3574753311103091,6
620690,-0.093499335471865,-0.7777566563817965,-0.5,-0.5,-0.5,0.0,2.0,-1.2457822086274737,0.69823228777992,-1.577882931182386,1.189120155654825,0.0,0.0,-1.945257774202184,2.6303167041658844,1.8170594925112875,-0.4619173984842617,-0.6821173693738156,2
620719,-0.2511580164673824,-1.209990462642304,-1.0,-1.0,-0.5,0.0,0.0,-0.8728109866596636,-0.658683161076804,-3.801784016923932,1.189120155654825,0.0,0.0,-1.945257774202184,0.0,3.10628371950539,-0.0795099949117966,-5.846818380501243,3
620884,-0.6751709574862931,1.924525677996112,0.5,1.5,1.0,0.6000000000000001,1.6,0.3688503033154463,-0.30176771222008,0.0,-0.4482343117054982,0.0,0.4054651081081644,0.4641630654510255,1.4475677406305645,0.0,-0.1910342401980969,-0.0645880404052436,5
620972,1.0261554402488011,0.6524299330683321,0.0,0.5,0.5,0.0,1.3333333333333333,0.5483738409827771,-0.0955123664504794,0.8454879529219202,-0.4872619880436798,1.3087681003312956,0.0,0.4641630654510255,0.0,0.0,-0.1850766959793594,0.0327393626484848,5
620991,0.3092096151784352,-0.3957040193861091,-0.5,-0.5,0.0,0.0,0.0,-0.3830276740076228,0.1350614931535953,-1.577882931182386,-0.1423686188473956,0.0,0.0,-0.5358369345489745,0.0,1.8170594925112875,-0.4665508444978963,-0.3798052690487028,2
621072,-0.6625297851648912,-1.3644696695666334,-1.0,-0.5,-0.5,0.0,0.0,-1.2268466161428315,-0.658683161076804,0.0,0.3100019998680502,0.0,0.0,0.4641630654510255,0.0,0.0,-0.9344295135155068,-0.6147113172020987,0
621081,-0.2006733934858729,0.2600828618709601,0.0,0.5,0.5,2.0,0.0,-0.0681718046055054,0.341316838923196,0.0,-0.4872619880436798,0.0,0.0,0.4641630654510255,0.0,0.0,-0.4825605066110255,0.3648363056629394,5
621085,-0.4908198374041411,-1.2704915660436666,-1.0,-1.0,-0.5,0.0,0.0,-1.0889727247412972,-0.658683161076804,-3.801784016923932,0.9061073225814968,0.0,0.0,-1.945257774202184,0.0,3.10628371950539,-0.4327674489793793,-5.846818380501243,3
621113,0.4412865586609458,0.6395543739241726,-1.5,-1.0,-1.0,0.0,0.0,-5.01837906474446,-0.658683161076804,-3.801784016923932,-1.7312471447788258,-5.8849491923617165,0.0,-1.945257774202184,0.0,0.0,,,1
621150,0.0141746739074179,-0.9039711300422292,-1.5,-1.0,-1.0,0.0,0.0,-5.01837906474446,-0.658683161076804,-3.801784016923932,-1.7312471447788258,-5.8849491923617165,0.0,-1.945257774202184,0.0,0.0,,,1
621291,-1.7881629560200667,0.5337543951599557,1.0,1.0,1.0,0.0,0.0,0.6521599593579435,-0.30176771222008,1.4390194395059634,0.6427584400467276,3.4424745961808574,0.0,-0.311497195240441,1.18274896353532,0.8170594925112873,0.7990157330380965,0.5075140321356565,6
621552,0.0576075541755864,-0.983314472996574,-1.5,-1.0,-1.0,0.0,0.0,-5.01837906474446,-0.658683161076804,-3.801784016923932,-1.7312471447788258,-5.8849491923617165,0.0,-1.945257774202184,0.0,0.0,,,1
621607,-0.5622808585622875,-0.589715259924501,-0.5,0.0,0.0,1.5,0.0,-0.3200932470737037,-0.658683161076804,0.0,0.1763733206847534,0.0,0.0,0.4641630654510255,0.0,0.0,-0.1694357090340617,-0.7639035765523414,0
621665,-0.6975118459362443,2.195805278785254,1.0,2.0,1.5,1.0,1.3333333333333333,0.5608067727257102,0.5278974945717202,1.223901085741545,-0.4253814519207233,1.5479441141749286,0.3364722366212129,0.4641630654510255,1.18274896353532,0.0,0.0478522709943168,0.7436799568066395,5
621811,0.5970584415315129,0.4226289536358835,-0.5,0.0,-0.5,0.0,0.0,-0.7212397496919792,-0.658683161076804,0.0,0.0269891667947226,0.0,0.0,-0.5358369345489745,2.6303167041658844,0.0,-0.7148547057019231,-0.2781168720401396,0
621849,0.7314861141419434,0.2600828618709601,0.0,0.5,0.5,1.0,0.0,0.0830818683322752,-0.0955123664504794,0.8454879529219202,-0.2042491549703521,1.3087681003312956,0.0,0.4641630654510255,0.0,0.0,0.0956282688433991,0.0288253741586137,6
621922,1.056918626685512,0.3939512500814855,-1.0,-0.5,-0.5,0.0,0.0,-1.1465384107107497,-0.658683161076804,0.0,0.0269891667947226,0.0,0.0,0.4641630654510255,0.0,0.0,-1.0667004435983274,-1.088239151692149,0
622149,0.0097319542861672,-0.5231327642549591,-1.0,-0.5,-0.5,3.0,0.0,-0.7687971082062188,-0.658683161076804,0.0,-0.8521289889920516,0.0,0.0,0.4641630654510255,0.0,0.0,-1.5129302552949675,-0.7165524762995903,0
622248,-0.1095725421238259,-0.0701059560259865,0.5,0.5,0.5,0.75,0.0,-0.1659376186237856,0.4368292053736752,-0.7323949782604657,0.60981374613042,0.0,0.0,-0.5358369345489745,1.4475677406305645,1.0,0.0539490569260175,0.0083579749892975,2
622293,-1.638824847510617,-0.2557742709686207,0.0,0.5,-0.5,2.0,0.0,-0.4473248357301356,0.341316838923196,1.577882931182386,0.0269891667947226,3.4424745961808574,0.0,-0.9452577742021836,3.313807142066604,0.0,-0.0085517937583615,1.0799020075015495,6
622343,0.4799366483437237,1.7284517076142454,-0.5,0.5,0.0,1.0,1.3333333333333333,-0.3761772427418038,0.69823228777992,0.0,-0.3378778341536493,0.0,0.6931471805599453,0.4641630654510255,2.6303167041658844,0.0,-0.7106224177712694,-0.0939305390093836,0
622418,-0.8112381907025247,1.6481464164256237,-0.5,0.5,0.5,2.0,1.3333333333333333,-0.1527511459868734,0.341316838923196,0.0,-0.8521289889920516,0.0,0.6931471805599453,1.2398233261424922,0.0,0.0,-1.0059761923680617,1.1866432694593194,5
622464,-0.0815391743602634,-0.3548111444861987,-0.5,0.0,-0.5,0.0,0.0,-0.97745360289212,1.1350614931535954,0.0,-1.7312471447788258,0.0,0.0,-0.5358369345489745,2.6303167041658844,0.0,-5.009979129451652,-0.2779922244783781,0
622708,-0.976924765317542,0.3648961975046188,0.5,0.0,1.0,0.75,1.0,0.0425645241694755,-0.2218539557031286,-1.577882931182386,0.6427584400467276,0.0,0.0,-0.5358369345489745,0.0,1.8170594925112875,0.378149103775768,-0.3394038979028214,2
622813,-0.0229174433043562,-0.0347747680912913,0.5,1.0,0.5,0.0,0.0,-0.0221167134106914,0.4368292053736752,1.223901085741545,-0.4872619880436798,0.0,0.0,0.0,1.4475677406305645,0.0,-0.6247464995542701,0.3416031353501988,5
623043,-2.168971442845178,-0.4373685033222146,0.5,1.0,1.0,0.0,0.0,0.2314146620134179,0.4368292053736752,0.6460181545591593,-0.8521289889920516,1.0,0.0,0.4641630654510255,0.0,0.0,-0.9641932109673138,0.7134061916180463,6
623077,0.6226333184889516,-0.0523696989290143,0.5,0.0,1.0,0.75,0.0,0.6097664505838151,-0.2218539557031286,-1.577882931182386,0.6427584400467276,0.0,0.0,-0.5358369345489745,0.0,1.8170594925112875,0.565806320025856,-0.3233225879346648,2
623087,0.904531219885692,0.7893169849572652,0.0,0.5,0.5,0.0,0.0,0.6129363817310958,-0.658683161076804,0.0,-0.0833673107571263,0.0,0.0,0.4641630654510255,0.0,0.0,0.4114444588608794,0.180977204791254,5
623142,1.376744602790429,0.6652308508706292,-0.5,0.0,-0.5,1.5,0.0,-0.716117555167371,0.1350614931535953,1.223901085741545,-0.3378778341536493,0.0,0.0,-0.5358369345489745,2.6303167041658844,0.0,-0.991064054483224,0.5049742949859538,0
623417,0.0394074502006405,-0.8781444948462946,-1.5,-1.0,-1.0,0.0,0.0,-5.01837906474446,-0.658683161076804,-3.801784016923932,-1.7312471447788258,-5.8849491923617165,0.0,-1.945257774202184,0.0,0.0,,,1
623691,0.6516056346491547,0.1500453992945883,-1.0,-0.5,-0.5,0.0,4.0,-1.1380700137562842,-0.658683161076804,0.0,1.055491476471528,0.0,0.0,0.4641630654510255,0.0,0.0,-0.4540040469921796,-0.5881072298631015,0
623750,1.2219513904286503,0.5064929114075749,-0.5,0.0,0.0,0.0,0.0,-0.0243606518992428,-0.658683161076804,0.0,0.5412403216331251,0.0,0.0,0.4641630654510255,0.0,0.0,0.2259208632412611,-0.1315416116801804,5
623815,0.2222994061583828,-0.1425108733599631,0.0,0.5,0.5,1.0,0.0,0.036315310818796,-0.0955123664504794,0.0,-0.4872619880436798,0.0,0.0,0.4641630654510255,0.0,0.0,-0.6087776096755729,-0.1158151594434832,0
623850,0.0743236984031695,0.6266032978723975,1.0,1.5,1.5,0.0,0.8,0.7481537228230543,-0.30176771222008,0.0,0.3597456069733999,0.0,0.0,0.4641630654510255,0.0,0.0,0.7488383860744889,0.1123489111024937,5
623935,1.2488842914224925,1.0826657989148842,-0.5,-0.5,-0.5,0.0,0.0,-1.190206130204569,0.1350614931535953,0.0,1.055491476471528,5.8849491923617165,0.0,-1.945257774202184,2.6303167041658844,1.8170594925112875,0.3368035283878167,0.4926206152799864,6
623941,-0.2967009531759736,-0.3548111444861987,0.5,0.5,0.5,0.75,0.0,0.5039547644359539,0.69823228777992,0.6460181545591593,0.3100019998680502,0.0,0.0,-0.5358369345489745,1.4475677406305645,1.0,0.6848906966119428,-0.3960247643447141,5
623949,-0.5695876807950593,-0.3146618177495106,0.0,0.5,0.5,1.0,0.0,0.1941104514213306,0.341316838923196,0.0,0.4687463394429643,0.0,0.0,0.4641630654510255,0.0,0.0,0.2149028185954418,-1.127440600227648,2
623972,1.4044963738702527,0.6652308508706292,0.0,0.5,0.5,0.0,0.0,0.3575020051174422,0.341316838923196,0.8454879529219202,-0.3378778341536493,1.3087681003312956,0.0,0.4641630654510255,0.0,0.0,-0.082914523944089,0.4061450540704543,6
624198,-0.0171602998082552,-0.1796235475848035,0.0,0.5,0.5,0.0,0.0,-0.4253427611106056,0.341316838923196,0.8454879529219202,0.222498382100976,1.3087681003312956,0.0,0.4641630654510255,0.0,0.0,-0.4927575681277693,0.765954273196006,6
624215,0.268897462186495,0.963277148732632,0.5,1.0,1.0,0.75,0.0,0.3225101920799487,0.4368292053736752,0.6460181545591593,-0.8521289889920516,1.0,0.0,0.4641630654510255,0.0,0.0,-0.4299468850091401,0.4176805925682283,5
624258,0.2456804359829873,-0.1796235475848035,-1.0,-0.5,-0.5,0.0,0.0,-0.2645171686507984,-0.658683161076804,0.0,0.0269891667947226,0.0,0.0,0.4641630654510255,0.0,0.0,-0.3378271595386746,-0.6746635311479293,0
624497,-0.4173164980055799,2.8955157592915794,0.0,1.0,1.5,1.2000000000000002,1.6,0.4942973704140114,0.0,0.0,0.1478710110079485,1.5479441141749286,0.8472978603872036,1.0,0.0,1.2892242269941023,0.3775052081951455,0.5684088493279988,5
624593,-0.1055405830405939,0.7772174909202333,-0.5,0.0,0.0,0.0,0.0,-0.6959345925001316,0.69823228777992,0.0,0.4308838440812761,0.0,0.0,0.4641630654510255,0.0,0.0,-0.4480073522622179,-0.3582555084338022,0
624636,-0.1770370361002985,-0.160989241751724,0.0,0.5,0.5,0.0,0.0,-0.0849048050881716,0.341316838923196,0.0,-0.2042491549703521,0.0,0.0,0.4641630654510255,0.0,0.0,-0.4169338655282932,0.5175293663728422,5
624762,-0.2967009531759736,-0.7777566563817965,-0.5,0.0,0.0,1.5,0.0,0.3059733857426701,0.69823228777992,1.223901085741545,0.0269891667947226,1.8945304820059297,0.0,0.4641630654510255,0.0,0.0,0.5013333552756157,-1.0214189478858966,6
624913,-0.0578577940088147,0.0511563914573724,0.0,0.5,0.5,1.0,1.3333333333333333,0.4595972385962305,0.69823228777992,0.0,-0.6566197736857983,0.0,0.0,0.4641630654510255,0.0,0.0,-0.3004068006216635,0.3008966836749003,5
625030,-1.6677047881090332,-0.3346452313910828,1.0,1.0,1.0,0.6000000000000001,0.8,0.8997765004876648,0.0,-0.5778829311823854,0.1763733206847534,0.0,0.0,-0.311497195240441,1.18274896353532,0.8170594925112873,0.6552957147418234,0.3783040366591723,5
625089,-0.8622993685384407,-0.2948576299622514,0.5,1.0,0.5,0.0,1.0,0.5763697186616068,0.1350614931535953,0.0,0.222498382100976,0.0,0.0,0.0,1.4475677406305645,0.0,0.4853528334724517,-0.0308964971419003,5
625398,0.1939463741786511,-0.2364889768829301,-0.5,0.0,0.0,0.0,2.0,0.3758661507138127,0.1350614931535953,0.0,0.7367495369393785,0.0,0.0,0.4641630654510255,0.0,0.0,0.6536735615601353,-0.2931576389475364,5
625400,0.1775390776965543,0.4649590448526473,0.0,0.5,0.5,0.0,0.0,0.7047733123907954,0.341316838923196,0.0,0.4687463394429643,0.0,0.0,0.4641630654510255,0.0,0.0,1.0277006500661277,-0.0193047348935092,5
625555,-0.23326288056001,1.4957996598233354,-0.5,0.0,0.0,1.0,1.3333333333333333,-0.9300661059658892,-0.658683161076804,-1.0,0.9061073225814968,0.0,0.6931471805599453,-0.5358369345489745,2.6303167041658844,1.8170594925112875,-0.3010297904987561,-0.3110298327798381,2
625597,-0.097504020851526,-0.589715259924501,-0.5,-0.5,-0.5,0.0,2.0,-1.514110814362828,0.1350614931535953,-1.577882931182386,1.189120155654825,3.4424745961808574,0.0,-1.945257774202184,2.6303167041658844,1.8170594925112875,-0.2450019808932409,-0.7984567547033743,2
625700,-0.6572236584230255,-1.6365860878501548,-1.5,-1.0,-1.0,0.0,0.0,-5.01837906474446,-0.658683161076804,-3.801784016923932,-1.7312471447788258,-5.8849491923617165,0.0,-1.945257774202184,0.0,0.0,,,1
625703,1.3162916947168604,0.7157050973079879,-0.5,0.0,0.0,0.0,0.0,-0.5129147908767582,0.1350614931535953,0.0,-0.5691161559187239,0.0,0.0,0.4641630654510255,0.0,0.0,-1.0413156967825026,-1.0772573269060906,0
625984,-0.5033716720723769,-0.5013773948113078,0.0,0.5,0.5,0.0,2.6666666666666665,-0.0448296358979986,0.341316838923196,0.8454879529219202,-0.0833673107571263,1.3087681003312956,0.0,0.4641630654510255,0.0,0.0,-0.3083921597401238,0.4164832358367553,6
626037,-0.2399524448277274,-1.0656153830619794,-1.5,-1.0,-1.0,0.0,0.0,-5.01837906474446,-0.658683161076804,-3.801784016923932,-1.7312471447788258,-5.8849491923617165,0.0,-1.945257774202184,0.0,0.0,,,1
626067,-0.3722901145563705,-1.3967060397040991,-1.5,-1.0,-1.0,0.0,0.0,-5.01837906474446,-0.658683161076804,-3.801784016923932,-1.7312471447788258,-5.8849491923617165,0.0,-1.945257774202184,0.0,0.0,,,1
626114,0.0477393366928746,-0.8781444948462946,-1.5,-1.0,-1.0,0.0,0.0,-5.01837906474446,-0.658683161076804,-3.801784016923932,-1.7312471447788258,-5.8849491923617165,0.0,-1.945257774202184,0.0,0.0,,,1
626249,0.1346394545746825,-0.8526164401574539,-1.5,-1.0,-1.0,0.0,0.0,-5.01837906474446,-0.658683161076804,-3.801784016923932,-1.7312471447788258,-5.8849491923617165,0.0,-1.945257774202184,0.0,0.0,,,1
626318,-0.9835150408322476,-0.658368006199544,0.0,0.0,0.0,0.0,2.6666666666666665,-0.3693820574906892,-0.0955123664504794,-1.0,0.1763733206847534,0.0,0.0,-0.9452577742021836,1.8662394014360388,1.2892242269941023,-0.2440684154344917,-1.2233249504696415,2
626329,0.4028140678197124,-0.0523696989290143,-1.0,-0.5,-0.5,0.0,0.0,-0.5373396431954355,0.69823228777992,0.0,-0.3378778341536493,0.0,0.0,0.4641630654510255,0.0,0.0,-0.8435420558294248,-1.4819839293603003,0
626519,0.6771160646935227,0.1978772796996186,0.0,0.5,0.0,1.0,0.0,-0.0154205319084055,-0.658683161076804,0.0,-0.1423686188473956,0.0,0.0,-0.1695975135107168,1.8662394014360388,0.0,-0.2557928159704914,-0.3589678721120183,0
626520,1.4352074078730392,0.7157050973079879,-0.5,0.0,0.0,0.0,0.0,0.1712648825262825,-0.658683161076804,1.223901085741545,-1.2169959899404237,1.8945304820059297,0.0,0.4641630654510255,0.0,0.0,-0.5483438047301712,-0.948661929559552,6
626558,-0.1390812353406652,-1.151102915861414,-1.5,-1.0,-1.0,0.0,0.0,-5.01837906474446,-0.658683161076804,-3.801784016923932,-1.7312471447788258,-5.8849491923617165,0.0,-1.945257774202184,0.0,0.0,,,1
626587,1.503239233299436,0.5606834135017086,-1.0,-1.0,-0.5,0.0,0.0,-1.3474231586715868,-0.658683161076804,-3.801784016923932,1.189120155654825,0.0,0.0,-1.945257774202184,0.0,3.10628371950539,-0.4735096323754785,-5.846818380501243,3
626645,1.015903883859674,0.5201657237419183,0.0,0.5,0.5,2.0,0.0,0.4684071602751417,0.341316838923196,2.2239010857415447,0.3918561677430946,3.4424745961808574,0.0,0.4641630654510255,0.0,0.0,1.0512389039817975,0.7741040694770327,6
626986,-0.2699925218508799,0.3205839652723227,1.5,2.0,2.0,0.0,0.0,0.9682534857232462,-0.3569154488567242,0.0,0.3515893126021746,0.0,0.0,0.4641630654510255,0.0,0.0,0.914345958924587,0.3468975790938499,5
627041,-0.5008541986340135,-0.2752294817283874,-0.5,0.0,-0.5,0.0,0.0,-1.514110814362828,-0.658683161076804,0.0,-0.3378778341536493,0.0,0.0,-0.5358369345489745,2.6303167041658844,0.0,-1.6510794523107517,-0.5087787313121466,0
627158,-1.0249297744542325,-0.8781444948462946,0.0,0.5,-0.5,0.0,1.3333333333333333,-0.8366940976961261,0.341316838923196,0.0,-0.8521289889920516,0.0,0.0,-0.9452577742021836,3.313807142066604,0.0,-1.5688037725215254,0.2348187975872118,0
627176,-0.0229174433043562,1.6563096498885643,0.0,0.5,1.0,0.75,1.0,0.6847425160005512,-0.2218539557031286,-1.577882931182386,0.4308838440812761,0.0,0.5108256237659907,0.4641630654510255,0.0,1.2892242269941023,0.8252965984602584,-1.4588337041664368,2
627436,1.097709012561032,0.8013505413698264,-0.5,0.0,0.0,0.0,0.0,-0.0995167042849277,0.1350614931535953,0.0,0.4308838440812761,0.0,0.0,0.4641630654510255,0.0,0.0,0.1869520361025657,-0.6807173023259668,0
627451,-0.5885158586668233,-0.8781444948462946,0.0,0.5,-0.5,1.0,0.0,-0.68110843160601,-0.0955123664504794,0.0,-0.3378778341536493,0.0,0.0,-0.9452577742021836,3.313807142066604,0.0,-0.9621687199333376,0.1279944287915373,0
627475,0.1474089376325529,-0.7777566563817965,-1.5,-1.0,-1.0,0.0,0.0,-5.01837906474446,-0.658683161076804,-3.801784016923932,-1.7312471447788258,-5.8849491923617165,0.0,-1.945257774202184,0.0,0.0,,,1
627518,-0.921417834939048,-0.5672972791819948,-1.0,-0.5,-0.5,3.0,0.0,-0.7420457056626178,0.69823228777992,0.0,0.0269891667947226,0.0,0.0,0.4641630654510255,0.0,0.0,-0.732047016676773,0.0322023612824225,0
627617,0.2376363799711459,-0.1241858541912811,-0.5,-0.5,0.0,1.5,0.0,-0.3427364093751474,-0.658683161076804,-1.577882931182386,0.0269891667947226,0.0,0.0,-0.5358369345489745,0.0,1.8170594925112875,-0.141027142382333,-1.1059845235524006,2
627729,0.3313910640472022,-0.4373685033222146,-1.5,-1.0,-1.0,0.0,0.0,-5.01837906474446,-0.658683161076804,-3.801784016923932,-1.7312471447788258,-5.8849491923617165,0.0,-1.945257774202184,0.0,0.0,,,1
627889,-1.0168382925164503,-1.1222377710152045,-0.5,-0.5,0.0,0.0,0.0,0.0384035359383385,0.1350614931535953,-1.577882931182386,0.4308838440812761,0.0,0.0,-0.5358369345489745,0.0,1.8170594925112875,0.1737220155843223,-1.7826419508499325,2
627893,0.9511217369537464,1.0614334032407846,0.0,0.0,0.5,1.0,0.0,0.3617755480288339,0.341316838923196,-1.0,0.0269891667947226,1.3087681003312956,0.0,-0.1695975135107168,0.0,1.2892242269941023,0.4834705021565851,-0.6216571915502905,2
627972,0.0714097072435058,-0.4164379946042029,0.0,0.0,0.5,0.0,1.3333333333333333,0.0172846759332341,-0.0955123664504794,-1.0,0.60981374613042,0.0,0.0,-0.1695975135107168,0.0,1.2892242269941023,0.4355329553171506,-0.7728066136644602,2
628023,0.9106780035332812,0.1011544248762458,0.0,0.5,0.0,0.0,0.0,0.2686143184063213,-0.0955123664504794,0.0,-0.8521289889920516,0.0,0.0,-0.1695975135107168,1.8662394014360388,0.0,-0.6592278208964616,0.4492304033868048,0
628033,0.2142446204098905,-0.0523696989290143,0.5,0.5,0.5,1.5,0.0,0.2591503178234521,-0.658683161076804,-0.7323949782604657,0.5412403216331251,2.4424745961808583,0.0,-0.5358369345489745,1.4475677406305645,1.0,1.352443967183463,0.1534590259979321,2
628570,-1.4747626984996354,0.1978772796996186,1.0,1.5,1.0,1.2000000000000002,0.0,0.3195275397461404,-0.30176771222008,0.5227586988632229,0.5412403216331251,1.0,0.0,0.0979236444127681,1.18274896353532,0.0,0.597464752802332,0.3318419779133555,5
628653,-0.1176640240616086,0.3939512500814855,0.0,0.5,0.0,0.0,1.3333333333333333,-0.0611010072704138,0.341316838923196,0.0,0.6427584400467276,0.0,0.0,-0.1695975135107168,1.8662394014360388,0.0,0.1143672724555796,0.0062259071226877,5
628671,-0.3329486850314062,-0.658368006199544,-0.5,0.0,0.0,1.5,0.0,-0.6665386437303178,0.69823228777992,1.223901085741545,-0.1423686188473956,1.8945304820059297,0.0,0.4641630654510255,0.0,0.0,-0.6803506877090552,-0.0203914187395897,6
628694,-0.2852052676491315,-0.4373685033222146,-0.5,-0.5,0.0,0.0,2.0,-0.6428019077458929,0.1350614931535953,-1.577882931182386,0.6427584400467276,0.0,0.0,-0.5358369345489745,0.0,1.8170594925112875,-0.2160787823977649,-0.7023938636215261,2
628752,-0.0267659328131899,0.3648961975046188,-0.5,0.0,-0.5,1.5,0.0,-0.8605992018306694,0.69823228777992,0.0,-0.3378778341536493,0.0,0.0,-0.5358369345489745,2.6303167041658844,0.0,-1.110354641666316,-0.296895920154984,0
628762,-0.0657165555627049,-0.983314472996574,-1.0,-1.0,-0.5,0.0,0.0,-1.65726747168621,-0.658683161076804,-3.801784016923932,1.055491476471528,0.0,0.0,-1.945257774202184,0.0,3.10628371950539,-0.8135350217593769,-5.846818380501243,3
629345,1.3850287633978529,1.0507401516565449,-1.0,-1.0,-0.5,0.0,0.0,0.1216076941696255,-0.658683161076804,-3.801784016923932,1.521876595833502,0.0,0.0,-1.945257774202184,0.0,3.10628371950539,0.9413749380901332,-5.846818380501243,3
629647,0.9960881188079294,0.4788906502885904,-0.5,0.0,0.0,1.5,0.0,-0.4891780548923324,0.69823228777992,0.0,-0.1423686188473956,0.0,0.0,0.4641630654510255,0.0,0.0,-0.7078151763393947,-0.9541515431128692,0
629701,0.6531076027838256,0.2135937313624968,0.5,0.5,1.0,0.0,0.0,0.5873127088909303,-0.2218539557031286,-0.7323949782604657,0.1763733206847534,0.0,0.0,0.0,0.0,1.0,0.3004688393102263,0.1945214224026275,5
629725,-0.5446598721057023,-0.4373685033222146,0.0,0.5,-0.5,1.0,1.3333333333333333,-0.6151732553526584,-0.0955123664504794,0.0,-0.8521289889920516,0.0,0.0,-0.9452577742021836,3.313807142066604,0.0,-1.3865107328196815,-0.4110422610084799,0
629747,0.3147810024464977,-0.5451046085908845,-1.5,-1.0,-1.0,0.0,0.0,-5.01837906474446,-0.658683161076804,-3.801784016923932,-1.7312471447788258,-5.8849491923617165,0.0,-1.945257774202184,0.0,0.0,,,1
629803,0.8852707050385773,0.4649590448526473,0.0,0.5,0.0,1.0,1.3333333333333333,-0.1397678628496181,0.69823228777992,0.8454879529219202,-0.1423686188473956,1.8945304820059297,0.0,-0.1695975135107168,1.8662394014360388,0.0,-0.089257312678735,0.2995868328125071,6
629812,-0.5467238783965637,-0.8024290039733696,-1.0,0.0,0.0,1.5,2.0,0.6681149620677217,-0.658683161076804,0.0,0.9061073225814968,0.0,1.0986122886681096,1.8735839051042344,0.0,0.0,1.0181006711942897,0.3009346203874119,5
629877,-0.3906367248739933,-0.6123631726854253,-0.5,0.0,0.0,0.0,0.0,-0.2012206452762132,0.1350614931535953,1.223901085741545,1.251000691777781,1.8945304820059297,0.0,0.4641630654510255,0.0,0.0,0.7340439835816954,-0.387167888025075,6
629952,1.4044963738702527,1.3036653017922135,0.0,0.5,0.5,0.0,0.0,0.5839683035232042,0.341316838923196,0.8454879529219202,-0.4872619880436798,1.3087681003312956,0.0,0.4641630654510255,0.0,0.0,-0.0029892522917869,0.211877964551491,5
630039,0.0795153922881903,-0.4798342762580817,-1.0,-0.5,-0.5,0.0,0.0,-0.1194019552965795,-0.658683161076804,0.0,0.0269891667947226,0.0,0.0,0.4641630654510255,0.0,0.0,-0.2181496281975218,-1.4014468791850612,0
630097,-1.1422605445110343,-0.2364889768829301,0.0,0.0,0.5,0.0,0.0,0.3828240631207255,0.341316838923196,-1.0,0.1285072852083251,0.0,0.0,-0.1695975135107168,0.0,1.2892242269941023,0.3868125652098897,0.1840789891607348,2
630176,1.0059620967808225,0.8837977981322299,-1.0,-0.5,-0.5,0.0,0.0,-1.0654568244033888,-0.658683161076804,0.0,-1.7312471447788258,0.0,0.0,0.4641630654510255,0.0,0.0,-5.009979129451652,-0.3922685875771624,0
630178,-0.9282620715914432,-1.2400338123026975,-1.0,-0.5,-0.5,0.0,0.0,-0.1320728467704322,0.69823228777992,0.0,0.0269891667947226,0.0,0.0,0.4641630654510255,0.0,0.0,-0.2285976564119239,-0.9958535759533764,0
630267,-0.3056937684055698,-0.3751629211508731,-0.5,-0.5,0.0,1.5,0.0,0.0321232703090544,0.1350614931535953,-1.577882931182386,1.3100019998680503,1.8945304820059297,0.0,-0.5358369345489745,0.0,1.8170594925112875,0.929832349974078,-1.5225034515004217,2
630607,-1.1100649097976207,-2.308331084296423,-1.5,-1.0,-1.0,0.0,0.0,-5.01837906474446,-0.658683161076804,-3.801784016923932,-1.7312471447788258,-5.8849491923617165,0.0,-1.945257774202184,0.0,0.0,,,1
630609,-0.9378885299188376,1.313203770779006,1.0,1.5,1.5,0.0,0.8,0.7499483952895188,-0.30176771222008,0.0,-0.0380660878912795,0.0,0.0,0.4641630654510255,0.0,0.0,0.4370394432209978,0.2111126108754739,5
630694,-0.4659791917316795,-0.8781444948462946,-0.5,0.0,0.0,0.0,2.0,-0.1244474698007082,0.1350614931535953,1.223901085741545,-1.2169959899404237,1.8945304820059297,0.0,0.4641630654510255,0.0,0.0,-1.0809486371223944,-0.0369633704080275,6
630738,0.9298912437968572,0.5872879779418604,0.0,0.5,0.0,1.0,1.3333333333333333,-0.5840447083969388,-0.0955123664504794,0.0,0.3100019998680502,0.0,0.0,-0.1695975135107168,1.8662394014360388,0.0,-0.4436871657846308,-0.555947906778164,0
630992,0.363489718670128,-0.4584993070321419,-1.0,-1.0,-0.5,0.0,0.0,-1.208327224409779,-0.658683161076804,-3.801784016923932,0.7367495369393785,0.0,0.0,-1.945257774202184,0.0,3.10628371950539,-0.6385519593074991,-5.846818380501243,3
631174,-0.0037990970921994,-0.2948576299622514,-0.5,-0.5,0.0,1.5,2.0,-0.2467775996522255,-0.658683161076804,0.0,-0.1423686188473956,1.8945304820059297,0.0,-0.5358369345489745,0.0,1.8170594925112875,-0.5035240309885962,0.1127747057251291,2
631201,0.5194639458546031,0.1500453992945883,-0.5,-0.5,0.0,1.5,4.0,0.5980402609916838,-0.658683161076804,-1.577882931182386,0.4308838440812761,1.8945304820059297,0.0,-0.5358369345489745,0.0,1.8170594925112875,0.8935556996088998,-0.286233114793541,2
631319,-1.24021443542403,-1.3644696695666334,-0.5,0.0,0.0,0.0,0.0,0.3088984197892878,0.1350614931535953,0.0,0.0269891667947226,0.0,0.0,0.4641630654510255,0.0,0.0,-0.0199579958336407,-0.6301278610975226,0
631384,-1.0732264321481502,-2.259798314459427,-1.5,-1.0,-1.0,0.0,0.0,-5.01837906474446,-0.658683161076804,-3.801784016923932,-1.7312471447788258,-5.8849491923617165,0.0,-1.945257774202184,0.0,0.0,,,1
631388,0.1067808350011911,-0.4798342762580817,-0.5,-0.5,-0.5,1.5,2.0,-1.217536041802452,-0.658683161076804,0.0,1.4203584774198996,0.0,0.0,-1.945257774202184,2.6303167041658844,1.8170594925112875,-0.2264954182582213,-0.0112349016641247,0
631448,-0.1711767713002504,-0.2557742709686207,-0.5,-1.0,0.0,1.5,0.0,-0.3968979197887864,-0.658683161076804,-3.801784016923932,0.1763733206847534,3.4424745961808574,0.0,-1.945257774202184,0.0,3.10628371950539,0.1440237907435414,-5.846818380501243,3
631477,-0.7596073461941164,-1.3644696695666334,-1.0,-0.5,-0.5,0.0,0.0,-1.8108913245397704,0.69823228777992,0.0,0.0269891667947226,0.0,0.0,0.4641630654510255,0.0,0.0,-1.6190712609657296,-0.2683377316367144,0
631787,-1.3897667097619564,1.8436857899916927,0.5,1.0,1.0,1.2000000000000002,1.6,0.4783641258236343,-0.658683161076804,-0.5778829311823854,0.1038793384945924,0.0,0.4054651081081644,0.0,1.4475677406305645,1.0,0.1571836052897569,0.644775199830494,5
631872,0.0840026172528876,-0.5672972791819948,-1.5,-1.0,-1.0,0.0,0.0,-5.01837906474446,-0.658683161076804,-3.801784016923932,-1.7312471447788258,-5.8849491923617165,0.0,-1.945257774202184,0.0,0.0,,,1
631970,0.0,0.1175719885109969,0.0,0.5,0.5,0.0,0.0,0.2044492118617907,-0.0955123664504794,0.0,-0.8521289889920516,0.0,0.0,0.4641630654510255,0.0,0.0,-0.7120303120347862,-0.0793207150597904,0
631975,-0.1885747280810973,-1.0937450900539751,-1.0,-0.5,-1.0,0.0,0.0,-5.01837906474446,0.69823228777992,0.0,-1.7312471447788258,-5.8849491923617165,0.0,-1.945257774202184,4.496556105601924,0.0,-5.009979129451652,-1.901797159700224,4
631993,0.4383239604537428,-0.1060116599355281,-0.5,0.0,0.0,0.0,2.0,0.0129966340860437,0.1350614931535953,0.0,-0.5691161559187239,0.0,0.0,0.4641630654510255,0.0,0.0,-0.7188282849808109,0.2282551905118323,0
632136,1.0578154089380425,1.821115043526556,0.5,1.5,1.5,0.6000000000000001,1.6,0.501550773063559,0.4919769420103195,0.0,-0.1066395123885741,0.0,0.4054651081081644,0.8735839051042346,0.0,0.0,0.3358713467284032,-0.1224468892603748,5
632239,0.1768521400691931,-0.160989241751724,-1.0,-0.5,-0.5,3.0,0.0,-0.8426070932214954,-0.658683161076804,0.0,-0.8521289889920516,0.0,0.0,0.4641630654510255,0.0,0.0,-1.5736696709925673,-3.07523923886636,0
632316,0.6170115455412192,0.3794715120532125,0.0,0.5,0.5,1.0,0.0,0.3855912196453804,-0.658683161076804,0.0,-0.3378778341536493,0.0,0.0,0.4641630654510255,0.0,0.0,-0.082914523944089,0.7936476332026509,5
632425,0.2368062433758023,-0.1425108733599631,-0.5,0.0,-0.5,0.0,0.0,-1.163734893384068,-0.658683161076804,2.2239010857415447,-0.8521289889920516,0.0,0.0,-0.5358369345489745,2.6303167041658844,0.0,-1.83793086738887,0.1734557425271063,0
632461,0.8355757721664621,0.2753642525262495,-1.0,-0.5,-0.5,3.0,0.0,-0.6959345925001316,0.69823228777992,0.0,-1.7312471447788258,0.0,0.0,0.4641630654510255,0.0,0.0,-5.009979129451652,-1.93080461396376,0
632475,1.1566813659087511,1.7284517076142454,-0.5,0.0,0.5,1.0,1.3333333333333333,0.6234904193654316,0.341316838923196,0.8454879529219202,0.7957508450296478,0.0,0.6931471805599453,0.4641630654510255,0.0,1.8170594925112875,0.9847640276829264,1.083623071418565,5
632631,-0.3652838837217738,-0.3751629211508731,-0.5,0.0,0.0,0.0,4.0,0.0830818683322752,0.69823228777992,0.0,0.0269891667947226,0.0,0.0,0.4641630654510255,0.0,0.0,-0.1245244087940935,-0.5287281364277278,0
632665,-0.8871400142109023,-0.6817349135302966,-1.0,-0.5,-0.5,0.0,4.0,-0.3137339836471855,1.491976942010319,0.0,0.3100019998680502,0.0,0.0,0.4641630654510255,0.0,0.0,-0.2147016465199362,-0.8673050782674506,0
632749,1.208165469621984,0.9964830697690392,-0.5,0.0,0.0,1.5,2.0,-0.1219209359602892,0.1350614931535953,0.0,-0.3378778341536493,0.0,0.0,0.4641630654510255,0.0,0.0,-0.3713209051361584,0.1884329246956951,5
632866,0.5759184746915597,-0.1984164451611818,-1.5,-1.0,-1.0,0.0,0.0,-5.01837906474446,-0.658683161076804,-3.801784016923932,-1.7312471447788258,-5.8849491923617165,0.0,-1.945257774202184,0.0,0.0,,,1
632965,-2.0208792671917357,1.1554115067637536,1.5,1.5,2.0,0.0,0.6666666666666664,0.8179436918300927,-0.3569154488567242,-0.4772413011367771,0.7367495369393785,0.6795775573916313,0.0,0.1617063421381263,0.0,0.690813957738791,1.1729883826915513,0.2689373458949567,5
632988,-0.2913270392019982,-0.0173189290703666,0.0,0.5,0.5,0.0,1.3333333333333333,0.1765921820706387,-0.0955123664504794,0.0,0.3100019998680502,0.0,0.0,0.4641630654510255,0.0,0.0,0.219331067940442,-0.2515226804198759,5
633183,-0.6796167100288719,-0.2948576299622514,0.0,0.5,0.0,2.0,2.6666666666666665,0.4154448493136884,0.341316838923196,0.0,-0.3378778341536493,0.0,0.0,-0.1695975135107168,1.8662394014360388,0.0,-0.0264082574539474,0.0157211106070788,5
633195,0.393281549524254,-0.0173189290703666,-0.5,0.0,-0.5,0.0,0.0,-0.1659376186237856,0.69823228777992,0.0,-0.8521289889920516,0.0,0.0,-0.5358369345489745,2.6303167041658844,0.0,-1.0168275513395155,-0.2082922172400677,0
633235,-1.078442521692874,-2.2123093414449237,-1.0,-1.0,-0.5,0.0,0.0,-1.1465384107107497,-0.658683161076804,-3.801784016923932,0.3100019998680502,0.0,0.0,-1.945257774202184,0.0,3.10628371950539,-0.8678131027307535,-5.846818380501243,3
633314,-0.0152453915759639,-0.0701059560259865,-0.5,0.0,0.0,0.0,2.0,0.3546408872428757,0.1350614931535953,0.0,-0.3378778341536493,0.0,0.0,0.4641630654510255,0.0,0.0,-0.2210939540082702,-0.3598728835850237,0
633406,-0.1770370361002985,-0.7292238865448002,-0.5,-0.5,-0.5,3.0,0.0,-1.501047011525147,-0.658683161076804,-1.577882931182386,1.055491476471528,0.0,0.0,-1.945257774202184,2.6303167041658844,1.8170594925112875,-0.6830486976755982,-3.987885241006364,3
633725,-7.737851272510618,2.283392199447457,2.0,3.0,3.0,0.75,1.5,1.044906160890435,0.69823228777992,0.0,-0.5691161559187239,0.0,0.251314428280906,0.7039863915935174,0.0,0.0,0.2158646754348735,-0.0905921765002299,5
633972,-0.2393319811660805,-1.67308530127459,-1.5,-1.0,-1.0,0.0,0.0,-5.01837906474446,-0.658683161076804,-3.801784016923932,-1.7312471447788258,-5.8849491923617165,0.0,-1.945257774202184,0.0,0.0,,,1
634130,-0.3583051823523965,-0.3957040193861091,0.5,0.0,1.0,0.0,0.0,0.5322800670585888,0.1350614931535953,-1.577882931182386,0.1763733206847534,1.0,0.0,-0.5358369345489745,0.0,1.8170594925112875,0.9418733598342924,0.1120728195379471,2
634601,0.0421890908841904,-0.658368006199544,-1.5,-1.0,-1.0,0.0,0.0,-5.01837906474446,-0.658683161076804,-3.801784016923932,-1.7312471447788258,-5.8849491923617165,0.0,-1.945257774202184,0.0,0.0,,,1
634739,1.1478400672475282,0.4649590448526473,-1.5,-1.0,-1.0,0.0,0.0,-5.01837906474446,-0.658683161076804,-3.801784016923932,-1.7312471447788258,-5.8849491923617165,0.0,-1.945257774202184,0.0,0.0,,,1
634795,0.4471969708155298,-0.2752294817283874,-0.5,-0.5,0.0,1.5,0.0,-0.763378450274648,-0.658683161076804,-1.577882931182386,0.0269891667947226,0.0,0.0,-0.5358369345489745,0.0,1.8170594925112875,-0.7496764668131902,-1.4969410929706912,2
634824,0.4868744587804661,-0.1060116599355281,-0.5,0.0,0.0,0.0,0.0,-0.4585347359399228,0.1350614931535953,0.0,-0.5691161559187239,0.0,0.0,0.4641630654510255,0.0,0.0,-1.1281022789178958,-1.18558814667625,0
635249,-1.6735375592409654,-0.8781444948462946,0.0,0.5,0.0,0.0,0.0,-0.3200932470737037,0.69823228777992,0.8454879529219202,-0.3378778341536493,0.0,0.0,-0.1695975135107168,1.8662394014360388,0.0,-0.9058910128459856,0.3530995978964907,0
635300,1.0889208837283773,0.9295642475225216,1.5,1.5,1.5,1.0,2.0,0.781615527739047,0.341316838923196,0.0,-0.1066395123885741,1.5479441141749286,0.0,-0.1695975135107168,1.0,0.690813957738791,0.5518839075781327,0.2139388954496581,5
635303,0.6583545112184155,0.2135937313624968,0.5,1.0,0.5,0.0,0.0,0.6023232351758022,0.69823228777992,2.2239010857415447,-0.3378778341536493,3.4424745961808574,0.0,0.0,1.4475677406305645,0.0,0.8556858804917434,1.2052290354443769,6
635375,-0.0494761021274939,-0.2364889768829301,-1.0,-1.0,-0.5,0.0,0.0,-1.1992179637495972,-0.658683161076804,-3.801784016923932,2.0031830567555966,0.0,0.0,-1.945257774202184,0.0,3.10628371950539,0.1299401636032162,-5.846818380501243,3
635442,-0.4077419345842769,0.0342356026297282,0.5,1.0,1.0,0.75,2.0,0.5099349059643051,0.1350614931535953,0.0,0.1038793384945924,0.0,0.0,0.4641630654510255,0.0,0.0,0.0378889511497421,-0.0165115034777609,5
635576,-0.2567874259770644,-0.2948576299622514,0.5,1.0,0.5,0.0,0.0,0.1459488631182283,-0.2218539557031286,0.6460181545591593,-0.6566197736857983,1.3087681003312956,0.0,0.0,1.4475677406305645,0.0,-0.3942869247923726,0.7057425640071979,6
635587,-0.0114217577775157,-0.2948576299622514,-0.5,0.0,0.0,1.5,0.0,-0.4326065854446759,-0.658683161076804,0.0,0.0269891667947226,0.0,0.0,0.4641630654510255,0.0,0.0,-0.5849064850941109,-0.1731664772595494,0
635666,0.6972198960361199,1.3321579827534449,-1.0,0.0,0.0,3.0,2.0,0.3358029929906418,-0.658683161076804,0.0,1.4203584774198996,0.0,1.0986122886681096,1.8735839051042344,0.0,0.0,1.0576367358530523,1.0171420315982305,5
635790,-1.2310829129263403,-0.0701059560259865,0.5,1.0,0.0,0.75,0.0,-0.0873225926996591,0.4368292053736752,0.0,-0.5691161559187239,0.0,0.0,-0.5358369345489745,2.6303167041658844,0.0,-0.6696624192529816,0.6676653169934746,0
635861,-1.2507082751891578,-1.332697148215006,-1.0,-0.5,-0.5,0.0,0.0,-0.6428019077458929,-0.658683161076804,0.0,-0.3378778341536493,0.0,0.0,0.4641630654510255,0.0,0.0,-0.9305558292140852,-0.2159299780574896,0
635949,0.8482313566631354,0.5472599549180527,0.5,0.5,1.0,0.0,0.0,0.7694415516108538,0.4368292053736752,-0.7323949782604657,-0.3378778341536493,0.0,0.0,0.0,0.0,1.0,0.0814135455563565,0.1008992790920132,5
636078,-0.4541779708155759,0.4226289536358835,0.0,0.5,0.5,2.0,1.3333333333333333,-0.1766374246825731,0.341316838923196,0.8454879529219202,-1.366380143830454,1.3087681003312956,0.0,0.4641630654510255,0.0,0.0,-1.5688037725215254,0.5923474884962361,6
636102,-1.8195987715931643,0.2753642525262495,1.0,1.5,1.0,0.6000000000000001,0.8,0.5563069040630815,0.0,1.0,-0.5691161559187239,1.0,0.0,0.0979236444127681,1.18274896353532,0.0,-0.139914656328726,0.7983258482241922,5
636251,0.140660061063292,-0.6123631726854253,-1.0,-1.0,-0.5,0.0,0.0,-0.5972449533698806,-0.658683161076804,-3.801784016923932,0.5412403216331251,3.4424745961808574,0.0,-1.945257774202184,0.0,3.10628371950539,0.221534632358231,-5.846818380501243,3
636520,-0.2586678678821074,-1.0104087041727063,-1.0,-0.5,-0.5,3.0,0.0,-0.0921790810977816,0.69823228777992,2.2239010857415447,0.7367495369393785,3.4424745961808574,0.0,0.4641630654510255,0.0,0.0,0.7650337531182282,0.1948580036299601,6
636524,-1.3054844599439297,-0.0879858281037825,0.5,0.5,0.5,0.0,1.0,-0.0087771460788253,0.4368292053736752,-0.7323949782604657,0.222498382100976,1.3087681003312956,0.0,-0.5358369345489745,1.4475677406305645,1.0,0.202275723346956,0.1181262864153591,5
636526,-0.1964294793676732,-0.7777566563817965,-1.0,-0.5,-0.5,3.0,4.0,-0.2438569783417058,0.69823228777992,0.0,-0.8521289889920516,0.0,0.0,0.4641630654510255,0.0,0.0,-1.116388510227193,-0.3572291074990895,0
636739,-1.310920048619305,-1.9890737349467675,-1.0,-0.5,-0.5,0.0,0.0,0.0711299175201806,0.69823228777992,0.0,-0.8521289889920516,0.0,0.0,0.4641630654510255,0.0,0.0,-0.8217408889689188,-1.808785650122924,0
636873,0.9072657503926238,0.3939512500814855,1.0,1.5,1.5,0.0,0.8,0.5345980833883642,0.4919769420103195,0.5227586988632229,0.3100019998680502,0.8092012510390698,0.0,0.4641630654510255,0.0,0.0,0.4726808204979265,0.4719700456210631,5
636874,0.4937852737776073,0.2446949798295298,0.0,0.5,0.5,1.0,0.0,0.1006978076036124,-0.0955123664504794,0.0,0.0269891667947226,0.0,0.0,0.4641630654510255,0.0,0.0,-0.0463536696397152,0.3993160070097451,5
636966,-1.0087835067679567,-0.6817349135302966,0.0,0.0,0.5,0.0,0.0,0.4621237724366495,0.69823228777992,0.0,0.1285072852083251,1.3087681003312956,0.0,-0.1695975135107168,0.0,1.2892242269941023,-0.0474337129835661,0.5883122941794695,6
637075,-0.0394700068536387,-0.7292238865448002,-1.0,-0.5,-0.5,0.0,0.0,-0.5796901849871293,0.69823228777992,0.0,0.0269891667947226,0.0,0.0,0.4641630654510255,0.0,0.0,-0.5979337932246817,-0.8645736462535157,0
637086,0.6266380038686127,0.7893169849572652,0.5,0.5,1.0,0.75,0.0,0.7019312701728564,-0.2218539557031286,-0.7323949782604657,0.0269891667947226,0.0,0.0,0.0,0.0,1.0,0.1949725096081369,0.2513017612215497,5
637421,-0.5261909651618265,-0.8526164401574539,0.0,0.0,0.5,0.0,0.0,0.3225101920799487,-0.0955123664504794,0.0,-0.3378778341536493,1.3087681003312956,0.0,-0.1695975135107168,0.0,1.2892242269941023,-0.0271951548562296,-0.2475566020555502,2
637457,-0.8329420519894543,-1.0656153830619794,-0.5,0.0,0.0,0.0,0.0,-0.4181410215043588,-0.658683161076804,1.223901085741545,-0.3378778341536493,1.8945304820059297,0.0,0.4641630654510255,0.0,0.0,-0.5790649367568084,-0.0256973275197832,6
637555,-0.4221232051705569,-1.4963388252848984,-1.5,-1.0,-1.0,0.0,0.0,-5.01837906474446,-0.658683161076804,-3.801784016923932,-1.7312471447788258,-5.8849491923617165,0.0,-1.945257774202184,0.0,0.0,,,1
637633,0.4729716307376298,0.4083366568994223,0.0,0.0,0.0,1.0,0.0,-0.2322746873196033,-0.0955123664504794,-1.0,-0.1423686188473956,0.0,0.0,-0.9452577742021836,1.8662394014360388,1.2892242269941023,-0.7526587840411113,-0.0039544951282504,0
637687,-1.0439545018741934,0.084613882090961,0.5,1.0,1.0,0.75,0.0,0.5194157194010229,0.1350614931535953,0.6460181545591593,-0.5691161559187239,1.0,0.0,0.4641630654510255,0.0,0.0,-0.1119551035280864,0.568852331331602,5
638140,-1.3732449421243034,-0.5672972791819948,-0.5,0.0,0.0,0.0,0.0,-0.7908270795063252,1.1350614931535954,2.2239010857415447,0.0269891667947226,3.4424745961808574,0.0,0.4641630654510255,0.0,0.0,-0.5849064850941109,-0.4336123489618282,6
638162,-1.638824847510617,0.3794715120532125,1.5,0.5,1.5,0.4999999999999998,0.0,0.5948891103946596,-0.0955123664504794,-1.577882931182386,0.2582274885597975,0.0,0.0,-0.9452577742021836,1.0,1.8170594925112875,0.5122683798350328,-0.3790612649388384,2
638237,-0.4528715513279102,-1.2400338123026975,-1.5,-1.0,-1.0,0.0,0.0,-5.01837906474446,-0.658683161076804,-3.801784016923932,-1.7312471447788258,-5.8849491923617165,0.0,-1.945257774202184,0.0,0.0,,,1
638565,1.5530015427155122,0.7157050973079879,0.0,0.5,0.0,0.0,0.0,-0.62428251601284,-0.0955123664504794,0.0,0.3100019998680502,0.0,0.0,-0.1695975135107168,1.8662394014360388,0.0,-0.740805714441061,-0.5502350592640588,0
638576,0.3734027335024049,-0.1425108733599631,0.0,0.5,0.0,1.0,1.3333333333333333,-0.1874748525959896,0.341316838923196,0.0,0.4308838440812761,0.0,0.0,-0.1695975135107168,1.8662394014360388,0.0,-0.0287716337919968,0.5024868803868425,5
638580,-0.4659791917316795,-1.0378395182527564,-0.5,-1.0,0.0,0.0,0.0,0.0630667133623977,-0.658683161076804,-3.801784016923932,0.6427584400467276,0.0,0.0,-1.945257774202184,0.0,3.10628371950539,0.26660561707634,-5.846818380501243,3
638598,-0.6807298891398363,-1.3967060397040991,-1.0,-0.5,-0.5,0.0,0.0,-1.3917806845113108,0.69823228777992,0.0,0.0269891667947226,0.0,0.0,0.4641630654510255,0.0,0.0,-1.2701042029228258,-0.7056800110273224,0
638600,1.2607201691422931,0.6266032978723975,-1.5,-1.0,-1.0,0.0,0.0,-5.01837906474446,-0.658683161076804,-3.801784016923932,-1.7312471447788258,-5.8849491923617165,0.0,-1.945257774202184,0.0,0.0,,,1
638874,-0.2436797855732951,-0.5672972791819948,-0.5,0.0,0.0,0.0,0.0,-0.2265427032794958,0.1350614931535953,0.0,-1.2169959899404237,0.0,0.0,0.4641630654510255,0.0,0.0,-1.5496746231740306,-0.8414375197701547,0
639009,-1.3609537012814048,-0.7777566563817965,0.0,0.5,0.5,1.0,0.0,0.1888931071699577,0.9999999999999998,1.577882931182386,-0.6566197736857983,2.4424745961808583,0.0,0.4641630654510255,0.0,0.0,-0.3978610960390688,0.3121028506302584,6
639168,-0.4005947329336307,-0.7777566563817965,-0.5,0.0,0.0,0.0,2.0,0.334336328730926,0.1350614931535953,0.0,0.8242531547064528,0.0,0.0,0.4641630654510255,0.0,0.0,0.6619020971229781,-0.0460124069499562,5
639458,-0.280627746524011,-0.4164379946042029,0.0,0.5,0.5,1.0,0.0,0.4234064682758015,-0.0955123664504794,0.0,-0.6566197736857983,0.0,0.0,0.4641630654510255,0.0,0.0,-0.6617529682440738,0.2481462507068388,0
639510,0.740263075522199,0.2905406156119291,-0.5,0.0,0.0,3.0,0.0,-0.0379512433783162,-0.658683161076804,0.0,-0.1423686188473956,0.0,0.0,0.4641630654510255,0.0,0.0,-0.3612207701268246,-0.1242351948464606,0
639554,0.1939463741786511,-0.1241858541912811,-0.5,0.0,0.0,0.0,0.0,0.1568918533475511,0.1350614931535953,0.0,-0.1423686188473956,0.0,0.0,0.4641630654510255,0.0,0.0,-0.0167759101733777,-0.040881019451749,0
639571,0.5614535425048608,0.1500453992945883,0.0,0.0,0.5,1.0,1.3333333333333333,0.3978368905786776,-0.0955123664504794,0.0,0.0269891667947226,1.3087681003312956,0.0,-0.1695975135107168,0.0,1.2892242269941023,0.3780086684558948,-0.2306588165708574,2
639894,0.0815878280115536,0.5740257630792477,-0.5,-0.5,0.0,0.0,0.0,-0.0021857299012968,-0.658683161076804,-1.577882931182386,1.251000691777781,0.0,0.0,-0.5358369345489745,0.0,1.8170594925112875,0.9831766289223018,-0.3163062763141745,2
640451,-0.2145365703100133,-1.209990462642304,-1.5,-1.0,-1.0,0.0,0.0,-5.01837906474446,-0.658683161076804,-3.801784016923932,-1.7312471447788258,-5.8849491923617165,0.0,-1.945257774202184,0.0,0.0,,,1
640580,-0.1770370361002985,-0.4798342762580817,0.0,0.5,0.5,1.0,1.3333333333333333,0.3180322449358585,-0.0955123664504794,0.0,0.222498382100976,0.0,0.0,0.4641630654510255,0.0,0.0,0.4060167881847826,-0.1476383407665855,5
640649,1.3162916947168604,0.6652308508706292,-0.5,0.0,0.0,0.0,0.0,0.2129689852014099,0.69823228777992,0.0,1.055491476471528,0.0,0.0,0.4641630654510255,0.0,0.0,0.4296642022221665,-0.6173789726445598,5
640689,0.5481245702778385,1.712622592253961,0.5,1.5,1.5,1.8,1.6,0.5927313668225012,0.0,0.0,0.0888697029176791,0.0,0.4054651081081644,0.8735839051042346,0.0,0.0,0.4213993247737102,0.4977612970178446,5
640715,-0.142162029197963,0.3648961975046188,0.5,1.0,0.5,1.5,2.0,0.0257958432947767,0.4368292053736752,0.6460181545591593,0.5412403216331251,1.3087681003312956,0.0,0.0,1.4475677406305645,0.0,0.3039287671584447,0.8968084312265042,5
640849,1.2565164341303623,1.1554115067637536,0.5,1.0,0.0,0.75,1.0,-0.4623047574617973,0.1350614931535953,0.0,0.3100019998680502,0.0,0.0,-0.5358369345489745,2.6303167041658844,0.0,-0.37651354812502,0.1503492753070659,5
640867,0.3313910640472022,2.1506735910790304,0.0,1.0,1.0,0.75,1.0,0.9182782749587683,0.4368292053736752,0.6460181545591593,-0.1423686188473956,1.0,0.5108256237659907,1.0,0.0,0.0,0.6883742444986507,0.1344590989435608,5
640968,-0.7315590971179934,-1.209990462642304,-0.5,0.0,-0.5,1.5,0.0,-0.1371950412950404,0.69823228777992,0.0,0.0269891667947226,0.0,0.0,-0.5358369345489745,2.6303167041658844,0.0,-0.2328213508113483,-0.7275653146696226,0
641012,0.2243074077441219,0.3502240363019069,0.0,0.0,0.5,0.0,0.0,0.2860020237305984,-0.0955123664504794,-1.0,-0.0833673107571263,0.0,0.0,-0.1695975135107168,0.0,1.2892242269941023,0.1578270459451951,-1.3211458945615675,2
641102,1.0790262775612034,0.3056133849682904,0.0,0.0,0.0,0.0,0.0,-0.0176466848663658,-0.0955123664504794,0.0,0.7367495369393785,3.4424745961808574,0.0,-0.9452577742021836,1.8662394014360388,1.2892242269941023,0.7296526599329837,-0.0522742319968108,6
641106,-0.3963201768067612,-0.3346452313910828,0.0,0.5,0.0,0.0,1.3333333333333333,-0.0753024401469103,0.9999999999999998,0.8454879529219202,-0.5691161559187239,1.8945304820059297,0.0,-0.1695975135107168,1.8662394014360388,0.0,-0.5672986347802825,0.4786697396438039,6
641310,0.5080970128895929,0.5472599549180527,-1.0,-0.5,-0.5,0.0,0.0,-0.2497083796660127,0.69823228777992,0.0,0.7367495369393785,0.0,0.0,0.4641630654510255,0.0,0.0,0.1546038550787961,-1.886956223764443,0
641364,-1.4574349784892098,0.2905406156119291,1.0,1.5,1.0,0.0,1.6,0.2478401023085333,0.4919769420103195,0.0,-0.5691161559187239,0.0,0.0,0.0979236444127681,1.18274896353532,0.0,-0.2727118568730467,0.4035534252720392,5
641529,1.2871152322195962,0.6004710149305419,-0.5,-1.0,0.0,0.0,0.0,-0.4737170999272641,-0.658683161076804,-3.801784016923932,0.9061073225814968,3.4424745961808574,0.0,-1.945257774202184,0.0,3.10628371950539,0.4291207949164858,-5.846818380501243,3
641537,0.6557329945603305,0.0171841500464987,-0.5,-0.5,0.0,0.0,2.0,-0.203996919301769,-0.658683161076804,-1.577882931182386,-0.1423686188473956,1.8945304820059297,0.0,-0.5358369345489745,0.0,1.8170594925112875,-0.1944330429103497,-2.756619074344552,2
642215,-0.1003700489277034,-1.0937450900539751,-1.5,-1.0,-1.0,0.0,0.0,-5.01837906474446,-0.658683161076804,-3.801784016923932,-1.7312471447788258,-5.8849491923617165,0.0,-1.945257774202184,0.0,0.0,,,1
642344,0.739011876306381,0.3794715120532125,0.5,1.0,1.0,0.75,1.0,0.5039547644359539,-0.658683161076804,0.0,0.2449467451820483,0.0,0.0,0.4641630654510255,0.0,0.0,0.5721910154548453,0.2739508532372355,5
642364,-0.1741642862408282,-1.209990462642304,-1.0,-0.5,-1.0,0.0,0.0,-5.01837906474446,-0.658683161076804,0.0,-1.7312471447788258,-5.8849491923617165,0.0,-1.945257774202184,4.496556105601924,0.0,-5.009979129451652,-1.2212133749575438,4
642553,-1.3342087067255988,1.539183219079325,-0.5,0.5,0.5,1.0,1.3333333333333333,0.994716449568382,-0.0955123664504794,1.577882931182386,-0.8521289889920516,2.4424745961808583,0.6931471805599453,1.2398233261424922,0.0,0.0,0.3094806718870146,0.6815813933219262,6
642578,-1.1861165310721564,-1.1222377710152045,0.0,0.0,0.0,0.0,1.3333333333333333,-0.6016913932633047,0.341316838923196,-1.0,0.0269891667947226,0.0,0.0,-0.9452577742021836,1.8662394014360388,1.2892242269941023,-0.8275433302485103,-0.2721789985207432,0
642679,0.9208756040652278,0.7405160565023101,1.0,1.5,1.5,0.0,0.0,0.851126155624571,-0.658683161076804,0.5227586988632229,-0.0380660878912795,0.8092012510390698,0.0,0.4641630654510255,0.0,0.0,0.637600115274628,0.6129396212556343,5
642786,-0.2633777014917708,-0.3346452313910828,0.0,0.0,0.5,1.0,0.0,0.3210201856714035,0.341316838923196,-1.0,0.95788183388975,0.0,0.0,-0.1695975135107168,0.0,1.2892242269941023,0.8066267422136914,-1.6141650527739773,2
642820,-0.3934761774586333,-0.5451046085908845,-0.5,0.0,0.0,0.0,0.0,-0.0849048050881716,-0.658683161076804,0.0,0.0269891667947226,0.0,0.0,0.4641630654510255,0.0,0.0,-0.1095865694178218,-0.2389527502135678,0
643324,1.167334310156006,0.4927349096618701,-1.5,-1.0,-1.0,0.0,0.0,-5.01837906474446,-0.658683161076804,-3.801784016923932,-1.7312471447788258,-5.8849491923617165,0.0,-1.945257774202184,0.0,0.0,,,1
643344,-0.2251208161455178,-0.3346452313910828,-0.5,-0.5,-0.5,1.5,0.0,-0.7964257605994532,-0.658683161076804,-1.577882931182386,-0.3378778341536493,0.0,0.0,-1.945257774202184,2.6303167041658844,1.8170594925112875,-1.0573617477353463,-0.3609436820086514,0
643359,0.5133835660255124,-0.0347747680912913,-1.0,-0.5,-0.5,3.0,0.0,-0.9170023031282084,-0.658683161076804,0.0,-0.3378778341536493,0.0,0.0,0.4641630654510255,0.0,0.0,-1.15694297514093,-0.5924569908367048,0
643469,1.3063162539682942,0.7772174909202333,0.0,-0.5,0.5,1.0,0.0,-0.1820387150016389,-0.658683161076804,-2.223901085741545,0.9061073225814968,0.0,0.0,-0.9452577742021836,0.0,2.2892242269941026,0.506214668546866,-3.110032843719168,2
643645,-0.1795545095386603,-0.1060116599355281,0.5,0.5,0.5,1.5,1.0,0.2906529926937602,0.1350614931535953,0.0,-0.3378778341536493,1.3087681003312956,0.0,-0.5358369345489745,1.4475677406305645,1.0,-0.0034608187109319,0.6952223082145127,5
643714,0.5346948109145836,1.313203770779006,-0.5,0.5,0.0,1.0,1.3333333333333333,-0.8485618770477372,0.69823228777992,1.577882931182386,-0.8521289889920516,0.0,0.6931471805599453,0.4641630654510255,2.6303167041658844,0.0,-1.5785699577239165,1.1924924397469203,0
643929,0.8461115109210448,0.3205839652723227,-0.5,-0.5,0.0,0.0,0.0,0.0425645241694755,0.1350614931535953,0.0,0.1763733206847534,4.751242696512155,0.0,-0.5358369345489745,0.0,1.8170594925112875,0.540380945772218,-0.0045693811940777,6
644438,0.0056834519327694,-0.9301034129840848,-1.5,-1.0,-1.0,0.0,0.0,-5.01837906474446,-0.658683161076804,-3.801784016923932,-1.7312471447788258,-5.8849491923617165,0.0,-1.945257774202184,0.0,0.0,,,1
644467,-0.659697878298532,-0.5013773948113078,0.0,0.5,0.5,0.0,1.3333333333333333,0.0711299175201806,0.69823228777992,2.2239010857415447,-0.4872619880436798,3.4424745961808574,0.0,0.4641630654510255,0.0,0.0,-0.3327521709328964,0.4502765576920516,6
644639,0.7965395367677576,-0.1984164451611818,-1.5,-1.0,-1.0,0.0,0.0,-5.01837906474446,-0.658683161076804,-3.801784016923932,-1.7312471447788258,-5.8849491923617165,0.0,-1.945257774202184,0.0,0.0,,,1
644784,0.4564452044207094,-0.1796235475848035,-1.0,-0.5,-0.5,0.0,0.0,-1.5970562626503686,0.69823228777992,0.0,1.055491476471528,0.0,0.0,0.4641630654510255,0.0,0.0,-0.7631990821301592,-0.80520552261575,0
644870,0.4353564122054657,0.5740257630792477,1.0,0.5,1.0,0.0,1.6,0.2607537405803148,0.4919769420103195,-1.2239010857415449,0.3718825359910068,0.0,0.0,-0.7756602606914664,1.18274896353532,1.5078734502500786,0.3225290101360482,0.4140059439877982,5
645022,0.1704607134418626,-0.7533569369943934,-1.0,-1.0,-0.5,0.0,0.0,-1.2268466161428315,-0.658683161076804,-3.801784016923932,0.5412403216331251,0.0,0.0,-1.945257774202184,0.0,3.10628371950539,-0.78009308403542,-5.846818380501243,3
645047,-1.6774367423952012,1.938911084814049,0.5,1.5,1.5,1.2000000000000002,0.8,0.3814370695491674,-0.658683161076804,0.0,-0.4253814519207233,0.0,0.4054651081081644,0.8735839051042346,0.0,0.0,0.0397977966403652,0.1245570485554542,5
645168,-0.4134804766150164,-0.6123631726854253,0.0,0.5,0.0,1.0,1.3333333333333333,-0.0311285469557203,-0.0955123664504794,0.8454879529219202,-0.5691161559187239,0.0,0.0,-0.1695975135107168,1.8662394014360388,0.0,-0.732047016676773,0.7663024300033872,0
645415,0.1484564618229898,-0.3346452313910828,-0.5,-0.5,0.0,0.0,0.0,0.5551781719392171,0.1350614931535953,-1.577882931182386,0.6427584400467276,0.0,0.0,-0.5358369345489745,0.0,1.8170594925112875,0.7047163577834822,-1.78796797833372,2
645488,-0.4185169557825435,-1.4294200030383808,-1.5,-1.0,-1.0,0.0,0.0,-5.01837906474446,-0.658683161076804,-3.801784016923932,-1.7312471447788258,-5.8849491923617165,0.0,-1.945257774202184,0.0,0.0,,,1
645664,0.6688020543640528,-0.2173706571356206,-1.0,-1.0,-0.5,0.0,0.0,-0.3968979197887864,-0.658683161076804,-3.801784016923932,1.4203584774198996,3.4424745961808574,0.0,-1.945257774202184,0.0,3.10628371950539,0.9336505012548012,-5.846818380501243,3
645685,-0.4463538294688619,-0.1796235475848035,0.5,1.0,1.0,0.0,1.0,0.2478401023085333,0.4368292053736752,0.0,-0.4482343117054982,0.0,0.0,0.4641630654510255,0.0,0.0,-0.2946319277847746,0.2999603769373157,5
645933,-0.0065177218590499,0.0511563914573724,-0.5,0.0,0.0,0.0,0.0,-0.4623047574617973,-0.658683161076804,1.223901085741545,0.3100019998680502,1.8945304820059297,0.0,0.4641630654510255,0.0,0.0,-0.0990271620011234,-0.0865296192459813,6
645939,0.1699681112438908,0.9408591679901256,-1.0,0.0,-0.5,1.5,2.0,-5.01837906474446,1.491976942010319,3.801784016923932,-1.7312471447788258,-5.8849491923617165,1.0986122886681096,0.4641630654510255,4.496556105601924,0.0,-5.009979129451652,1.083623071418565,4
646127,-0.471909338187158,-1.5305744279146267,-1.5,-1.0,-1.0,0.0,0.0,-5.01837906474446,-0.658683161076804,-3.801784016923932,-1.7312471447788258,-5.8849491923617165,0.0,-1.945257774202184,0.0,0.0,,,1
646197,-0.2733091936147167,-1.3013753161468835,-1.5,-1.0,-1.0,0.0,0.0,-5.01837906474446,-0.658683161076804,-3.801784016923932,-1.7312471447788258,-5.8849491923617165,0.0,-1.945257774202184,0.0,0.0,,,1
646257,-0.1777559501815167,-0.8781444948462946,-1.0,-0.5,-0.5,0.0,0.0,-0.4970162361072746,0.69823228777992,0.0,0.0269891667947226,0.0,0.0,0.4641630654510255,0.0,0.0,-0.5296766588719524,-2.123680938989285,0
646259,0.3761684914660351,-0.5231327642549591,-0.5,-1.0,0.0,0.0,0.0,0.0751327678248068,-0.658683161076804,-3.801784016923932,0.4308838440812761,1.8945304820059297,0.0,-1.945257774202184,0.0,3.10628371950539,0.2603930427346038,-5.846818380501243,3
646405,-0.2646986961331083,-0.3548111444861987,-0.5,-0.5,0.0,0.0,2.0,-0.4775558236714001,-0.658683161076804,-1.577882931182386,0.5412403216331251,1.8945304820059297,0.0,-0.5358369345489745,0.0,1.8170594925112875,0.009105449224301,-0.7438714997764584,2
646424,0.188835357087813,1.7983112043356797,0.0,0.5,1.0,1.5,2.0,0.0065233750692196,0.1350614931535953,0.0,0.5412403216331251,2.703731733044999,0.5108256237659907,0.4641630654510255,0.0,1.2892242269941023,0.906826029721606,-0.0707731489810446,5
646455,0.0888223684153056,0.084613882090961,0.5,1.0,0.5,0.75,0.0,0.1765921820706387,0.69823228777992,0.6460181545591593,0.3918561677430946,1.3087681003312956,0.0,0.0,1.4475677406305645,0.0,0.6698804852455036,0.6669451986872408,5
646933,-0.4125227644249719,0.0,-0.5,0.0,0.0,0.0,0.0,0.195842411752537,0.69823228777992,2.2239010857415447,0.1763733206847534,3.4424745961808574,0.0,0.4641630654510255,0.0,0.0,0.487729807571915,0.6726891944238436,6
646937,0.409025944324235,0.6004710149305419,0.0,0.5,0.5,0.0,0.0,-0.0043771444121186,0.69823228777992,1.577882931182386,-0.3378778341536493,2.4424745961808583,0.0,0.4641630654510255,0.0,0.0,0.0051089673447411,0.750978066098207,6
647016,-0.2306681727012954,-1.1222377710152045,-1.0,-1.0,-0.5,3.0,0.0,-1.275008204445934,-0.658683161076804,-3.801784016923932,1.189120155654825,5.8849491923617165,0.0,-1.945257774202184,0.0,3.10628371950539,0.3478930391764715,-5.846818380501243,3
647555,0.2970512297205265,0.2600828618709601,-1.0,-0.5,-0.5,0.0,0.0,-1.0057789055147548,0.69823228777992,0.0,-0.3378778341536493,0.0,0.0,0.4641630654510255,0.0,0.0,-1.230296186786887,-1.8954644110668832,0
647597,0.5519430661607445,-0.2752294817283874,-1.0,-0.5,-1.0,0.0,4.0,-5.01837906474446,0.69823228777992,2.2239010857415447,-1.7312471447788258,-5.8849491923617165,0.0,-1.945257774202184,4.496556105601924,0.0,-5.009979129451652,0.3283469701850603,4
647638,-0.6751709574862931,-1.67308530127459,-1.0,-1.0,-0.5,0.0,0.0,-1.0889727247412972,-0.658683161076804,-3.801784016923932,0.0269891667947226,0.0,0.0,-1.945257774202184,0.0,3.10628371950539,-1.0190183515397992,-5.846818380501243,3
647662,1.5097390656714929,2.361725045541226,0.0,1.0,0.5,0.75,1.0,-0.0540890522040309,0.1350614931535953,0.0,-0.3378778341536493,0.0,0.5108256237659907,0.4641630654510255,1.8662394014360388,0.0,-0.4451242392245452,0.2558799459787902,5
647674,-0.2049274726775389,-0.0879858281037825,0.5,0.5,1.0,0.0,1.0,0.4979318767155203,0.1350614931535953,-0.7323949782604657,-0.4482343117054982,1.0,0.0,0.0,0.0,1.0,-0.0399085014385758,0.1158750131814048,5
647804,-0.8622993685384407,-0.7292238865448002,-0.5,0.0,0.0,0.0,2.0,0.1676945449619792,0.69823228777992,2.2239010857415447,-0.1423686188473956,3.4424745961808574,0.0,0.4641630654510255,0.0,0.0,0.449001360136906,0.0407283439919321,6
647862,0.4008683923867841,-0.2173706571356206,-1.0,-1.0,-0.5,0.0,0.0,-0.3493192428921639,-0.658683161076804,-3.801784016923932,0.3100019998680502,0.0,0.0,-1.945257774202184,0.0,3.10628371950539,-0.2085381598343432,-5.846818380501243,3
648201,0.5399829050491445,-0.3751629211508731,-1.5,-1.0,-1.0,0.0,0.0,-5.01837906474446,-0.658683161076804,-3.801784016923932,-1.7312471447788258,-5.8849491923617165,0.0,-1.945257774202184,0.0,0.0,,,1
648379,0.152640391233466,-0.5231327642549591,-1.0,-0.5,-0.5,0.0,0.0,-0.3795954965351481,-0.658683161076804,0.0,0.3100019998680502,0.0,0.0,0.4641630654510255,0.0,0.0,-0.2335278080161779,-0.2449867061106617,0
648852,0.9118139659726467,0.3354537328232688,-0.5,0.0,0.0,1.5,0.0,-0.4660917229575401,0.69823228777992,0.0,-0.5691161559187239,0.0,0.0,0.4641630654510255,0.0,0.0,-1.110354641666316,-0.49783851353949,0
648983,1.0414226736287682,1.1245277566605365,0.5,1.0,1.0,0.0,1.0,0.3284440081838901,-0.2218539557031286,0.6460181545591593,-0.1423686188473956,1.0,0.0,0.4641630654510255,0.0,0.0,0.1939697630490951,-0.4353492863203693,5
648990,-0.1753607007107251,0.6395543739241726,0.0,0.5,0.5,0.0,1.3333333333333333,-0.0021857299012968,0.341316838923196,0.8454879529219202,0.60981374613042,1.3087681003312956,0.0,0.4641630654510255,0.0,0.0,0.3439089221708699,-0.1937719795894504,5
649080,0.0888223684153056,-0.5231327642549591,-0.5,-0.5,0.0,1.5,0.0,0.1045629446768353,0.1350614931535953,-1.577882931182386,0.0269891667947226,0.0,0.0,-0.5358369345489745,0.0,1.8170594925112875,-0.3018093158046468,-0.7845754185842251,2
649081,1.5601106004260046,0.7650513326678573,0.5,1.0,0.5,0.0,1.0,-0.0970637232090711,0.1350614931535953,0.0,-0.2042491549703521,0.0,0.0,0.0,1.4475677406305645,0.0,-0.2925123583832493,-0.2033675219969634,5
649208,0.979924896458958,0.7528177715328302,-1.0,-0.5,-0.5,0.0,0.0,-0.6959345925001316,-0.658683161076804,0.0,0.7367495369393785,0.0,0.0,0.4641630654510255,0.0,0.0,-0.2140141028973567,-0.6985283414550323,0
649378,0.1032036390015857,0.3502240363019069,1.0,1.5,1.5,0.0,0.8,0.731763187897024,0.4919769420103195,1.0,-0.5193725488133742,1.5479441141749286,0.0,0.4641630654510255,0.0,0.0,0.3804038730980342,1.143973729354716,5
649935,0.036621446157369,-0.8781444948462946,-1.5,-1.0,-1.0,0.0,0.0,-5.01837906474446,-0.658683161076804,-3.801784016923932,-1.7312471447788258,-5.8849491923617165,0.0,-1.945257774202184,0.0,0.0,,,1
650049,0.9836679478199052,0.3939512500814855,-1.0,-0.5,-0.5,0.0,0.0,-0.62428251601284,1.491976942010319,3.801784016923932,1.055491476471528,3.4424745961808574,0.0,0.4641630654510255,0.0,0.0,0.5249300744299212,-1.884330089204848,6
650055,-0.6863062742965885,-0.9039711300422292,-0.5,0.0,0.0,0.0,0.0,0.2983480087729462,0.1350614931535953,0.0,-1.2169959899404237,0.0,0.0,0.4641630654510255,0.0,0.0,-1.3865107328196815,-0.0705776568335857,0
650079,-0.6313149709251721,-0.983314472996574,-0.5,0.0,-0.5,0.0,0.0,-0.6860215557564271,0.69823228777992,0.0,0.9061073225814968,0.0,0.0,-0.5358369345489745,2.6303167041658844,0.0,-0.0990271620011234,-0.0578502663695478,0
650606,-0.1985501688296633,-1.1803503916127198,-1.5,-1.0,-1.0,0.0,0.0,-5.01837906474446,-0.658683161076804,-3.801784016923932,-1.7312471447788258,-5.8849491923617165,0.0,-1.945257774202184,0.0,0.0,,,1
650901,-0.9572994030547236,-0.7053517390478198,0.5,0.0,1.0,1.5,0.0,0.485755387292567,-0.2218539557031286,-1.577882931182386,0.3718825359910068,0.0,0.0,-0.5358369345489745,0.0,1.8170594925112875,0.5597856535569757,-0.4193277232160048,2
651018,-0.8317292986385427,-1.865219659305709,-1.0,-0.5,-1.0,3.0,0.0,-5.01837906474446,0.69823228777992,0.0,-1.7312471447788258,-5.8849491923617165,0.0,-1.945257774202184,4.496556105601924,0.0,-5.009979129451652,-0.7791752381136142,4
651030,-1.1861165310721564,-0.6123631726854253,0.0,0.0,0.5,1.0,0.0,-0.5169367479377983,-0.658683161076804,-1.0,-0.0833673107571263,0.0,0.0,-0.1695975135107168,0.0,1.2892242269941023,-0.5967393266303141,0.2059761382095177,0
651193,0.1231437690478419,-0.160989241751724,0.0,0.5,0.0,1.0,0.0,-0.0243606518992428,0.341316838923196,2.2239010857415447,0.1763733206847534,1.8945304820059297,0.0,-0.1695975135107168,1.8662394014360388,0.0,0.3521581789919247,1.0416005491750415,6
651201,-0.3722901145563705,-0.1796235475848035,0.5,1.0,1.0,0.0,1.0,0.4154448493136884,-0.658683161076804,0.6460181545591593,-0.4482343117054982,1.0,0.0,0.4641630654510255,0.0,0.0,-0.0865073620400781,-0.0625717644444112,5
651269,-0.5079121361048262,0.3794715120532125,0.5,1.0,1.0,0.0,1.0,0.195842411752537,0.1350614931535953,0.6460181545591593,-0.4482343117054982,1.0,0.0,0.4641630654510255,0.0,0.0,-0.4026254302547219,0.7888722546379228,5
651274,1.130067369819843,0.4927349096618701,-1.5,-1.0,-1.0,0.0,0.0,-5.01837906474446,-0.658683161076804,-3.801784016923932,-1.7312471447788258,-5.8849491923617165,0.0,-1.945257774202184,0.0,0.0,,,1
651390,-0.3121452001754657,-0.4798342762580817,-1.0,-0.5,-0.5,0.0,0.0,-0.2585623848245567,0.69823228777992,0.0,-1.7312471447788258,0.0,0.0,0.4641630654510255,0.0,0.0,-5.009979129451652,-0.1795725176913415,0
651491,-0.5261909651618265,1.9603149887824227,1.0,1.0,2.0,1.5,1.3333333333333333,0.4633842040919734,-0.3569154488567242,-1.0,0.5055112151743036,0.0,0.3364722366212129,0.0979236444127681,0.0,1.5078734502500786,0.5557781104914205,-0.3113537956316715,5
651613,0.1316214806736528,0.7650513326678573,0.5,1.0,1.0,0.75,0.0,0.624531306964709,0.4368292053736752,0.6460181545591593,-0.1423686188473956,1.0,0.0,0.4641630654510255,0.0,0.0,0.3968514454355267,0.4109214087628431,5
651675,0.7621411229874593,0.1978772796996186,0.0,0.5,0.5,0.0,2.6666666666666665,0.3517700210773347,0.9999999999999998,0.0,-0.4872619880436798,0.0,0.0,0.4641630654510255,0.0,0.0,-0.7841470825075509,0.1458718491975947,5
651744,0.8233409783420634,2.0912578414163354,0.0,1.0,1.0,0.75,3.0,0.8831583677491119,0.1350614931535953,0.0,-0.2363597157400465,0.0,0.5108256237659907,1.0,0.0,0.0,0.3170554546080067,0.1474779543097865,5
651805,-0.9703588531690246,-1.0656153830619794,-0.5,0.0,0.0,0.0,0.0,-0.0658082731694688,0.1350614931535953,0.0,-0.3378778341536493,0.0,0.0,0.4641630654510255,0.0,0.0,-0.4547816054550017,0.1768409319027324,0
651818,0.2142446204098905,-0.7292238865448002,-0.5,0.0,-0.5,0.0,0.0,-0.6959345925001316,0.69823228777992,0.0,0.0269891667947226,0.0,0.0,-0.5358369345489745,2.6303167041658844,0.0,-0.6939469603220094,-0.5741835003037977,0
651828,0.2980141341699191,-0.2752294817283874,-0.5,-0.5,0.0,0.0,0.0,-1.0203068241065072,-0.658683161076804,1.223901085741545,0.4308838440812761,4.751242696512155,0.0,-0.5358369345489745,0.0,1.8170594925112875,-0.0605271818829305,0.4926206152799864,6
651941,-0.8317292986385427,-1.462625924074788,-1.0,-1.0,-0.5,0.0,0.0,-1.0654568244033888,-0.658683161076804,-3.801784016923932,-0.8521289889920516,0.0,0.0,-1.945257774202184,0.0,3.10628371950539,-1.7570562745470026,-5.846818380501243,3
651960,-0.1985501688296633,-1.1803503916127198,-1.5,-1.0,-1.0,0.0,0.0,-5.01837906474446,-0.658683161076804,-3.801784016923932,-1.7312471447788258,-5.8849491923617165,0.0,-1.945257774202184,0.0,0.0,,,1
652003,-0.5001355754344862,-0.9039711300422292,-1.5,-1.0,-1.0,0.0,0.0,-5.01837906474446,-0.658683161076804,-3.801784016923932,-1.7312471447788258,-5.8849491923617165,0.0,-1.945257774202184,0.0,0.0,,,1
652040,0.4305979975349077,0.0342356026297282,0.0,0.5,0.5,1.0,2.6666666666666665,0.4391075139689407,0.69823228777992,0.8454879529219202,-0.3378778341536493,1.3087681003312956,0.0,0.4641630654510255,0.0,0.0,-0.1244942096396034,0.3704319581232283,5
652190,1.1554937515459434,0.5201657237419183,-1.5,-1.0,-1.0,0.0,0.0,-5.01837906474446,-0.658683161076804,-3.801784016923932,-1.7312471447788258,-5.8849491923617165,0.0,-1.945257774202184,0.0,0.0,,,1
652359,-0.9225111419685876,-0.3548111444861987,0.0,0.5,0.5,0.0,0.0,0.6710042737939788,-0.658683161076804,0.0,0.3100019998680502,0.0,0.0,0.4641630654510255,0.0,0.0,0.8483004992607676,-0.8992068530482413,2
652416,-0.3283770551883735,-0.1425108733599631,-0.5,0.0,0.0,0.0,0.0,0.5322800670585888,0.1350614931535953,0.0,-0.8521289889920516,0.0,0.0,0.4641630654510255,0.0,0.0,-0.5351150215469285,0.721557801074197,0
652527,0.5614535425048608,-0.0523696989290143,-1.0,-0.5,-0.5,0.0,0.0,-0.5796901849871293,0.69823228777992,0.0,-0.8521289889920516,0.0,0.0,0.4641630654510255,0.0,0.0,-1.3573111474151736,-1.963346653285698,0
652737,1.5543578445862374,0.9744013643849618,-1.0,-0.5,-0.5,0.0,0.0,-0.4399335742612029,0.69823228777992,2.2239010857415447,0.5412403216331251,3.4424745961808574,0.0,0.4641630654510255,0.0,0.0,0.3515504772119569,-0.3021366761505703,6
653197,0.1500265905948246,-0.7533569369943934,-1.5,-1.0,-1.0,0.0,0.0,-5.01837906474446,-0.658683161076804,-3.801784016923932,-1.7312471447788258,-5.8849491923617165,0.0,-1.945257774202184,0.0,0.0,,,1
653228,0.0607538388130831,-0.9039711300422292,-1.5,-1.0,-1.0,0.0,0.0,-5.01837906474446,-0.658683161076804,-3.801784016923932,-1.7312471447788258,-5.8849491923617165,0.0,-1.945257774202184,0.0,0.0,,,1
653281,1.2898709770911512,1.4063885737233457,0.5,1.0,1.0,0.75,1.0,0.3800477890951697,-0.2218539557031286,0.6460181545591593,1.0197623700127063,1.0,0.0,0.4641630654510255,0.0,0.0,0.7237243427001451,0.1060237618155448,5
653332,-0.0229174433043562,-0.5013773948113078,-1.0,-0.5,-0.5,0.0,0.0,-0.549822810839958,-0.658683161076804,0.0,0.0269891667947226,0.0,0.0,0.4641630654510255,0.0,0.0,-0.5732721905629845,-0.7164274334470021,0
653640,-0.6367381116681852,-0.8526164401574539,-0.5,0.0,0.0,3.0,0.0,0.1801250946026472,0.69823228777992,1.223901085741545,0.7367495369393785,0.0,0.0,0.4641630654510255,0.0,0.0,0.3945696245805159,0.5649083477464026,5
653724,0.565598415362467,0.5872879779418604,0.5,1.0,1.0,0.75,0.0,0.6886076530737741,0.4368292053736752,0.6460181545591593,-0.4482343117054982,1.0,0.0,0.4641630654510255,0.0,0.0,0.2802152333057709,-0.0027892366924652,5
653838,-0.2263520655628703,-0.0523696989290143,0.0,1.0,0.0,0.75,1.0,-0.9500496134530128,0.69823228777992,1.223901085741545,0.0269891667947226,0.0,0.5108256237659907,-0.1695975135107168,3.313807142066604,0.0,-0.9040295682741992,0.9624355209304122,0
653852,-0.1586837968356152,-0.3346452313910828,-1.0,-0.5,-0.5,0.0,0.0,-0.1269816022505823,0.69823228777992,0.0,-1.7312471447788258,0.0,0.0,0.4641630654510255,0.0,0.0,-5.009979129451652,-1.3617272138313825,0
654233,0.5321653864945586,0.3056133849682904,0.5,1.0,1.0,0.0,1.0,0.4906471189097067,0.1350614931535953,0.0,-0.1423686188473956,0.0,0.0,0.4641630654510255,0.0,0.0,0.0278773487338171,-0.1907623208327133,5
654259,-0.1257925380823218,0.0342356026297282,1.0,1.5,1.5,0.0,0.0,0.5241164200415934,0.4919769420103195,1.0,0.1478710110079485,1.5479441141749286,0.0,0.4641630654510255,0.0,0.0,0.77434780788074,1.0615496448194532,5
654395,-0.5109455735858626,-0.5231327642549591,-0.5,0.0,0.0,0.0,0.0,0.5674339162881334,0.1350614931535953,0.0,-0.8521289889920516,0.0,0.0,0.4641630654510255,0.0,0.0,-0.4133244005045414,-1.167363234257646,0
654687,1.2291843801817957,0.9182112552292012,0.0,-0.5,0.0,1.0,1.3333333333333333,-0.6474960614157483,-0.0955123664504794,-2.223901085741545,0.5412403216331251,0.0,0.0,-1.945257774202184,1.8662394014360388,2.2892242269941026,-0.3671946086848964,-1.0477435487090208,2
654913,1.1802683953523865,0.4509389841865806,-0.5,-0.5,0.0,0.0,0.0,0.4745570400982535,0.1350614931535953,-1.577882931182386,1.3100019998680503,0.0,0.0,-0.5358369345489745,0.0,1.8170594925112875,1.0608617395327893,-2.0374938689378457,2
655022,-0.0549197003472214,-1.0104087041727063,-1.5,-1.0,-1.0,0.0,0.0,-5.01837906474446,-0.658683161076804,-3.801784016923932,-1.7312471447788258,-5.8849491923617165,0.0,-1.945257774202184,0.0,0.0,,,1
655051,0.5614535425048608,0.1978772796996186,-1.0,-0.5,-0.5,3.0,0.0,-0.2675104165746464,-0.658683161076804,0.0,-0.8521289889920516,0.0,0.0,0.4641630654510255,0.0,0.0,-1.1004134292804029,-0.2447109625664044,0
655166,-0.5938096843845948,1.0720751208824848,-1.0,0.0,-0.5,1.5,2.0,-5.01837906474446,0.69823228777992,2.2239010857415447,-1.7312471447788258,-5.8849491923617165,1.0986122886681096,0.4641630654510255,4.496556105601924,0.0,-5.009979129451652,0.3359662002402508,4
655300,-0.3746316801076703,-0.1796235475848035,-0.5,0.0,0.0,1.5,2.0,0.0300194030375924,0.69823228777992,0.0,-0.1423686188473956,0.0,0.0,0.4641630654510255,0.0,0.0,-0.1893742257912475,-0.5856903139769047,0
655499,0.2075042813394017,-0.3346452313910828,-0.5,-0.5,0.0,1.5,2.0,-0.5291191057528215,-0.658683161076804,0.0,0.3100019998680502,1.8945304820059297,0.0,-0.5358369345489745,0.0,1.8170594925112875,-0.2437814172157589,0.189204476247665,2
656150,0.0032499134656297,-0.7777566563817965,-1.0,-0.5,-0.5,0.0,0.0,-0.3074223555998511,-0.658683161076804,0.0,0.0269891667947226,0.0,0.0,0.4641630654510255,0.0,0.0,-0.3732203620710077,-1.7725916467100613,0
656346,0.2243074077441219,-0.2173706571356206,-0.5,0.0,0.0,0.0,0.0,-0.2765544934337305,0.69823228777992,0.0,1.1240649009688228,0.0,0.0,0.4641630654510255,0.0,0.0,0.2558713111721714,-0.1940769191538164,0
656422,1.3784918505588917,0.7031942868616717,0.5,1.0,0.5,0.0,0.0,0.2494651720590502,0.69823228777992,1.7466597846047676,-0.6566197736857983,3.4424745961808574,0.0,0.0,1.4475677406305645,0.0,0.0135741286217314,1.0460624439580974,6
656471,-0.2371620637142467,1.3509508803298231,-0.5,0.5,0.5,2.0,2.6666666666666665,-0.006574273178458,0.69823228777992,0.8454879529219202,0.95788183388975,1.3087681003312956,0.6931471805599453,1.2398233261424922,0.0,0.0,0.5283542181122642,-0.5826030583591565,5
656560,0.3041918002708972,-0.4798342762580817,-1.0,-0.5,-0.5,0.0,0.0,-1.582652520376645,1.491976942010319,0.0,1.055491476471528,0.0,0.0,0.4641630654510255,0.0,0.0,-0.751166022029556,-1.1442728749820357,0
656626,1.040698630727016,0.1338683882105274,-1.5,-1.0,-1.0,0.0,0.0,-5.01837906474446,-0.658683161076804,-3.801784016923932,-1.7312471447788258,-5.8849491923617165,0.0,-1.945257774202184,0.0,0.0,,,1
656708,-0.0037990970921994,0.6779579877571728,-0.5,0.0,0.0,0.0,0.0,-0.2294038211540631,0.69823228777992,0.0,-0.3378778341536493,0.0,0.0,0.4641630654510255,0.0,0.0,-0.58961541787169,0.2179065099704306,0
656850,0.140660061063292,-1.0104087041727063,-1.5,-1.0,-1.0,0.0,0.0,-5.01837906474446,-0.658683161076804,-3.801784016923932,-1.7312471447788258,-5.8849491923617165,0.0,-1.945257774202184,0.0,0.0,,,1
656873,-1.3980855877967648,-0.6817349135302966,0.0,0.5,0.0,0.0,1.3333333333333333,-0.3362046060884055,-0.658683161076804,0.0,-0.1423686188473956,0.0,0.0,-0.1695975135107168,1.8662394014360388,0.0,-0.5629656602971103,0.1324354811695203,0
656920,-0.5058927189305872,0.2446949798295298,0.0,0.0,-0.5,1.0,0.0,-0.0425305938046579,-0.0955123664504794,0.8454879529219202,-0.3378778341536493,3.4424745961808574,0.0,-1.945257774202184,3.313807142066604,1.2892242269941023,0.0445470459371229,0.1126722190355808,6
657122,-0.3473937549320742,-0.7053517390478198,-0.5,-0.5,0.0,0.0,0.0,-0.6061614218076303,-0.658683161076804,-1.577882931182386,0.5412403216331251,0.0,0.0,-0.5358369345489745,0.0,1.8170594925112875,-0.2810637600523635,-1.4556055530828145,2
657343,-0.0839247720505603,1.664442816125154,-1.0,0.0,0.0,1.5,2.0,0.284445978220114,-0.658683161076804,0.0,0.0269891667947226,0.0,1.0986122886681096,1.8735839051042344,0.0,0.0,0.11470955936198,-0.0400979349695645,5
657514,-0.7853617022400899,-1.9890737349467675,-1.5,-1.0,-1.0,0.0,0.0,-5.01837906474446,-0.658683161076804,-3.801784016923932,-1.7312471447788258,-5.8849491923617165,0.0,-1.945257774202184,0.0,0.0,,,1
657591,0.2996178157356711,-0.0347747680912913,0.5,0.5,1.0,0.0,1.0,0.3992923085876588,-0.2218539557031286,1.223901085741545,-0.1423686188473956,2.703731733044999,0.0,0.0,0.0,1.0,0.3151518825428051,0.6532842148086452,6
657629,-0.0344880198186815,-0.2557742709686207,0.5,0.5,0.5,0.0,1.0,0.0,-0.2218539557031286,0.6460181545591593,0.5412403216331251,0.0,0.0,-0.5358369345489745,1.4475677406305645,1.0,0.2931330755536886,0.6189357669564058,5
657796,-0.3840289359638635,-0.983314472996574,-1.0,-0.5,-0.5,0.0,0.0,-2.022648460827467,0.69823228777992,0.0,0.3100019998680502,0.0,0.0,0.4641630654510255,0.0,0.0,-1.598524937374849,-0.5114948793373612,0
658234,0.4259974208020598,-0.3548111444861987,-1.0,-0.5,-1.0,0.0,0.0,-5.01837906474446,0.69823228777992,0.0,-1.7312471447788258,-5.8849491923617165,0.0,-1.945257774202184,4.496556105601924,0.0,-5.009979129451652,-1.0177618872320722,4
658528,-0.142162029197963,-0.8273801410529529,-1.0,-0.5,-0.5,0.0,0.0,-0.058757199348954,0.69823228777992,0.0,-0.8521289889920516,0.0,0.0,0.4641630654510255,0.0,0.0,-0.9286270722359148,-2.228350421368001,0
658774,-0.5446598721057023,-0.4373685033222146,-0.5,-0.5,-0.5,0.0,0.0,-0.0921790810977816,0.69823228777992,-1.577882931182386,1.521876595833502,3.4424745961808574,0.0,-1.945257774202184,2.6303167041658844,1.8170594925112875,1.2455697457855903,-2.0244543624353866,2
659128,-0.8256779223810709,0.5472599549180527,1.0,1.5,1.5,0.6000000000000001,1.6,0.5182364352274699,0.8848129434284441,0.0,-0.2560236662786049,0.0,0.0,0.4641630654510255,0.0,0.0,0.0374109175654448,0.850477840919336,5
659161,-0.5991193362117582,-0.0879858281037825,1.0,1.5,1.0,0.0,0.0,0.4532475596816362,0.0,1.0,-0.2363597157400465,1.8945304820059297,0.0,0.0979236444127681,1.18274896353532,0.0,0.26660561707634,0.8464814701321222,6
659162,0.8053461211309961,0.5064929114075749,0.5,1.0,1.0,0.0,0.0,0.6808595671728478,0.1350614931535953,0.6460181545591593,0.1763733206847534,1.0,0.0,0.4641630654510255,0.0,0.0,0.5098532339361211,0.6748658896520763,5
659360,0.8281089737247963,0.6906121893614907,-1.0,0.0,0.0,3.0,2.0,-0.8249911539501583,-0.658683161076804,0.0,1.6158676927261533,0.0,1.0986122886681096,1.8735839051042344,0.0,0.0,0.2149028185954418,0.3515041577072406,5
659664,-0.3102073088611108,-0.1796235475848035,1.0,1.5,1.0,0.6000000000000001,0.0,0.0487677306243735,-0.30176771222008,0.0,-0.5691161559187239,0.0,0.0,0.0979236444127681,1.18274896353532,0.0,-0.5991303210221322,0.4801776329457342,5
659744,-0.6097864986882443,-0.1425108733599631,0.5,0.0,1.0,0.0,1.0,0.624531306964709,-0.658683161076804,-1.577882931182386,0.6427584400467276,0.0,0.0,-0.5358369345489745,0.0,1.8170594925112875,0.765368561278552,-0.3859363632011658,2
659832,-1.3732449421243034,-0.2173706571356206,0.5,1.0,0.5,0.0,1.0,0.0711299175201806,-0.2218539557031286,0.6460181545591593,-0.4872619880436798,1.3087681003312956,0.0,0.0,1.4475677406305645,0.0,-0.3847276886140024,0.7969448707175205,5
660110,-0.5832377649951797,-0.3146618177495106,-0.5,0.0,0.0,0.0,0.0,0.1871467886081523,0.1350614931535953,0.0,-0.3378778341536493,0.0,0.0,0.4641630654510255,0.0,0.0,-0.2463686877047876,-0.0057461337792512,0
660821,1.2310829129263403,0.6524299330683321,-1.5,-1.0,-1.0,0.0,0.0,-5.01837906474446,-0.658683161076804,-3.801784016923932,-1.7312471447788258,-5.8849491923617165,0.0,-1.945257774202184,0.0,0.0,,,1
660894,-0.4808418492875418,-1.565349196005918,-1.5,-1.0,-1.0,0.0,0.0,-5.01837906474446,-0.658683161076804,-3.801784016923932,-1.7312471447788258,-5.8849491923617165,0.0,-1.945257774202184,0.0,0.0,,,1
660903,-0.5147446706780621,-1.6006803839406132,-1.5,-1.0,-1.0,0.0,0.0,-5.01837906474446,-0.658683161076804,-3.801784016923932,-1.7312471447788258,-5.8849491923617165,0.0,-1.945257774202184,0.0,0.0,,,1
660959,0.90042151374023,0.1500453992945883,-1.5,-1.0,-1.0,0.0,0.0,-5.01837906474446,-0.658683161076804,-3.801784016923932,-1.7312471447788258,-5.8849491923617165,0.0,-1.945257774202184,0.0,0.0,,,1
661614,-0.1711767713002504,-1.0378395182527564,-1.0,-1.0,-0.5,0.0,0.0,-0.2180171829458386,-0.658683161076804,-3.801784016923932,1.055491476471528,0.0,0.0,-1.945257774202184,0.0,3.10628371950539,0.3801355545229186,-5.846818380501243,3
661639,0.6873068812038445,-0.0523696989290143,-1.0,-0.5,-0.5,0.0,0.0,-1.0810609445042134,-0.658683161076804,0.0,0.3100019998680502,0.0,0.0,0.4641630654510255,0.0,0.0,-0.8135350217593769,-0.6018246457108981,0
661697,0.2607240597573156,-0.160989241751724,-0.5,0.0,0.0,0.0,0.0,-0.158000997265679,0.1350614931535953,2.2239010857415447,-0.5691161559187239,3.4424745961808574,0.0,0.4641630654510255,0.0,0.0,-0.1535097060669807,0.0690903626438469,6
661930,0.152640391233466,-0.589715259924501,-1.0,-1.0,-0.5,3.0,0.0,0.0870284722896642,-0.658683161076804,-3.801784016923932,0.5412403216331251,0.0,0.0,-1.945257774202184,0.0,3.10628371950539,0.3060094519502264,-5.846818380501243,3
662010,-0.2502215138285469,0.1011544248762458,0.5,1.0,1.0,0.75,0.0,0.7579152969836896,0.1350614931535953,1.7466597846047676,-0.2363597157400465,2.703731733044999,0.0,0.4641630654510255,0.0,0.0,0.6748298167826402,0.5943131251383761,6
662535,-1.2639133710629726,-1.9057373490655,-1.0,-0.5,-0.5,0.0,0.0,-0.4039196137942915,0.69823228777992,0.0,-0.8521289889920516,0.0,0.0,0.4641630654510255,0.0,0.0,-1.2126667366504698,-1.7811159450916996,0
662596,-1.627403089733101,1.4515466329356972,-0.5,0.0,0.0,1.0,1.3333333333333333,-0.1553719829504427,-0.0955123664504794,-2.223901085741545,1.189120155654825,3.4424745961808574,0.6931471805599453,-0.5358369345489745,2.6303167041658844,1.8170594925112875,0.9939721770171396,-1.2189943195463586,2
662750,-0.7779951333492916,-1.6365860878501548,-1.5,-1.0,-1.0,0.0,0.0,-5.01837906474446,-0.658683161076804,-3.801784016923932,-1.7312471447788258,-5.8849491923617165,0.0,-1.945257774202184,0.0,0.0,,,1
663017,-0.3238171625337165,0.1978772796996186,0.5,1.0,1.0,0.75,1.0,0.5969661071238132,0.69823228777992,1.223901085741545,0.2449467451820483,1.8945304820059297,0.0,0.4641630654510255,0.0,0.0,0.6450576043324374,0.6560990151274533,6
663376,0.18810400965586,-0.6123631726854253,-1.0,-0.5,-0.5,0.0,0.0,-0.8249911539501583,-0.658683161076804,0.0,-1.7312471447788258,0.0,0.0,0.4641630654510255,0.0,0.0,-5.009979129451652,-0.9567715378171712,0
663565,-0.3306613991861102,-0.4373685033222146,0.5,0.5,1.0,0.75,0.0,0.9102165530367357,0.1350614931535953,0.0,0.6906244755231556,1.8945304820059297,0.0,0.0,0.0,1.0,1.6436285691782784,0.3099159085814428,5
664084,0.1280940173226577,-0.3346452313910828,-1.0,-0.5,-0.5,0.0,0.0,-1.0577618083242022,0.69823228777992,0.0,-0.3378778341536493,0.0,0.0,0.4641630654510255,0.0,0.0,-1.2732631500110154,-1.325986470795079,0
664119,-0.5660050729975353,-0.983314472996574,-1.0,-1.0,-0.5,0.0,4.0,-0.3200932470737037,-0.658683161076804,-3.801784016923932,1.055491476471528,0.0,0.0,-1.945257774202184,0.0,3.10628371950539,0.2228534174512629,-5.846818380501243,3
664401,-1.164053176369689,1.2940854510316966,0.0,1.0,1.0,1.5,2.0,0.5205933553781293,-0.658683161076804,0.0,0.8658404674405767,0.0,0.5108256237659907,1.0,0.0,0.0,0.6895365276374334,1.2050559901160118,5
664405,0.5647702142686992,1.688664106185414,-0.5,0.5,0.5,1.0,2.6666666666666665,-0.2067823711093864,-0.658683161076804,0.0,-0.4872619880436798,0.0,0.6931471805599453,1.2398233261424922,0.0,0.0,-0.7050890152818449,0.2079032976838,5
664617,0.3076145749155042,0.6652308508706292,0.5,-0.5,1.0,0.75,0.0,0.5730589151702499,-0.658683161076804,-2.5778829311823865,0.5930148329413781,0.0,0.0,-1.169597513510717,0.0,2.5078734502500786,0.8122806708713364,-0.5809835996903684,2
664663,-1.0269584179796412,-0.0523696989290143,1.0,1.0,1.5,1.2000000000000002,1.6,0.2655457823371474,0.4919769420103195,-0.5778829311823854,-0.1066395123885741,1.5479441141749286,0.0,0.0979236444127681,0.0,0.8170594925112873,0.4884288374872317,-0.3931811165752551,5
664998,-0.3746316801076703,-0.7777566563817965,-0.5,0.0,-0.5,1.5,0.0,-1.315623218529378,0.69823228777992,2.2239010857415447,-0.8521289889920516,5.8849491923617165,0.0,-0.5358369345489745,2.6303167041658844,0.0,-1.2068884724899576,-0.2528770530896544,6
665329,-0.458594244653544,0.0,0.0,0.5,0.5,0.0,1.3333333333333333,0.2860020237305984,-0.658683161076804,1.577882931182386,-0.8521289889920516,2.4424745961808583,0.0,0.4641630654510255,0.0,0.0,-0.3561409841357402,0.4981075933626182,6
665397,-0.5758746863454215,-0.5672972791819948,-0.5,0.0,0.0,0.0,0.0,0.2921976281482574,-0.658683161076804,0.0,-0.5691161559187239,0.0,0.0,0.4641630654510255,0.0,0.0,-0.2609209046438022,-0.8054830641136722,0
665505,1.257451457691521,1.1141364333104238,1.0,1.0,1.5,0.6000000000000001,0.0,0.2280907981194525,-0.30176771222008,-0.5778829311823854,0.0269891667947226,0.8092012510390698,0.0,0.0979236444127681,0.0,0.8170594925112873,0.415672521934489,0.0680774849539881,5
665593,0.7700304295227128,1.6234740688340503,0.5,1.5,1.5,0.6000000000000001,1.6,0.4894268458442015,1.055147736636644,0.5227586988632229,-0.1066395123885741,0.8092012510390698,0.4054651081081644,0.8735839051042346,0.0,0.0,0.2839115175869214,0.6586676503762332,5
665676,0.4589591145550679,-0.160989241751724,-1.0,-0.5,-0.5,0.0,0.0,-0.5456411724586002,0.69823228777992,0.0,-0.3378778341536493,0.0,0.0,0.4641630654510255,0.0,0.0,-0.8503903849462744,-1.0728152661271648,0
665746,-0.5885158586668233,1.9172976776409685,-0.5,0.5,0.0,2.0,2.6666666666666665,-0.0109857932266889,0.69823228777992,0.8454879529219202,0.0269891667947226,0.0,0.6931471805599453,0.4641630654510255,2.6303167041658844,0.0,-0.1287653252961859,0.5974139159380405,5
665887,0.6740028698326137,0.4788906502885904,1.0,0.5,0.5,0.0,0.0,-0.2735290021958272,-0.30176771222008,0.0,0.60981374613042,0.0,0.0,-1.3114971952404413,2.18274896353532,1.5078734502500786,0.1265843787757585,0.5367633592653324,5
665892,-0.2611782247854098,0.728145423941257,1.0,1.0,1.5,0.6000000000000001,1.6,0.822068019224927,0.0,-0.5778829311823854,0.0888697029176791,0.0,0.0,0.0979236444127681,0.0,0.8170594925112873,0.5712616301925046,0.2065060115402697,5
665980,-0.4192376201111174,-1.3644696695666334,-1.5,-1.0,-1.0,0.0,0.0,-5.01837906474446,-0.658683161076804,-3.801784016923932,-1.7312471447788258,-5.8849491923617165,0.0,-1.945257774202184,0.0,0.0,,,1
666049,-0.4317758224807042,-0.4373685033222146,-0.5,0.0,0.0,0.0,0.0,0.1084104326608551,-0.658683161076804,3.801784016923932,-0.3378778341536493,5.8849491923617165,0.0,0.4641630654510255,0.0,0.0,0.399125781829846,0.2332459414770577,6
666174,-1.164053176369689,1.7906572897855868,-0.5,0.5,0.0,1.0,1.3333333333333333,-0.203996919301769,-0.0955123664504794,0.0,-0.3378778341536493,0.0,0.6931471805599453,0.4641630654510255,2.6303167041658844,0.0,-0.5686725870526086,0.3054496636120654,5
666292,-0.0539414148840952,-0.0347747680912913,-1.0,0.0,0.0,1.5,2.0,0.6876430297234725,0.69823228777992,2.2239010857415447,1.6158676927261533,0.0,1.0986122886681096,1.8735839051042344,0.0,0.0,1.463368350663114,0.5810587664172053,5
666718,1.074058226172515,0.084613882090961,-0.5,0.0,-0.5,0.0,2.0,-0.5928218544757642,0.1350614931535953,0.0,-0.3378778341536493,0.0,0.0,-0.5358369345489745,2.6303167041658844,0.0,-1.3023606089426156,-0.3948947441072979,0
666942,-1.2253994609935717,-2.4606778408987102,-1.5,-1.0,-1.0,0.0,0.0,-5.01837906474446,-0.658683161076804,-3.801784016923932,-1.7312471447788258,-5.8849491923617165,0.0,-1.945257774202184,0.0,0.0,,,1
667299,0.2492177349283896,-0.3146618177495106,-1.5,-1.0,-1.0,0.0,0.0,-5.01837906474446,-0.658683161076804,-3.801784016923932,-1.7312471447788258,-5.8849491923617165,0.0,-1.945257774202184,0.0,0.0,,,1
667536,-1.4539896287891882,-1.332697148215006,-0.5,0.0,0.0,0.0,0.0,-0.3460213975689505,1.1350614931535954,0.0,-1.2169959899404237,0.0,0.0,0.4641630654510255,0.0,0.0,-1.339666742781726,0.2435465443748896,0
667643,0.1255701044161817,-0.983314472996574,-1.5,-1.0,-1.0,0.0,0.0,-5.01837906474446,-0.658683161076804,-3.801784016923932,-1.7312471447788258,-5.8849491923617165,0.0,-1.945257774202184,0.0,0.0,,,1
667718,0.4851425452220668,1.235716797952375,0.0,1.0,0.5,1.5,1.0,-0.6197155758110998,0.4368292053736752,1.7466597846047676,-0.3378778341536493,1.8945304820059297,0.5108256237659907,0.4641630654510255,1.8662394014360388,0.0,-1.034550885207466,1.300673498279794,6
667916,0.3532989021598062,0.1661047583479931,0.0,0.5,0.0,0.0,0.0,-0.1118898841031928,-0.0955123664504794,0.0,0.0269891667947226,0.0,0.0,-0.1695975135107168,1.8662394014360388,0.0,-0.5104443345095271,0.6022239571944816,0
667929,-0.6205181157096885,-0.9301034129840848,-1.0,-0.5,-1.0,0.0,4.0,-5.01837906474446,0.69823228777992,0.0,-1.7312471447788258,-5.8849491923617165,0.0,-1.945257774202184,4.496556105601924,0.0,-5.009979129451652,-1.8436099631297087,4
667981,-0.9456274406964738,-0.0701059560259865,0.0,0.5,0.5,0.0,0.0,0.507547940049412,-0.658683161076804,0.0,0.7367495369393785,0.0,0.0,0.4641630654510255,0.0,0.0,0.6015041222038154,0.0038825218200866,5
668083,-0.6205181157096885,-1.5305744279146267,-0.5,-0.5,-0.5,0.0,0.0,-1.8108913245397704,-0.658683161076804,-1.577882931182386,0.5412403216331251,0.0,0.0,-1.945257774202184,2.6303167041658844,1.8170594925112875,-1.2669595821745068,-0.922102832780795,0
668172,0.0056834519327694,-0.1796235475848035,0.0,0.5,0.0,1.0,0.0,0.4391075139689407,0.341316838923196,0.8454879529219202,-0.5691161559187239,0.0,0.0,-0.1695975135107168,1.8662394014360388,0.0,-0.2010786604561456,0.8578489505907189,5
668677,0.4412865586609458,0.0511563914573724,-0.5,0.0,0.0,0.0,0.0,0.1026325923904887,-0.658683161076804,1.223901085741545,-0.5691161559187239,1.8945304820059297,0.0,0.4641630654510255,0.0,0.0,-0.3159927402858523,-0.5013779069043085,6
668776,-1.0494277795905869,-0.5672972791819948,0.0,0.0,0.5,1.0,1.3333333333333333,0.2413082990217914,-0.0955123664504794,-1.0,0.6748690008164222,1.3087681003312956,0.0,-0.1695975135107168,0.0,1.2892242269941023,0.828207100037191,-0.4864796358679842,2
669140,-1.5666492509200185,-1.5305744279146267,-0.5,-0.5,0.0,1.5,0.0,-1.0810609445042134,0.69823228777992,-1.577882931182386,-0.1423686188473956,0.0,0.0,-0.5358369345489745,0.0,1.8170594925112875,-1.0809486371223944,-1.3474602999391123,2
669155,-0.2104120180962608,-1.0656153830619794,-1.0,-1.0,-0.5,0.0,4.0,-1.163734893384068,-0.658683161076804,-3.801784016923932,1.9346096322583015,0.0,0.0,-1.945257774202184,0.0,3.10628371950539,0.0842798984264426,-5.846818380501243,3
669329,0.0597056964318799,-0.6352457830218333,-0.5,-0.5,0.0,0.0,0.0,0.3487883375282002,-0.658683161076804,1.223901085741545,1.189120155654825,3.4424745961808574,0.0,-0.5358369345489745,0.0,1.8170594925112875,1.737998425451271,0.0191854622545187,6
669348,0.6234349782693877,-0.0879858281037825,-0.5,0.0,0.0,0.0,0.0,-0.7797400984355424,0.1350614931535953,0.0,0.1763733206847534,0.0,0.0,0.4641630654510255,0.0,0.0,-0.6565296841350748,0.1753771307131381,0
669356,0.6206275845508831,-0.1796235475848035,-1.0,-0.5,-0.5,0.0,0.0,-0.8426070932214954,0.69823228777992,0.0,0.5412403216331251,0.0,0.0,0.4641630654510255,0.0,0.0,-0.4616226952058042,-0.7523929261013741,0
669449,0.6425670542595154,2.5813145795711714,0.0,1.5,1.5,1.2000000000000002,3.2,0.7142436100631411,0.2614030824062447,1.0,0.5412403216331251,0.0,0.8472978603872036,1.4641630654510254,0.0,0.0,0.857773460211722,1.3577314561597296,5
670471,-0.3934761774586333,-0.8273801410529529,-0.5,0.0,0.0,0.0,0.0,0.1459488631182283,0.1350614931535953,0.0,-0.3378778341536493,0.0,0.0,0.4641630654510255,0.0,0.0,-0.2803071994900609,-0.7619450070463972,0
670626,1.4673908880386983,1.0507401516565449,0.5,0.5,0.5,0.0,0.0,0.284445978220114,0.1350614931535953,-0.7323949782604657,-0.0833673107571263,1.3087681003312956,0.0,-0.5358369345489745,1.4475677406305645,1.0,0.3330672588003342,0.4066758415893332,5
670971,-0.1141917312383313,-0.7533569369943934,-1.0,-0.5,-0.5,0.0,0.0,-0.8134485295510019,-0.658683161076804,0.0,-1.7312471447788258,0.0,0.0,0.4641630654510255,0.0,0.0,-5.009979129451652,-1.364440166931948,0
671066,1.3475371177064648,0.7528177715328302,-1.0,-0.5,-0.5,0.0,0.0,-1.1992179637495972,-0.658683161076804,0.0,0.7367495369393785,0.0,0.0,0.4641630654510255,0.0,0.0,-0.6309876549810879,-1.9314105305355027,0
671151,0.3187498917258005,0.728145423941257,0.5,1.5,1.0,1.2000000000000002,1.6,0.0751327678248068,0.69823228777992,1.0,0.1285072852083251,0.0,0.4054651081081644,0.4641630654510255,1.4475677406305645,0.0,-0.05394954185473,0.5420316451456092,5
671367,1.0388872310662765,0.6004710149305419,2.0,1.5,2.5,0.8571428571428571,0.0,1.0746491475800786,0.22612978235164,-0.8454879529219202,0.3804812089518964,1.1337064958495628,0.0,-0.071673869097949,0.0,1.1262455347724958,1.1866855545406876,0.2643101004466421,5
671368,-0.5218217693214898,-0.983314472996574,-1.0,-0.5,-0.5,3.0,0.0,-0.8852023629859997,0.69823228777992,0.0,0.7367495369393785,0.0,0.0,0.4641630654510255,0.0,0.0,-0.3706314815779349,-0.0524560054565946,0
671975,-0.5139842008683698,-0.2364889768829301,0.0,0.5,0.5,0.0,1.3333333333333333,-0.2409464455532194,-0.658683161076804,0.0,0.0269891667947226,0.0,0.0,0.4641630654510255,0.0,0.0,-0.6578318210183361,0.2873278227867217,0
671999,-0.142162029197963,1.313203770779006,-1.0,-0.5,0.0,1.5,2.0,-0.2675104165746464,-0.658683161076804,-3.801784016923932,-0.3378778341536493,3.4424745961808574,1.0986122886681096,0.4641630654510255,0.0,3.10628371950539,-0.141027142382333,-5.846818380501243,3
672009,0.5878150982657808,0.4649590448526473,-0.5,0.0,0.0,1.5,0.0,-0.279590887366316,-0.658683161076804,3.801784016923932,-0.8521289889920516,5.8849491923617165,0.0,0.4641630654510255,0.0,0.0,-0.3502612229119027,0.7636638937544896,6
672112,-0.6286095976474712,-0.4584993070321419,0.5,0.0,0.5,1.5,0.0,-0.1295233791538115,-0.2218539557031286,-1.577882931182386,0.5412403216331251,0.0,0.0,-1.169597513510717,1.4475677406305645,1.8170594925112875,0.1448433980334863,-0.7319256838638234,2
672468,-0.8622993685384407,-0.3346452313910828,1.0,1.0,1.5,0.6000000000000001,0.8,0.8286252383446995,-0.30176771222008,0.0,-0.1791334945787352,0.8092012510390698,0.0,0.0979236444127681,0.0,0.8170594925112873,0.5953720533208581,1.0660195455538672,5
673076,-0.3828515562632048,-0.9039711300422292,-1.0,-0.5,-0.5,3.0,0.0,-0.6713673010965979,1.491976942010319,0.0,-0.3378778341536493,0.0,0.0,0.4641630654510255,0.0,0.0,-0.9541293523491752,-2.020888744144988,0
673286,-0.5885158586668233,-0.2752294817283874,-0.5,-1.0,0.0,1.5,0.0,-0.144937194427998,-0.658683161076804,-3.801784016923932,0.9829974942813668,0.0,0.0,-1.945257774202184,0.0,3.10628371950539,0.3485039534772762,-5.846818380501243,3
673874,1.1478400672475282,0.4788906502885904,-1.0,-0.5,-0.5,0.0,0.0,-0.9705185974517686,0.69823228777992,0.0,1.4203584774198996,0.0,0.0,0.4641630654510255,0.0,0.0,-0.0214452051688168,-0.0735735990496753,0
674375,-1.277217382434204,-1.5305744279146267,-0.5,-0.5,0.0,0.0,2.0,-0.7908270795063252,0.1350614931535953,-1.577882931182386,0.9061073225814968,0.0,0.0,-0.5358369345489745,0.0,1.8170594925112875,-0.1592645185686701,-0.6447737210451746,2
675053,-0.2567874259770644,-0.160989241751724,0.0,0.5,0.5,1.0,0.0,0.5607282312645839,0.341316838923196,0.0,-0.2042491549703521,0.0,0.0,0.4641630654510255,0.0,0.0,0.283505889491387,0.2227432069857651,5
675201,0.1316214806736528,0.5606834135017086,1.5,1.5,2.0,0.4999999999999998,1.3333333333333333,0.6631614004495191,0.1350614931535953,-0.4772413011367771,0.0787636781029754,0.0,0.0,0.1617063421381263,0.0,0.690813957738791,0.5645978660878926,0.8518477983472114,5
675594,-0.0275366324188616,0.7405160565023101,0.0,0.5,0.5,1.0,1.3333333333333333,-0.2826382628560088,0.69823228777992,0.0,-0.2042491549703521,0.0,0.0,0.4641630654510255,0.0,0.0,-0.737288947714407,-0.4493583638036318,0
676043,-0.281389847893097,-0.9565486648353788,-1.5,-1.0,-1.0,0.0,0.0,-5.01837906474446,-0.658683161076804,-3.801784016923932,-1.7312471447788258,-5.8849491923617165,0.0,-1.945257774202184,0.0,0.0,,,1
676373,0.3047398876733038,-0.7777566563817965,-0.5,-0.5,0.0,0.0,0.0,-0.1984534887515583,0.1350614931535953,-1.577882931182386,0.9061073225814968,0.0,0.0,-0.5358369345489745,0.0,1.8170594925112875,0.3939979941387762,-0.5293303726497188,2
676570,0.4903332275724987,1.7363239160834387,-0.5,0.5,0.5,1.0,1.3333333333333333,0.6087813455126837,0.341316838923196,1.577882931182386,-1.0833673107571262,2.4424745961808583,0.6931471805599453,1.2398233261424922,0.0,0.0,0.4008266519056685,0.8192450786665485,6
676707,-0.1634326692193839,-0.8781444948462946,-1.0,-0.5,-1.0,0.0,0.0,-5.01837906474446,0.69823228777992,2.2239010857415447,-1.7312471447788258,-5.8849491923617165,0.0,-1.945257774202184,4.496556105601924,0.0,-5.009979129451652,0.2614806012965945,4
676762,-0.4149180138957635,0.1820481643393343,0.5,1.0,1.0,0.0,1.0,0.1694816048141706,0.4368292053736752,0.0,0.4308838440812761,0.0,0.0,0.4641630654510255,0.0,0.0,0.4223469229440009,0.8458408437522615,5
677209,-0.5313019822526647,-1.0378395182527564,-1.0,-0.5,-0.5,0.0,0.0,-1.0654568244033888,-0.658683161076804,0.0,-0.3378778341536493,0.0,0.0,0.4641630654510255,0.0,0.0,-1.279624549552686,-1.941952831070624,0
677842,-0.8205073882681803,-1.9057373490655,-1.5,-1.0,-1.0,0.0,0.0,-5.01837906474446,-0.658683161076804,-3.801784016923932,-1.7312471447788258,-5.8849491923617165,0.0,-1.945257774202184,0.0,0.0,,,1
677896,-0.101517756375332,-0.6123631726854253,-0.5,-0.5,0.0,1.5,0.0,-0.4547815074426213,-0.658683161076804,-1.577882931182386,0.4308838440812761,0.0,0.0,-0.5358369345489745,0.0,1.8170594925112875,-0.3304723596700958,-1.02754910818001,2
678536,1.1495437385660767,0.3205839652723227,-1.0,-1.0,-0.5,0.0,0.0,-1.65726747168621,-0.658683161076804,-3.801784016923932,1.9346096322583015,0.0,0.0,-1.945257774202184,0.0,3.10628371950539,-0.2917432094562844,-5.846818380501243,3
678547,1.2310829129263403,0.4083366568994223,-0.5,-0.5,-0.5,0.0,2.0,-0.4970162361072746,0.1350614931535953,-1.577882931182386,1.3100019998680503,3.4424745961808574,0.0,-1.945257774202184,2.6303167041658844,1.8170594925112875,0.7118038575141891,-1.0539117776110347,2
678888,-0.9060011884215078,-0.7292238865448002,-0.5,0.0,0.0,0.0,0.0,0.0,0.69823228777992,2.2239010857415447,-0.5691161559187239,3.4424745961808574,0.0,0.4641630654510255,0.0,0.0,-0.2024289777019014,0.3954763259004322,6
679040,-1.4334567155544502,-0.0879858281037825,0.0,0.0,0.5,0.0,2.6666666666666665,0.4771259207448817,-0.0955123664504794,-1.0,-0.4872619880436798,0.0,0.0,-0.1695975135107168,0.0,1.2892242269941023,-0.4225274096506641,-0.4184308878113675,2
679047,-0.0267659328131899,-0.4373685033222146,-0.5,-0.5,0.0,1.5,0.0,0.0909566770942003,0.1350614931535953,-1.577882931182386,0.5412403216331251,0.0,0.0,-0.5358369345489745,0.0,1.8170594925112875,-0.0271951548562296,-1.7779997589414251,2
679066,0.5779753101425147,0.0342356026297282,0.0,0.5,0.5,0.0,0.0,-0.0132002449729417,0.341316838923196,0.8454879529219202,0.3918561677430946,1.3087681003312956,0.0,0.4641630654510255,0.0,0.0,0.3395925775913636,0.006850914174795,6
679442,0.6151720039853669,-0.0879858281037825,-1.0,-0.5,-0.5,0.0,0.0,-0.7059656443572273,0.69823228777992,2.2239010857415447,-0.8521289889920516,3.4424745961808574,0.0,0.4641630654510255,0.0,0.0,-0.9826846451162102,-0.8944693787200839,6
679611,-1.4574349784892098,-0.2752294817283874,1.0,1.0,1.5,0.6000000000000001,0.0,0.5938109293077358,0.2614030824062447,-0.5778829311823854,-0.1066395123885741,0.0,0.0,0.0979236444127681,0.0,0.8170594925112873,0.3656925257976317,0.2518176167926192,5
679831,-0.8500081276955422,1.6563096498885643,-1.0,0.0,0.0,3.0,2.0,-1.1131638141497602,0.69823228777992,0.0,0.0269891667947226,0.0,1.0986122886681096,1.8735839051042344,0.0,0.0,-1.039053418473714,0.2145128259389021,0
680424,-0.0057016973956241,-0.3346452313910828,0.0,0.0,0.5,0.0,0.0,0.0909566770942003,-0.658683161076804,-1.0,0.222498382100976,0.0,0.0,-0.1695975135107168,0.0,1.2892242269941023,0.2349706874311327,-0.7896920342038773,2
680735,-1.1422605445110343,-0.658368006199544,0.0,0.5,0.5,0.0,0.0,0.5426612875461472,0.69823228777992,1.577882931182386,-0.6566197736857983,2.4424745961808583,0.0,0.4641630654510255,0.0,0.0,0.1082633925148791,0.4430762632134051,6
681050,-0.6476343250674322,-1.3013753161468835,-0.5,0.0,-0.5,0.0,0.0,-1.275008204445934,0.1350614931535953,1.223901085741545,0.5412403216331251,0.0,0.0,-0.5358369345489745,2.6303167041658844,0.0,-0.8200919281761833,0.0961136804633197,0
681581,-1.4539896287891882,-0.4164379946042029,0.0,0.5,0.5,0.0,0.0,0.6358251558002266,0.69823228777992,0.0,0.0269891667947226,0.0,0.0,0.4641630654510255,0.0,0.0,0.6379602189646483,0.0679113246258404,5
681720,-0.2832965332221107,0.4083366568994223,0.5,1.0,0.0,0.0,1.0,0.2750488725929357,-0.2218539557031286,0.0,-0.8521289889920516,0.0,0.0,-0.5358369345489745,2.6303167041658844,0.0,-0.4206270177295074,0.2126005581603922,5
682005,-0.4958299315963542,-0.9301034129840848,-0.5,-1.0,0.0,1.5,0.0,-0.7964257605994532,-0.658683161076804,-3.801784016923932,0.4308838440812761,1.8945304820059297,0.0,-1.945257774202184,0.0,3.10628371950539,-0.1831021687222448,-5.846818380501243,3
682247,-0.6205181157096885,-0.3346452313910828,0.0,0.5,0.5,0.0,0.0,-0.0776927918335968,0.341316838923196,1.577882931182386,0.4687463394429643,2.4424745961808583,0.0,0.4641630654510255,0.0,0.0,1.0714429827033884,-1.1819118800696744,6
683014,-0.2436797855732951,-0.6352457830218333,0.0,0.0,0.5,0.0,0.0,0.340187730055233,-0.0955123664504794,0.0,0.5412403216331251,1.3087681003312956,0.0,-0.1695975135107168,0.0,1.2892242269941023,0.684514672911535,0.078054021375711,2
683663,-0.921417834939048,-1.67308530127459,-1.0,-1.0,-0.5,0.0,0.0,-1.1812896617668194,-0.658683161076804,-3.801784016923932,0.0269891667947226,3.4424745961808574,0.0,-1.945257774202184,0.0,3.10628371950539,-0.616102195601344,-5.846818380501243,3
683976,2.2166194324213904,0.5606834135017086,-1.0,-1.0,-0.5,0.0,0.0,-1.6117105173101978,-0.658683161076804,-3.801784016923932,0.5412403216331251,0.0,0.0,-1.945257774202184,0.0,3.10628371950539,-1.1004134292804029,-5.846818380501243,3
683978,0.467729884050267,0.6004710149305419,0.0,0.5,0.5,0.0,0.0,0.0630667133623977,0.341316838923196,0.0,-0.2042491549703521,0.0,0.0,0.4641630654510255,0.0,0.0,-0.1592010186202249,-0.1993799331902726,5
684510,-0.3074978083914555,-0.4798342762580817,0.0,-0.5,0.5,0.0,0.0,0.299878614833185,-0.658683161076804,-2.223901085741545,0.60981374613042,2.4424745961808583,0.0,-0.9452577742021836,0.0,2.2892242269941026,1.216848980140595,-2.7412655511214106,2
684521,-0.360628370667163,-0.9301034129840848,-0.5,-0.5,0.0,0.0,2.0,0.2129689852014099,-0.658683161076804,-1.577882931182386,0.0269891667947226,1.8945304820059297,0.0,-0.5358369345489745,0.0,1.8170594925112875,0.7271813162751082,-0.779534188477285,2
684543,0.9174829053957564,-0.2173706571356206,-0.5,-0.5,0.0,0.0,2.0,0.1712648825262825,-0.658683161076804,-1.577882931182386,0.4308838440812761,0.0,0.0,-0.5358369345489745,0.0,1.8170594925112875,-0.059756567561186,-0.6071246197136659,2
684764,-0.8196470941300706,-1.209990462642304,-1.0,-0.5,-0.5,3.0,0.0,-0.3795954965351481,-0.658683161076804,0.0,-0.8521289889920516,0.0,0.0,0.4641630654510255,0.0,0.0,-1.1926500320084827,-1.0228503575204382,0
684806,-0.0152453915759639,-0.2752294817283874,0.5,1.0,1.0,0.0,0.0,0.0021800747076538,-0.658683161076804,1.223901085741545,0.1763733206847534,1.8945304820059297,0.0,0.4641630654510255,0.0,0.0,-0.0277202496837168,0.6074971035783095,6
685594,-0.1849611414563101,-0.8024290039733696,-1.0,-0.5,-0.5,0.0,4.0,-0.1244474698007082,-0.658683161076804,0.0,0.3100019998680502,0.0,0.0,0.4641630654510255,0.0,0.0,-0.058547329909934,-1.1075652525808757,0
685604,-1.1207320722741068,-1.4294200030383808,-1.0,-0.5,-0.5,0.0,0.0,0.0108444019977208,0.69823228777992,0.0,0.7367495369393785,0.0,0.0,0.4641630654510255,0.0,0.0,0.3695537651289711,-0.6504832900537141,0
685958,0.9852252273702672,-0.160989241751724,-1.5,-1.0,-1.0,0.0,0.0,-5.01837906474446,-0.658683161076804,-3.801784016923932,-1.7312471447788258,-5.8849491923617165,0.0,-1.945257774202184,0.0,0.0,,,1
686165,-0.7897963542653952,0.9295642475225216,1.0,1.5,1.5,0.6000000000000001,0.0,0.427359243645891,0.0,0.0,-0.1066395123885741,0.0,0.0,0.4641630654510255,0.0,0.0,0.1206723894822329,0.565636486562586,5
686408,-1.38562183690435,-0.1796235475848035,0.5,0.0,1.0,0.0,1.0,0.116053100971645,-0.658683161076804,-1.577882931182386,1.2808444076121075,1.0,0.0,-0.5358369345489745,0.0,1.8170594925112875,0.969372867669408,-0.3770850871161397,2
686445,-0.0561782882445115,-0.2557742709686207,-1.0,-1.0,-0.5,0.0,0.0,-0.5332193493887077,-0.658683161076804,-3.801784016923932,0.5412403216331251,0.0,0.0,-1.945257774202184,0.0,3.10628371950539,-0.2058163204744874,-5.846818380501243,3
686509,-0.1128047126489765,0.6004710149305419,-0.5,0.5,0.0,2.0,1.3333333333333333,-1.0350896314257456,-0.0955123664504794,0.0,-0.8521289889920516,0.0,0.6931471805599453,0.4641630654510255,2.6303167041658844,0.0,-1.7320666263651672,1.061629994197269,0
686915,0.6972198960361199,-0.4373685033222146,-1.5,-1.0,-1.0,0.0,0.0,-5.01837906474446,-0.658683161076804,-3.801784016923932,-1.7312471447788258,-5.8849491923617165,0.0,-1.945257774202184,0.0,0.0,,,1
686920,-1.6618911095517823,-1.4963388252848984,-0.5,0.0,0.0,1.5,0.0,0.1641090144261154,0.69823228777992,0.0,0.5412403216331251,0.0,0.0,0.4641630654510255,0.0,0.0,0.3606105497520271,-0.176092460807228,0
688312,0.6448310153224737,-0.160989241751724,-1.5,-1.0,-1.0,0.0,0.0,-5.01837906474446,-0.658683161076804,-3.801784016923932,-1.7312471447788258,-5.8849491923617165,0.0,-1.945257774202184,0.0,0.0,,,1
688600,-1.178731583994021,-1.462625924074788,-0.5,-0.5,0.0,0.0,0.0,0.5448709250324022,0.1350614931535953,0.0,0.4308838440812761,1.8945304820059297,0.0,-0.5358369345489745,0.0,1.8170594925112875,1.0463635469031778,-0.4301937434067676,2
689037,1.1942717047928937,0.5064929114075749,0.0,0.5,0.0,0.0,1.3333333333333333,0.2766223527970877,-0.658683161076804,0.0,-0.1423686188473956,0.0,0.0,-0.1695975135107168,1.8662394014360388,0.0,0.0604554234402467,0.256479637129673,5
689374,0.6132537866983527,-0.2752294817283874,-1.0,-0.5,-0.5,0.0,0.0,-1.2554120094935366,-0.658683161076804,0.0,0.0269891667947226,0.0,0.0,0.4641630654510255,0.0,0.0,-1.15694297514093,-0.2943510909817831,0
689456,-0.7686102913631316,-0.8273801410529529,-1.0,-1.0,-0.5,3.0,0.0,-0.3232909678166239,-0.658683161076804,-3.801784016923932,1.521876595833502,0.0,0.0,-1.945257774202184,0.0,3.10628371950539,0.5742665652814171,-5.846818380501243,3
689624,0.013609853672604,0.0511563914573724,0.0,0.5,0.0,0.0,1.3333333333333333,-0.0995167042849277,0.341316838923196,0.0,1.055491476471528,0.0,0.0,-0.1695975135107168,1.8662394014360388,0.0,0.4411120592938856,0.3184258471740161,5
689984,0.5779753101425147,-0.3146618177495106,0.0,0.0,0.5,1.0,0.0,0.2396674057973429,-0.0955123664504794,-1.0,0.3918561677430946,0.0,0.0,-0.1695975135107168,0.0,1.2892242269941023,-0.0452753059907008,-0.5262233855200072,2
690420,1.0473246683757471,2.195805278785254,0.5,1.5,1.5,0.6000000000000001,1.6,0.218039803340864,0.0,0.0,-0.5193725488133742,0.0,0.4054651081081644,0.8735839051042346,0.0,0.0,-0.4316378461991791,0.7373618940724905,5
690422,-0.2349947941184108,-0.3957040193861091,0.0,0.5,0.5,0.0,0.0,0.4545213292431272,0.341316838923196,0.0,-0.2042491549703521,0.0,0.0,0.4641630654510255,0.0,0.0,0.1303584970617939,0.2501751741289329,5
691334,-0.1128047126489765,-0.1984164451611818,0.0,0.5,0.5,0.0,0.0,0.2575438380146787,0.341316838923196,0.0,-0.0833673107571263,0.0,0.0,0.4641630654510255,0.0,0.0,0.087668373802714,0.5800383324952393,5
691541,0.4972306234776289,1.2650939780789934,-1.0,0.0,0.0,1.5,2.0,-0.0705419845212851,-0.658683161076804,0.0,1.189120155654825,0.0,1.0986122886681096,1.8735839051042344,0.0,0.0,0.5834651470686166,-1.2948796868391204,2
691546,-1.3732449421243034,0.1011544248762458,1.0,1.5,1.5,0.0,0.8,0.8187701739017137,0.2614030824062447,0.0,-0.4253814519207233,0.0,0.0,0.4641630654510255,0.0,0.0,-0.0594265662763537,0.4311435019799104,5
692211,0.2835154641577846,1.175763283428428,-1.0,0.0,-0.5,1.5,2.0,-5.01837906474446,0.69823228777992,2.2239010857415447,-1.7312471447788258,-5.8849491923617165,1.0986122886681096,0.4641630654510255,4.496556105601924,0.0,-5.009979129451652,1.083623071418565,4
692510,0.701060064480065,-0.2364889768829301,0.0,0.5,0.0,0.0,1.3333333333333333,-0.1397678628496181,0.341316838923196,0.8454879529219202,0.0269891667947226,0.0,0.0,-0.1695975135107168,1.8662394014360388,0.0,-0.2962161963638101,0.8646934209821251,5
693301,1.1932751216487791,1.2455526811947004,-0.5,-0.5,0.0,0.0,0.0,-0.0402378076159011,0.1350614931535953,-1.577882931182386,-0.5691161559187239,0.0,0.0,-0.5358369345489745,0.0,1.8170594925112875,-0.751166022029556,-1.2821651286153637,2
693729,0.3162108245122368,-0.3548111444861987,-0.5,0.0,0.0,0.0,0.0,-0.1219209359602892,0.69823228777992,0.0,-0.5691161559187239,0.0,0.0,0.4641630654510255,0.0,0.0,-0.6656964159530562,-0.6627029420446615,0
693765,-0.6286095976474712,0.5201657237419183,0.5,1.0,1.0,0.0,0.0,0.1712648825262825,0.4368292053736752,0.0,-0.2363597157400465,0.0,0.0,0.4641630654510255,0.0,0.0,0.0056097890975071,0.2459371709279191,5
694265,-1.56037335317645,-0.3957040193861091,-1.0,0.0,-0.5,1.5,2.0,-5.01837906474446,1.491976942010319,3.801784016923932,-1.7312471447788258,-5.8849491923617165,1.0986122886681096,0.4641630654510255,4.496556105601924,0.0,-5.009979129451652,0.8297824436869022,4
695011,-0.7662718088483416,-0.9565486648353788,-0.5,0.0,-0.5,0.0,0.0,-1.7054290599893127,0.69823228777992,0.0,0.0269891667947226,0.0,0.0,-0.5358369345489745,2.6303167041658844,0.0,-1.5310590705809537,-0.0303462493292975,0
695094,-0.1545389239780106,-0.6123631726854253,-1.0,-0.5,-0.5,0.0,0.0,-0.5667600324637047,-0.658683161076804,0.0,-0.3378778341536493,0.0,0.0,0.4641630654510255,0.0,0.0,-0.8678131027307535,-2.930936109537305,0
695132,-0.8500081276955422,-0.6123631726854253,-0.5,0.0,0.0,0.0,2.0,0.3575020051174422,0.1350614931535953,0.0,-1.2169959899404237,0.0,0.0,0.4641630654510255,0.0,0.0,-0.8734821189716298,-0.1381067948364622,0
695307,-0.877162026094303,-0.658368006199544,-0.5,0.0,0.0,0.0,0.0,-1.1131638141497602,0.69823228777992,0.0,-0.3378778341536493,0.0,0.0,0.4641630654510255,0.0,0.0,-1.319069554483768,-0.6296195005937208,0
695557,0.9511217369537464,0.6004710149305419,0.5,1.0,1.0,0.75,1.0,0.4646427531003592,0.4368292053736752,0.6460181545591593,-0.1423686188473956,1.0,0.0,0.4641630654510255,0.0,0.0,0.4593306656188625,0.7706515560926408,5
696475,0.6425670542595154,0.3354537328232688,0.5,0.0,1.0,0.75,0.0,0.5517034877465655,0.1350614931535953,-1.577882931182386,0.5930148329413781,0.0,0.0,-0.5358369345489745,0.0,1.8170594925112875,0.5293640593189006,-0.7645206868399785,2
697072,-0.1921956818600621,1.995533472767274,0.5,1.5,1.5,1.8,1.6,0.8294413143450166,0.0,0.0,-0.1791334945787352,0.0,0.4054651081081644,0.8735839051042346,0.0,0.0,0.4329697962972156,0.4945324780124413,5
698291,0.1146253967791014,-0.1241858541912811,0.0,0.5,0.5,0.0,0.0,0.0771270845060327,0.341316838923196,0.8454879529219202,0.222498382100976,1.3087681003312956,0.0,0.4641630654510255,0.0,0.0,0.168991666232684,0.1656451168423992,6
698573,0.2502069174732581,-0.0523696989290143,0.0,0.5,0.5,2.0,0.0,0.4979318767155203,-0.658683161076804,0.8454879529219202,0.3918561677430946,1.3087681003312956,0.0,0.4641630654510255,0.0,0.0,0.7310609116210331,-1.7602461671669247,6
699040,-0.281389847893097,-0.9039711300422292,-1.0,-0.5,-1.0,3.0,4.0,-5.01837906474446,-0.658683161076804,0.0,-1.7312471447788258,-5.8849491923617165,0.0,-1.945257774202184,4.496556105601924,0.0,-5.009979129451652,-1.69441469021398,4
699411,-0.1586837968356152,1.967403765775278,0.5,1.5,1.5,0.6000000000000001,0.8,0.6328124390213116,0.0,0.5227586988632229,-0.8521289889920516,0.8092012510390698,0.4054651081081644,0.8735839051042346,0.0,0.0,-0.474509470597113,0.7151742629747484,5
700028,0.0743236984031695,-0.4798342762580817,-0.5,-0.5,0.0,0.0,0.0,-0.3137339836471855,0.1350614931535953,-1.577882931182386,0.9061073225814968,0.0,0.0,-0.5358369345489745,0.0,1.8170594925112875,0.0898886372641592,-1.6525655697521886,2
700237,-0.6205181157096885,2.057544940206225,0.0,1.0,1.0,0.75,1.0,-0.0402378076159011,0.4368292053736752,0.6460181545591593,-0.4482343117054982,1.0,0.5108256237659907,1.0,0.0,0.0,-0.2300026977975727,0.5267300414393083,5
700289,-0.4200615947087779,-1.2704915660436666,-1.0,-1.0,-0.5,3.0,4.0,-0.5456411724586002,-0.658683161076804,-3.801784016923932,0.3100019998680502,3.4424745961808574,0.0,-1.945257774202184,0.0,3.10628371950539,0.0365496257316959,-5.846818380501243,3
700666,-1.74506711379471,-1.5305744279146267,-1.0,-1.0,-0.5,0.0,0.0,-0.2826382628560088,-0.658683161076804,-3.801784016923932,1.703371310493227,3.4424745961808574,0.0,-1.945257774202184,0.0,3.10628371950539,1.1952204088490868,-5.846818380501243,3
701565,0.4659791917316795,0.5064929114075749,0.0,0.5,0.5,0.0,1.3333333333333333,0.1871467886081523,-0.0955123664504794,0.0,-0.8521289889920516,0.0,0.0,0.4641630654510255,0.0,0.0,-0.5691311768091134,0.2869936932149899,5
702595,0.3389328045232249,0.1011544248762458,0.0,0.5,0.5,0.0,1.3333333333333333,0.1026325923904887,-0.0955123664504794,0.0,-0.3378778341536493,0.0,0.0,0.4641630654510255,0.0,0.0,-0.3925067243625066,0.0091594665208427,5
702877,-0.6367381116681852,-1.2704915660436666,-0.5,0.0,-0.5,0.0,2.0,-0.4510449230288068,0.69823228777992,2.2239010857415447,0.3100019998680502,5.8849491923617165,0.0,-0.5358369345489745,2.6303167041658844,0.0,0.3957114736431033,0.7202477839729252,6
703333,-0.6205181157096885,-0.7533569369943934,-1.0,-0.5,-0.5,3.0,0.0,-1.0276658089132589,-0.658683161076804,0.0,0.3100019998680502,0.0,0.0,0.4641630654510255,0.0,0.0,-0.7692948373155415,-0.3119891199538312,0
704652,1.0599061416260898,0.9854698193237402,0.0,0.5,0.5,0.0,0.0,0.1045629446768353,0.341316838923196,0.8454879529219202,-0.6566197736857983,1.3087681003312956,0.0,0.4641630654510255,0.0,0.0,-0.4041605732496341,0.3189707728765262,6
704870,0.2581006069710115,0.1978772796996186,0.0,0.5,0.5,0.0,0.0,0.7807517671257727,-0.0955123664504794,0.0,0.6748690008164222,0.0,0.0,0.4641630654510255,0.0,0.0,0.862939633186112,-0.0823673965150291,5
705215,-0.099509754789593,-0.2948576299622514,0.5,0.5,0.5,0.75,0.0,0.4845280041120103,0.4368292053736752,0.0,0.5412403216331251,1.3087681003312956,0.0,-0.5358369345489745,1.4475677406305645,1.0,0.8301914800212404,0.0304330635976414,5
705310,-0.3375321126419502,0.0342356026297282,-0.5,0.0,0.0,1.5,0.0,-0.5710480743108943,0.1350614931535953,1.223901085741545,-0.8521289889920516,1.8945304820059297,0.0,0.4641630654510255,0.0,0.0,-1.076166634123458,0.3765757403149667,6
705984,-0.3082715296902974,-0.983314472996574,-1.5,-1.0,-1.0,0.0,0.0,-5.01837906474446,-0.658683161076804,-3.801784016923932,-1.7312471447788258,-5.8849491923617165,0.0,-1.945257774202184,0.0,0.0,,,1
707260,-0.2436797855732951,0.2905406156119291,0.0,0.5,0.5,0.0,0.0,0.299878614833185,-0.0955123664504794,0.0,-0.4872619880436798,0.0,0.0,0.4641630654510255,0.0,0.0,-0.6347594921326994,0.2363069192157565,5
707402,0.5706512700177425,0.0511563914573724,-1.5,-1.0,-1.0,0.0,0.0,-5.01837906474446,-0.658683161076804,-3.801784016923932,-1.7312471447788258,-5.8849491923617165,0.0,-1.945257774202184,0.0,0.0,,,1
707525,1.05152840338768,0.4083366568994223,0.0,0.5,0.5,0.0,0.0,0.5099349059643051,0.69823228777992,1.577882931182386,0.852128988992052,1.3087681003312956,0.0,0.4641630654510255,0.0,0.0,0.7683745819688027,-0.1676181822427517,6
708887,-0.3467346058380727,-1.3013753161468835,-0.5,-1.0,0.0,0.0,0.0,0.3855912196453804,-0.658683161076804,-3.801784016923932,1.521876595833502,0.0,0.0,-1.945257774202184,0.0,3.10628371950539,1.128151387215007,-5.846818380501243,3
709630,-0.4659791917316795,1.556300763224698,-1.0,0.0,-0.5,1.5,2.0,-5.01837906474446,0.69823228777992,2.2239010857415447,-1.7312471447788258,-5.8849491923617165,1.0986122886681096,0.4641630654510255,4.496556105601924,0.0,-5.009979129451652,0.6238991139046274,4
710489,-0.1176640240616086,-0.4164379946042029,0.0,0.5,0.0,0.0,0.0,0.1550778625404477,0.341316838923196,0.8454879529219202,-0.3378778341536493,1.8945304820059297,0.0,-0.1695975135107168,1.8662394014360388,0.0,-0.0710710953738774,-0.4187395280072886,6
710523,0.2314603663186226,-0.8273801410529529,-1.5,-1.0,-1.0,0.0,0.0,-5.01837906474446,-0.658683161076804,-3.801784016923932,-1.7312471447788258,-5.8849491923617165,0.0,-1.945257774202184,0.0,0.0,,,1
711391,0.4054049905452702,0.4083366568994223,0.5,1.0,1.0,0.0,0.0,0.8558824461149064,0.4368292053736752,0.0,-0.8521289889920516,0.0,0.0,0.4641630654510255,0.0,0.0,-0.3578893086947702,0.4211088551499636,5
713557,0.9370709492320692,0.0342356026297282,-0.5,0.0,0.0,0.0,0.0,-0.1685998590832503,0.69823228777992,1.223901085741545,0.1763733206847534,1.8945304820059297,0.0,0.4641630654510255,0.0,0.0,-0.1700804210159438,0.0581425835477528,6
714166,-0.2177511905783598,-0.8526164401574539,-1.0,-0.5,-0.5,0.0,0.0,-0.8020618913427774,-0.658683161076804,0.0,0.3100019998680502,0.0,0.0,0.4641630654510255,0.0,0.0,-0.5825639568979774,-1.4434976721148776,0
714420,0.9266766235285108,0.6906121893614907,-0.5,0.0,0.0,1.5,2.0,0.1404236078806186,0.69823228777992,1.223901085741545,-0.1423686188473956,1.8945304820059297,0.0,0.4641630654510255,0.0,0.0,0.1046705900211192,-0.6835397887442264,6
714504,0.2176052216271058,-0.2752294817283874,-0.5,0.0,0.0,0.0,2.0,-0.3727728001125515,0.69823228777992,0.0,-0.1423686188473956,0.0,0.0,0.4641630654510255,0.0,0.0,-0.5381792397950713,-0.172979114799945,0
714565,0.50524387619024,0.7405160565023101,1.5,2.0,2.0,0.4999999999999998,0.0,0.6798860276024287,-0.0955123664504794,0.0,-0.0269891667947223,0.0,0.0,0.4641630654510255,0.0,0.0,0.3597098511799656,0.5930705436238831,5
715059,0.3613677623682557,0.0,0.0,0.5,0.5,0.0,1.3333333333333333,0.3195275397461404,-0.0955123664504794,0.0,-0.6566197736857983,0.0,0.0,0.4641630654510255,0.0,0.0,-0.5279453528874375,0.0880207263429162,5
716337,-0.0361471299004714,-0.5451046085908845,-0.5,-0.5,0.0,0.0,0.0,-0.1346300517816637,-0.658683161076804,-1.577882931182386,0.7367495369393785,0.0,0.0,-0.5358369345489745,0.0,1.8170594925112875,-0.0616295472765821,-0.5141868227629199,2
716801,-0.6269883495080566,-0.5451046085908845,-0.5,0.0,0.5,2.0,1.3333333333333333,0.4154448493136884,0.341316838923196,0.8454879529219202,0.4687463394429643,0.0,0.6931471805599453,0.4641630654510255,0.0,1.8170594925112875,0.650599540408906,-0.3266149630595744,5
717149,0.5251202474932806,-0.3146618177495106,-1.0,-0.5,-0.5,3.0,0.0,-1.3474231586715868,0.69823228777992,0.0,-1.7312471447788258,0.0,0.0,0.4641630654510255,0.0,0.0,-5.009979129451652,-0.5780904748420527,0
717546,-0.1504037015898025,-0.3751629211508731,-0.5,0.0,0.0,1.5,0.0,-0.508911940572132,0.1350614931535953,0.0,-0.1423686188473956,0.0,0.0,0.4641630654510255,0.0,0.0,-0.6235049814310731,-1.2484189582972234,0
720819,0.1615729023338499,-0.5451046085908845,-1.0,-0.5,-0.5,0.0,4.0,-1.998911724843042,-0.658683161076804,0.0,0.9061073225814968,0.0,0.0,0.4641630654510255,0.0,0.0,-1.2653926036848815,-1.2954135951621175,0
720860,0.2243074077441219,0.4649590448526473,0.5,1.0,1.0,0.0,0.0,0.4404028230702462,0.4368292053736752,1.223901085741545,-0.1423686188473956,1.8945304820059297,0.0,0.4641630654510255,0.0,0.0,0.3414457306406873,0.5844846771988819,6
721496,-1.9062538704126333,-0.4164379946042029,-0.5,-0.5,0.0,1.5,2.0,-0.2918470802486814,-0.658683161076804,-1.577882931182386,1.055491476471528,0.0,0.0,-0.5358369345489745,0.0,1.8170594925112875,0.3502116555651632,-2.325544949554719,2
721552,0.0732835360229839,-0.6352457830218333,-1.0,-0.5,-0.5,0.0,0.0,-0.4737170999272641,1.491976942010319,0.0,-0.3378778341536493,0.0,0.0,0.4641630654510255,0.0,0.0,-0.7910621575468569,-2.077133449346995,0
721570,0.3641523104380834,1.1554115067637536,-0.5,0.0,0.0,1.0,1.3333333333333333,-1.380470468996392,-0.658683161076804,-1.0,1.9346096322583015,0.0,0.6931471805599453,-0.5358369345489745,2.6303167041658844,1.8170594925112875,-0.0605271818829305,0.5623153984716893,2
722828,0.2409530517349827,-0.3751629211508731,-0.5,-0.5,0.0,0.0,0.0,-0.73157851013244,0.1350614931535953,-1.577882931182386,-0.1423686188473956,1.8945304820059297,0.0,-0.5358369345489745,0.0,1.8170594925112875,-0.4460839455183202,-1.2291588809827505,2
722939,0.2681983567992341,-0.4798342762580817,-1.0,-0.5,-0.5,0.0,0.0,-0.6762237894947197,0.69823228777992,0.0,-0.8521289889920516,0.0,0.0,0.4641630654510255,0.0,0.0,-1.4367501925763484,-1.700337872660213,0
724581,-1.1713772164944602,0.1661047583479931,1.0,1.5,0.0,0.0,2.4,-0.6909634960489951,0.2614030824062447,1.0,-0.1423686188473956,1.8945304820059297,0.0,-0.7756602606914664,3.048988364971359,0.0,-0.5494576807714127,1.2242049531322785,5
725357,-0.5481996385258432,-1.3644696695666334,-1.5,-1.0,-1.0,0.0,0.0,-5.01837906474446,-0.658683161076804,-3.801784016923932,-1.7312471447788258,-5.8849491923617165,0.0,-1.945257774202184,0.0,0.0,,,1
726953,-0.7459403677042734,0.0679485038398385,0.5,1.0,0.5,0.75,0.0,0.5460934650186225,-0.2218539557031286,0.0,-0.2042491549703521,0.0,0.0,0.0,1.4475677406305645,0.0,0.1529866235898387,0.6985253350961285,5
727886,-2.705845611425976,2.4826710356123227,0.5,2.0,2.0,1.5,1.3333333333333333,1.1788583910060173,-0.0955123664504794,0.8454879529219202,0.7061866266408084,0.0,0.6931471805599453,1.2398233261424922,0.0,0.0,1.6206646893001797,1.0966945688838492,5
728820,0.2102034873504153,1.1858692605047223,-0.5,0.0,0.0,2.0,1.3333333333333333,-1.217536041802452,-0.658683161076804,-1.0,0.5412403216331251,0.0,0.6931471805599453,-0.5358369345489745,2.6303167041658844,1.8170594925112875,-0.7723629294299812,-1.560435456375543,2
730639,0.3187498917258005,-0.1425108733599631,-0.5,-1.0,0.0,0.0,4.0,0.7047071071832879,-0.658683161076804,-3.801784016923932,1.055491476471528,1.8945304820059297,0.0,-1.945257774202184,0.0,3.10628371950539,1.468028450851765,-5.846818380501243,3
732729,-0.8076465267618362,0.7031942868616717,1.0,0.5,1.5,1.2000000000000002,0.8,0.6410129748401372,-0.658683161076804,-1.2239010857415449,0.2582274885597975,1.5479441141749286,0.0,-0.311497195240441,0.0,1.5078734502500786,0.8974552262004519,-0.2563817843097652,2
733654,0.393281549524254,1.581730819371999,-1.0,0.0,0.0,1.5,2.0,0.2095714063863997,1.491976942010319,2.2239010857415447,1.189120155654825,0.0,1.0986122886681096,1.8735839051042344,0.0,0.0,0.8144670302530362,-0.8597529541408869,5
734565,0.6583545112184155,0.2753642525262495,-0.5,0.0,0.0,1.5,0.0,-0.2438569783417058,0.1350614931535953,0.0,-0.1423686188473956,0.0,0.0,0.4641630654510255,0.0,0.0,-0.45380979354181,0.8719237987276979,0
735029,-0.8347627361195791,-0.0173189290703666,0.0,0.5,0.0,1.0,0.0,-0.3105722598456124,-0.658683161076804,1.577882931182386,-0.1423686188473956,3.4424745961808574,0.0,-0.1695975135107168,1.8662394014360388,0.0,0.2544740559153546,0.289528519958488,6
736075,0.0,2.0094650782032173,0.0,1.0,1.0,1.5,1.0,0.3631952592399601,0.69823228777992,0.0,-0.8521289889920516,0.0,0.5108256237659907,1.0,0.0,0.0,-0.6912062939612063,0.6275111488724272,5
736833,0.0494010338794891,-0.5672972791819948,-1.0,-0.5,-1.0,0.0,0.0,-5.01837906474446,0.69823228777992,2.2239010857415447,-1.7312471447788258,-5.8849491923617165,0.0,-1.945257774202184,4.496556105601924,0.0,-5.009979129451652,-0.8614062240822771,4
739139,-0.2922215631259194,-1.71019797549943,-1.5,-1.0,-1.0,0.0,0.0,-5.01837906474446,-0.658683161076804,-3.801784016923932,-1.7312471447788258,-5.8849491923617165,0.0,-1.945257774202184,0.0,0.0,,,1
739518,-0.3292904402501106,-0.3548111444861987,0.0,0.5,0.0,0.0,1.3333333333333333,0.3090043185233017,-0.0955123664504794,0.0,0.4308838440812761,0.0,0.0,-0.1695975135107168,1.8662394014360388,0.0,0.4039623046474803,0.3734977665876676,5
739734,-0.7999744750334423,-1.462625924074788,-1.0,-1.0,-0.5,0.0,0.0,-1.8108913245397704,-0.658683161076804,-3.801784016923932,0.0269891667947226,3.4424745961808574,0.0,-1.945257774202184,0.0,3.10628371950539,-1.1410631737840549,-5.846818380501243,3
741190,0.3337512998940843,-0.5451046085908845,-1.5,-1.0,-1.0,0.0,0.0,-5.01837906474446,-0.658683161076804,-3.801784016923932,-1.7312471447788258,-5.8849491923617165,0.0,-1.945257774202184,0.0,0.0,,,1
741773,-0.6720022194229215,-1.2704915660436666,-1.0,-0.5,-0.5,0.0,0.0,-1.358295546998446,-0.658683161076804,0.0,0.3100019998680502,0.0,0.0,0.4641630654510255,0.0,0.0,-1.043585380270807,-1.5143396822673467,0
741902,0.152640391233466,-0.5451046085908845,-1.0,-0.5,-0.5,0.0,0.0,-0.279590887366316,0.69823228777992,0.0,-0.8521289889920516,0.0,0.0,0.4641630654510255,0.0,0.0,-1.110354641666316,-0.6669792334756353,0
742639,0.527941657480414,-0.2557742709686207,-0.5,-0.5,0.0,1.5,2.0,-1.3260904140595566,0.1350614931535953,0.0,-0.3378778341536493,1.8945304820059297,0.0,-0.5358369345489745,0.0,1.8170594925112875,-1.1909609016078475,-0.4000851426634647,0
743151,0.6504783244155593,-0.1425108733599631,-1.5,-1.0,-1.0,0.0,0.0,-5.01837906474446,-0.658683161076804,-3.801784016923932,-1.7312471447788258,-5.8849491923617165,0.0,-1.945257774202184,0.0,0.0,,,1
745292,0.3740616380595447,-0.3957040193861091,-1.0,-0.5,-0.5,0.0,0.0,-1.236261221399383,0.69823228777992,0.0,0.5412403216331251,0.0,0.0,0.4641630654510255,0.0,0.0,-0.7879103899086184,-0.5526566261546241,0
746934,-0.2877534419935543,-1.6006803839406132,-1.5,-1.0,-1.0,0.0,0.0,-5.01837906474446,-0.658683161076804,-3.801784016923932,-1.7312471447788258,-5.8849491923617165,0.0,-1.945257774202184,0.0,0.0,,,1
748759,-0.2928607847320285,-1.332697148215006,-1.5,-1.0,-1.0,0.0,0.0,-5.01837906474446,-0.658683161076804,-3.801784016923932,-1.7312471447788258,-5.8849491923617165,0.0,-1.945257774202184,0.0,0.0,,,1
750982,0.553134664470053,1.2650939780789934,0.5,1.0,1.0,0.0,0.0,0.0279102695096463,0.4368292053736752,0.0,-1.02148677463417,0.0,0.0,0.4641630654510255,0.0,0.0,-1.1358497079708638,0.3526296103202339,5
751545,0.4822522643345849,0.1820481643393343,0.0,-0.5,0.5,0.0,1.3333333333333333,0.3910984183645553,-0.658683161076804,-2.223901085741545,0.60981374613042,2.4424745961808583,0.0,-0.9452577742021836,0.0,2.2892242269941026,0.7868239163955193,-0.5444069066263793,2
752933,-0.099509754789593,1.103695978225202,-0.5,-0.5,0.5,1.0,4.0,0.3445497677753842,-0.658683161076804,-3.801784016923932,0.5412403216331251,3.4424745961808574,0.6931471805599453,-0.5358369345489745,0.0,3.10628371950539,1.009209463796975,-5.846818380501243,3
756030,-0.1128047126489765,0.4649590448526473,0.0,0.5,0.5,1.0,0.0,0.7363942412860486,-0.0955123664504794,0.0,-0.4872619880436798,0.0,0.0,0.4641630654510255,0.0,0.0,0.0335747380069232,-0.1846294304098303,5
756434,0.798096816318121,-0.1796235475848035,-0.5,-0.5,0.0,0.0,0.0,-0.2826382628560088,-0.658683161076804,-1.577882931182386,-0.3378778341536493,1.8945304820059297,0.0,-0.5358369345489745,0.0,1.8170594925112875,-0.141027142382333,-0.8256361113213333,2
757930,0.7944610377436472,0.8013505413698264,0.5,0.5,0.5,0.75,0.0,0.3546408872428757,-0.2218539557031286,-0.7323949782604657,0.3100019998680502,0.0,0.0,-0.5358369345489745,1.4475677406305645,1.0,0.320465590981326,-0.1412438432587012,5
760304,0.0494010338794891,-0.1060116599355281,-0.5,0.0,0.0,1.5,0.0,-0.4074525263263,0.69823228777992,0.0,0.1763733206847534,0.0,0.0,0.4641630654510255,0.0,0.0,-0.2742842501193885,-0.3672169397835393,0
760793,0.0494010338794891,-0.3146618177495106,0.0,0.0,0.5,1.0,0.0,0.2607537405803148,-0.0955123664504794,-1.0,0.4687463394429643,0.0,0.0,-0.1695975135107168,0.0,1.2892242269941023,0.4594347466287483,-0.117290163215923,2
763129,1.44330811616199,2.34389330284882,-0.5,-0.5,0.5,2.0,4.0,0.1006978076036124,-0.658683161076804,-3.801784016923932,0.852128988992052,0.0,0.6931471805599453,-0.5358369345489745,0.0,3.10628371950539,0.45755889392411,-5.846818380501243,3
763792,-0.0500336526620991,-0.7777566563817965,-1.0,-1.0,-0.5,0.0,0.0,-1.275008204445934,-0.658683161076804,-3.801784016923932,0.5412403216331251,0.0,0.0,-1.945257774202184,0.0,3.10628371950539,-0.8200919281761833,-5.846818380501243,3
765745,-0.899691848879138,-0.4584993070321419,-0.5,-0.5,-0.5,1.5,2.0,-0.8914670639967899,-0.658683161076804,-1.577882931182386,0.0269891667947226,0.0,0.0,-1.945257774202184,2.6303167041658844,1.8170594925112875,-0.8555713880292194,-0.6293372089480685,2
767426,-0.4221232051705569,-0.8273801410529529,0.5,0.0,0.5,0.75,0.0,0.4519718616265066,-0.2218539557031286,0.0,0.1285072852083251,0.0,0.0,-1.169597513510717,1.4475677406305645,1.8170594925112875,0.5197023152236183,0.1581062353264129,2
768291,-0.4125227644249719,-0.5013773948113078,-0.5,0.0,0.0,1.5,0.0,-0.3592909380231978,1.1350614931535954,2.2239010857415447,0.6427584400467276,1.8945304820059297,0.0,0.4641630654510255,0.0,0.0,0.5550418196380594,0.0252777551685078,6
770252,0.3532989021598062,1.0826657989148842,-1.0,0.0,-0.5,1.5,2.0,-5.01837906474446,-0.658683161076804,0.0,-1.7312471447788258,-5.8849491923617165,1.0986122886681096,0.4641630654510255,4.496556105601924,0.0,-5.009979129451652,0.1632633956234842,4
774666,0.2867476346829352,-0.4584993070321419,-0.5,0.0,-0.5,0.0,2.0,-0.9986078119797062,1.1350614931535954,0.0,0.5412403216331251,0.0,0.0,-0.5358369345489745,2.6303167041658844,0.0,-0.5907976648530034,-0.3422885379227069,0
777366,0.5137895729339905,0.084613882090961,-1.0,-0.5,-0.5,0.0,0.0,-0.1712705377199262,-0.658683161076804,0.0,-0.3378778341536493,0.0,0.0,0.4641630654510255,0.0,0.0,-0.5416978654824055,-1.839401838797016,0
777846,1.7351842498598076,0.8605538768015021,-0.5,0.0,0.0,0.0,0.0,0.0830818683322752,0.1350614931535953,0.0,0.0269891667947226,0.0,0.0,0.4641630654510255,0.0,0.0,-0.0806429815798246,-1.057882981561584,0
780167,-0.133958424712661,-0.0523696989290143,-0.5,0.0,-0.5,1.5,0.0,-1.050136431354479,-0.658683161076804,1.223901085741545,-0.8521289889920516,3.4424745961808574,0.0,-0.5358369345489745,2.6303167041658844,0.0,-1.2669595821745068,0.1445361776483644,6
785107,1.7291738305420796,1.103695978225202,0.5,0.5,1.0,0.75,1.0,0.7746805222986957,0.4368292053736752,-0.7323949782604657,-0.5691161559187239,0.0,0.0,0.0,0.0,1.0,-0.3107979096084605,-0.0872967286178511,5
785186,1.314482140598632,0.6779579877571728,-0.5,0.0,0.0,0.0,0.0,-0.2351553684312932,-0.658683161076804,0.0,-1.2169959899404237,0.0,0.0,0.4641630654510255,0.0,0.0,-1.390248680883211,-0.8394613067048796,0
792549,0.0075739015134857,-0.2364889768829301,0.5,1.0,-0.5,0.0,0.0,-1.9758253929082488,0.1350614931535953,0.0,0.3100019998680502,0.0,0.0,-1.169597513510717,3.630316704165885,0.0,-1.5591732331720751,0.079096132483323,0
796032,-1.348746936987948,0.3354537328232688,0.0,1.0,0.5,1.5,1.0,0.0194205412200212,0.9288061473839948,1.223901085741545,0.1763733206847534,0.0,0.5108256237659907,0.4641630654510255,1.8662394014360388,0.0,-0.0588769129090377,1.2129148485898644,5
801660,-0.7546253591591585,-0.2173706571356206,0.0,0.5,0.5,1.0,0.0,0.1045629446768353,-0.0955123664504794,0.0,-0.3378778341536493,0.0,0.0,0.4641630654510255,0.0,0.0,-0.3144024008580462,-0.7597935694247882,0
811077,0.0779594769776433,-0.4164379946042029,-1.0,-0.5,-0.5,0.0,0.0,-0.8366940976961261,-0.658683161076804,0.0,0.7367495369393785,0.0,0.0,0.4641630654510255,0.0,0.0,-0.3304723596700958,-0.4179901668774718,0
844489,0.4463538294688602,-0.5451046085908845,-1.5,-1.0,-1.0,0.0,0.0,-5.01837906474446,-0.658683161076804,-3.801784016923932,-1.7312471447788258,-5.8849491923617165,0.0,-1.945257774202184,0.0,0.0,,,1
